2 0.610306 0.0676307 0.596644 0.0731966 0.610812 0.0812925
2 0.706444 0.139481 0.693795 0.150107 0.70189 0.157191
2 0.365912 0.0104538 0.348203 0.0114658 0.354781 0.0246215
2 0.26016 0.0306934 0.252064 0.0317054 0.245993 0.0413192 0.26269 0.0382833
2 0.334541 0.157191 0.325433 0.168323 0.338083 0.172371 0.342637 0.164275
2 0.238909 0.12329 0.229295 0.127338 0.230307 0.138975 0.243969 0.134422
2 0.259654 0.156685 0.245487 0.161239 0.256618 0.171359
2 0.27787 0.381345 0.265726 0.387923 0.270786 0.399055 0.281918 0.393995
2 0.447883 0.491651 0.441305 0.505819 0.453955 0.506831 0.454461 0.498735
2 0.620426 0.44763 0.609294 0.4451 0.60727 0.456738 0.618402 0.459268
2 0.216139 0.528588 0.202983 0.545286 0.206525 0.565526 0.219175 0.5802 0.232837 0.568562 0.226765 0.554394 0.226765 0.534154
2 0.235367 0.545792 0.241945 0.538708 0.249534 0.53719 0.249028 0.551358 0.242957 0.553888
2 0.281918 0.568056 0.263702 0.566538 0.271292 0.582224 0.284448 0.581212
2 0.202983 0.711251 0.184262 0.704673 0.17819 0.718841 0.197923 0.723395
2 0.244475 0.733515 0.235367 0.734021 0.238909 0.751224 0.249534 0.742623
2 0.306205 0.829147 0.29305 0.830665 0.30317 0.849893 0.313289 0.850399
2 0.467111 0.787656 0.459521 0.786138 0.458509 0.799294 0.464075 0.799294
2 0.334035 0.77956 0.327457 0.7998 0.339095 0.796258
2 0.907323 0.748189 0.894673 0.750213 0.889107 0.75932 0.897709 0.763368 0.903275 0.763368
2 0.976643 0.788162 0.964346 0.793288 0.96813 0.801753 0.977149 0.798788
2 0.0292969 0.247656 0.0294922 0.256055 0.0408203 0.256055 0.0408203 0.246289
2 0.10293 0.363086 0.102734 0.371875 0.113281 0.37168 0.113281 0.3625
2 0.251563 0.413086 0.250781 0.42207 0.261133 0.423047 0.261719 0.411719
2 0.301367 0.358203 0.301172 0.368164 0.311328 0.367969 0.311133 0.357617
2 0.636719 0.0552734 0.635156 0.0650391 0.645508 0.0652344 0.645312 0.0550781
2 0.886328 0.298828 0.885742 0.310547 0.897461 0.310352 0.897656 0.299219
2 0.386719 0.687109 0.383008 0.704297 0.392383 0.705273 0.395898 0.688086
2 0.321094 0.927148 0.321484 0.940625 0.34082 0.93457 0.339844 0.927539
2 0.7875 0.895312 0.77793 0.899219 0.783398 0.907813 0.793555 0.902734
2 0.80625 0.886719 0.798438 0.890234 0.803906 0.89668 0.811914 0.891602
2 0.128516 0.509375 0.128516 0.517383 0.135547 0.517578 0.135742 0.508984
2 0.0744141 0.64082 0.0738281 0.650195 0.0826172 0.65 0.0833984 0.640234
