2 0.960938 0.896484 0.960742 0.906641 0.977148 0.906055 0.975586 0.898828
2 0.989844 0.895703 0.989844 0.907031 0.998047 0.907373 0.998047 0.894727
2 0.739453 0.855078 0.740625 0.864844 0.749023 0.862305 0.748047 0.854492
2 0.686133 0.826758 0.68125 0.828906 0.681445 0.837891 0.695117 0.836523 0.692383 0.826367
2 0.549023 0.741016 0.547852 0.744336 0.542773 0.745703 0.543945 0.752734 0.559961 0.751953 0.559961 0.743945 0.555273 0.742969 0.553906 0.739258
2 0.287695 0.224805 0.286523 0.235352 0.297461 0.234766 0.302148 0.225977 0.295508 0.222852
2 0.0681641 0.192188 0.0681641 0.202539 0.0814453 0.202344 0.0802734 0.193164
2 0.0986328 0.169336 0.0923828 0.169141 0.0933594 0.177344 0.106055 0.177344 0.105469 0.166602
2 0.0828125 0.794531 0.0830078 0.80293 0.0896484 0.803125 0.0972656 0.801367 0.0957031 0.793164
2 0.172656 0.901563 0.171094 0.912305 0.180469 0.913086 0.180078 0.902539
2 0.756836 0.19375 0.75625 0.205664 0.781641 0.205469 0.778711 0.194531
2 0.937109 0.801953 0.936914 0.808789 0.944727 0.80918 0.944922 0.801562
2 0.854297 0.366406 0.853711 0.386914 0.863281 0.386719 0.862891 0.365234
2 0.851953 0.321484 0.851367 0.330273 0.863281 0.329492 0.860547 0.319922
2 0.853516 0.587305 0.853125 0.595703 0.863477 0.59668 0.864453 0.588281
2 0.874414 0.646875 0.875 0.655273 0.8875 0.655078 0.885938 0.64707
2 0.726172 0.608789 0.725195 0.616211 0.741016 0.617773 0.739062 0.608008
2 0.939063 0.542188 0.9375 0.556641 0.945117 0.556641 0.946484 0.543359
2 0.988477 0.988086 0.988281 0.997266 0.993945 0.997266 0.994531 0.987695
