0 0.858242 0.11317 0.856038 0.132381 0.865741 0.135198 0.871397 0.134928 0.870891 0.12329
0 0.891131 0.131386 0.882023 0.145047 0.884553 0.156179 0.896697 0.151625
0 0.864313 0.251811 0.858242 0.276605 0.862924 0.285438 0.865325 0.295833 0.882023 0.299881 0.901757 0.300387 0.911877 0.268509 0.901757 0.253835 0.886577 0.246246 0.886577 0.263449 0.869373 0.249787
0 0.923514 0.30494 0.910865 0.316578 0.92402 0.328216 0.930598 0.314048
0 0.889842 0.156795 0.880765 0.160551 0.882643 0.173697 0.88233 0.185904 0.892347 0.189034 0.895477 0.17088
0 0.913944 0.16462 0.900798 0.173071 0.903615 0.185904 0.907684 0.193416 0.916448 0.189034 0.923334 0.173697
0 0.817539 0.116731 0.808462 0.124556 0.812531 0.13958 0.82286 0.135824 0.82286 0.11767
0 0.809088 0.0679024 0.801576 0.0744754 0.803767 0.0801094 0.811592 0.0797964
0 0.781544 0.100141 0.773093 0.109532 0.778727 0.123304 0.777788 0.137076 0.774345 0.150535 0.783109 0.159299 0.788743 0.151474 0.793438 0.140832 0.795003 0.13332 0.794377 0.118609 0.789056 0.107027
0 0.803454 0.141458 0.795003 0.1521 0.795942 0.159925 0.80721 0.163681 0.815035 0.165872 0.815035 0.157108 0.812531 0.146466
0 0.862611 0.135824 0.851969 0.13645 0.857916 0.146466 0.865428 0.146153
0 0.918952 0.136763 0.910814 0.140206 0.916135 0.144901 0.922708 0.145214
0 0.906119 0.364001 0.900485 0.369948 0.901737 0.384346 0.907684 0.389667 0.913318 0.380903 0.913631 0.370261
0 0.899859 0.405004 0.889216 0.413768 0.886712 0.425036 0.896416 0.42754 0.903928 0.417524 0.907997 0.411577
0 0.904241 0.421593 0.899233 0.43693 0.892034 0.451641 0.886712 0.46823 0.887964 0.482628 0.894225 0.496087 0.904867 0.502974 0.911753 0.498591 0.909249 0.485132 0.907997 0.473551 0.912692 0.453832 0.915509 0.437869 0.917074 0.424097 0.911753 0.420967
0 0.919265 0.4964 0.90518 0.502974 0.907684 0.521128 0.914257 0.527701 0.935228 0.540534 0.95213 0.541473 0.960581 0.546168 0.968406 0.553993 0.981239 0.559314 0.987186 0.54742 0.98656 0.529892 0.971536 0.528327 0.964024 0.52864 0.948061 0.520815 0.943992 0.515807 0.930846 0.50673 0.918326 0.499843
0 0.954947 0.47136 0.969658 0.491392 0.979987 0.499843 0.987499 0.501722 0.987499 0.485758 0.975605 0.477307 0.974979 0.467291 0.974979 0.457901 0.96778 0.457275 0.954008 0.456023 0.949313 0.451328 0.942427 0.453206 0.941801 0.461344 0.950565 0.466665
0 0.954321 0.401874 0.949626 0.410638 0.958703 0.415959 0.964024 0.405943 0.963711 0.399683
0 0.960268 0.41502 0.954634 0.423784 0.957764 0.428792 0.969971 0.426914 0.969032 0.416585
0 0.949626 0.426914 0.940862 0.433487 0.942114 0.444129 0.95213 0.44945 0.958077 0.452893 0.962772 0.441312 0.962146 0.436304 0.956512 0.431296
0 0.981239 0.413768 0.974666 0.420341 0.979987 0.425349 0.985934 0.422532
0 0.98656 0.428166 0.975918 0.428479 0.975605 0.438495 0.986247 0.438808
0 0.978109 0.440686 0.968093 0.440686 0.965902 0.449137 0.97404 0.451641
0 0.978735 0.268536 0.963711 0.276361 0.974979 0.28982 0.982804 0.285751 0.982178 0.275735
