2 0.299262 0.402886 0.299262 0.418077 0.322049 0.420247 0.324219 0.400716
2 0.34158 0.335612 0.34158 0.355143 0.361111 0.354058 0.358941 0.339952
2 0.0703125 0.474501 0.0681424 0.489692 0.0887587 0.485352 0.0898438 0.469076
2 0.179905 0.605794 0.179905 0.623155 0.197266 0.623155 0.202691 0.604709
2 0.157118 0.607964 0.158203 0.623155 0.171224 0.62424 0.172309 0.61122
2 0.077908 0.669813 0.0594618 0.700195 0.0757378 0.707791 0.0985243 0.676324
2 0.10395 0.712131 0.102865 0.733832 0.120226 0.730577 0.122396 0.713216
2 0.172309 0.703451 0.172309 0.726237 0.18688 0.723214 0.188585 0.706706
2 0.195095 0.686089 0.197266 0.70128 0.214627 0.702365 0.212457 0.686089
2 0.34809 0.571072 0.353516 0.593859 0.375217 0.588433 0.377387 0.566732
2 0.530382 0.453885 0.530382 0.46582 0.547743 0.469076 0.547743 0.451714
2 0.629123 0.310655 0.631293 0.326931 0.646484 0.325846 0.646484 0.3074
2 0.740885 0.0176866 0.73763 0.0350477 0.753906 0.0404731 0.761502 0.024197
2 0.945964 0.185872 0.944878 0.202148 0.961155 0.205404 0.961155 0.186957
2 0.727865 0.342122 0.724609 0.354058 0.740885 0.363824 0.749566 0.348633
2 0.659505 0.172852 0.652995 0.201063 0.669271 0.204319 0.676866 0.178277
2 0.7398 0.374674 0.74197 0.38878 0.759332 0.393121 0.758247 0.374674
2 0.779948 0.406141 0.774523 0.423503 0.795139 0.425673 0.798394 0.411567
2 0.928602 0.456055 0.926432 0.481011 0.942708 0.481011 0.943793 0.45714
2 0.88303 0.515734 0.886285 0.53418 0.902561 0.53635 0.900391 0.510308
2 0.748823 0.495862 0.751498 0.509239 0.764876 0.510131 0.764876 0.49497
2 0.733662 0.523509 0.733662 0.533319 0.746147 0.535103 0.747039 0.523509
2 0.735445 0.544021 0.735445 0.556507 0.747039 0.559182 0.747931 0.546697
2 0.793415 0.535103 0.793415 0.552048 0.808576 0.556507 0.808576 0.540454
2 0.797874 0.751819 0.801441 0.769656 0.823737 0.769656 0.821062 0.755387
2 0.633776 0.942673 0.631992 0.956942 0.65518 0.953375 0.653396 0.939105
2 0.491973 0.910566 0.492865 0.928403 0.507135 0.928403 0.508918 0.910566
2 0.448273 0.905215 0.445598 0.933754 0.468786 0.924836 0.463435 0.907891
2 0.455408 0.931079 0.455408 0.948024 0.472353 0.951591 0.473245 0.928403
2 0.417059 0.900756 0.416167 0.915918 0.431328 0.919485 0.428653 0.90254
2 0.429545 0.948916 0.425977 0.962293 0.437571 0.966752 0.442031 0.953375
2 0.373359 0.82495 0.369792 0.853489 0.386737 0.853489 0.401006 0.832977 0.392979 0.818707
2 0.313606 0.860624 0.312714 0.871326 0.327875 0.871326 0.326983 0.856164
2 0.287743 0.861515 0.285067 0.875785 0.300228 0.87846 0.299336 0.865975
2 0.271689 0.888271 0.268122 0.899864 0.285067 0.899864 0.285067 0.889162
2 0.336794 0.935538 0.337686 0.948024 0.352847 0.952483 0.353739 0.934646
2 0.866545 0.95605 0.871005 0.972103 0.884382 0.971211 0.881707 0.958726
2 0.368008 0.636772 0.367116 0.653717 0.382277 0.654609 0.381386 0.637664
