0 0.705938 0.964753 0.701384 0.983474 0.715046 0.990052 0.731238 0.989546 0.737816 0.977402 0.726178 0.969813 0.71201 0.963741
0 0.789933 0.979426 0.780825 0.990052 0.782024 0.998047 0.813208 0.998047 0.811184 0.98145
0 0.475206 0.936417 0.461545 0.947043 0.4747 0.958175 0.478748 0.949573
0 0.328975 0.962223 0.313289 0.967283 0.332517 0.981956
0 0.0319584 0.923767 0.0031169 0.930851 0.0253805 0.955645
0 0.106339 0.954127 0.0825575 0.959187 0.0790155 0.975884 0.0694017 0.984992 0.0772345 0.998047 0.0906533 0.997136 0.114435 0.965765
0 0.465593 0.967789 0.453449 0.971837 0.466099 0.984992
0 0.616884 0.937429 0.606258 0.944513 0.61486 0.960705 0.625486 0.953115
0 0.601704 0.951091 0.579947 0.954127 0.588548 0.968295 0.611824 0.969307 0.611318 0.961211
0 0.611318 0.976896 0.599174 0.983474 0.611824 0.995112
0 0.686711 0.98145 0.676591 0.98398 0.683169 0.992582 0.689747 0.99157
0 0.771211 0.983474 0.758055 0.990558 0.76854 0.998047 0.777283 0.995112
0 0.631558 0.982968 0.616884 0.990558 0.618881 0.998047 0.637124 0.998047
