0 0.186792 0.753248 0.171106 0.705685 0.200959 0.685952 0.213609 0.681398 0.227777 0.702649 0.220187 0.718841 0.219681 0.748695 0.194381 0.757802
0 0.247005 0.696071 0.26269 0.668242 0.269268 0.642436 0.276858 0.622703 0.279894 0.595885 0.255606 0.592343 0.243969 0.610053 0.239415 0.633835 0.222211 0.658628 0.226765 0.676338 0.234861 0.697083
0 0.70189 0.596391 0.716564 0.595379 0.737816 0.570586 0.705432 0.571598 0.694301 0.583236
0 0.683169 0.818521 0.666471 0.841291 0.685193 0.856977 0.702396 0.851917 0.691265 0.825099
0 0.761091 0.820545 0.73478 0.826617 0.748948 0.844833 0.769693 0.842809 0.769187 0.825605
0 0.860266 0.932875 0.838508 0.955139 0.869373 0.961211 0.876963 0.945019
0 0.901757 0.787656 0.890119 0.800812 0.900239 0.821557 0.920478 0.827123 0.923514 0.803848
0 0.95944 0.780572 0.945778 0.796258 0.971584 0.803342 0.985245 0.791198 0.9645 0.77956
0 0.922502 0.987016 0.901251 0.99157 0.906817 0.998047 0.938694 0.998047
0 0.334035 0.727443 0.347697 0.727443 0.343143 0.738575 0.330999 0.739587 0.328469 0.733515
0 0.771717 0.759826 0.769693 0.749707 0.783355 0.739587 0.796005 0.734527 0.810678 0.746165 0.810172 0.763874 0.806125 0.776018 0.792463 0.77197 0.788415 0.76438 0.790439 0.754766 0.779307 0.75679
0 0.786391 0.78462 0.794993 0.801318 0.805619 0.799294 0.806125 0.784114 0.798029 0.779054
0 0.793475 0.813461 0.81169 0.824087 0.817762 0.812955 0.809666 0.80233 0.796511 0.804354
0 0.813208 0.840279 0.829906 0.853435 0.84458 0.858495 0.852676 0.847869 0.844074 0.829653 0.830918 0.826617 0.820798 0.824087 0.813714 0.830665
0 0.764633 0.876204 0.752995 0.877216 0.748948 0.88177 0.754007 0.889866 0.763115 0.88177
0 0.770199 0.857989 0.759573 0.858495 0.761597 0.866084 0.768175 0.868108
0 0.841038 0.692024 0.855206 0.683422 0.858242 0.660652 0.850652 0.653568 0.837496 0.658628 0.834966 0.668242 0.832942 0.687976
0 0.823834 0.653568 0.828388 0.638389 0.83952 0.634341 0.853688 0.643448 0.861784 0.639401 0.852676 0.620173 0.815738 0.611571 0.800053 0.598921 0.784367 0.604993 0.787403 0.617137 0.807642 0.624727 0.81422 0.643448
0 0.778801 0.600439 0.779813 0.584247 0.791451 0.587789 0.798535 0.587789 0.794993 0.568056 0.783861 0.557936 0.759067 0.561478 0.753501 0.583236 0.756031 0.598415 0.774247 0.603981
0 0.755019 0.547816 0.738828 0.54478 0.741864 0.559454 0.74996 0.55743
0 0.664953 0.587283 0.677097 0.587283 0.679627 0.596391 0.672037 0.598415
0 0.926044 0.969307 0.94173 0.962223 0.955898 0.977908 0.986257 0.98904 0.998047 0.989461 0.998047 0.974366 0.985751 0.961211 0.973608 0.938947 0.962476 0.911118 0.94173 0.911624 0.925032 0.923767 0.910865 0.953115 0.914913 0.967283
