2 0.644207 0.489121 0.6351 0.500759 0.647243 0.508349 0.655339 0.499241
2 0.620932 0.56755 0.612836 0.573622 0.617896 0.584753 0.634088 0.588801
2 0.615366 0.635353 0.60474 0.645472 0.610306 0.65458 0.618402 0.64952
2 0.891637 0.642436 0.875445 0.647496 0.891637 0.664194
2 0.832942 0.510879 0.823834 0.522011 0.835978 0.526565
2 0.718082 0.489627 0.70695 0.500759 0.717576 0.515433 0.725166 0.503795
2 0.69936 0.174901 0.690759 0.179455 0.702396 0.188057
2 0.821304 0.000839945 0.832942 0.0139957 0.840026 0.000839945
2 0.917443 0.0286694 0.908335 0.0352473 0.919466 0.0463791
2 0.682663 0.69506 0.672037 0.699613 0.683675 0.709227 0.687217 0.701637
2 0.600692 0.32265 0.598668 0.333782 0.609294 0.339348
2 0.755019 0.428402 0.749454 0.43498 0.757549 0.443582 0.765645 0.428908
2 0.247485 0.0993259 0.236148 0.106025 0.249547 0.115301 0.253154 0.103964
2 0.755469 0.642188 0.755273 0.650781 0.763086 0.650586 0.762695 0.641211
