2 0.677734 0.919141 0.676758 0.93125 0.688086 0.931641 0.687695 0.919141
2 0.87207 0.914648 0.871094 0.925391 0.880469 0.924414 0.880469 0.915234
2 0.77793 0.652734 0.777539 0.669922 0.791406 0.669727 0.789062 0.650977
2 0.743359 0.601367 0.737695 0.606641 0.740234 0.615625 0.750391 0.610742 0.749414 0.601758
2 0.749219 0.45625 0.742969 0.460742 0.750781 0.468164 0.755273 0.461328
2 0.648047 0.455469 0.638867 0.461328 0.646094 0.466992 0.655859 0.459766
2 0.83418 0.247656 0.832617 0.258984 0.845508 0.258398 0.844141 0.250195
2 0.55332 0.1 0.553125 0.105078 0.560937 0.105273 0.560352 0.1
2 0.460938 0.330859 0.457227 0.336719 0.463672 0.342187 0.470117 0.340039
2 0.328906 0.487109 0.328711 0.49707 0.343555 0.497461 0.339844 0.486328
2 0.230395 0.978268 0.229653 0.986674 0.239048 0.986921 0.239542 0.978021
2 0.0177734 0.0294922 0.0189453 0.0398437 0.0292969 0.0392578 0.028125 0.0287109 0.0224609 0.0300781
2 0.521094 0.75293 0.520898 0.761328 0.528516 0.761523 0.527734 0.752734
