0 0.00159893 0.657616 0.0238625 0.657616 0.051186 0.658122 0.0633298 0.645978 0.0653538 0.631305 0.0486561 0.627257 0.0172847 0.631811 0 0.629008 0 0.633329 0 0.65458
0 0.0633298 0.668242 0.0688957 0.683928 0.0825575 0.693036 0.0957132 0.681904 0.0967252 0.670266 0.102291 0.6647 0.101785 0.649014 0.0699077 0.64446 0.0572579 0.657616
0 0.148842 0.870638 0.141758 0.890878 0.159974 0.902516 0.1706 0.885312 0.156938 0.86912
0 0.248017 0.746671 0.245993 0.765898 0.248017 0.785632 0.267244 0.786138 0.272304 0.768934 0.259654 0.743129
0 0.199947 0.636365 0.218163 0.635353 0.231825 0.616631 0.238403 0.600945 0.240427 0.576658 0.231319 0.561478 0.201971 0.57008 0.188816 0.572104 0.171106 0.593355 0.192864 0.608029 0.194381 0.624727
0 0.0258865 0.730985 0.00817681 0.739081 0.0218386 0.752236 0.0324644 0.740599
0 0.232331 0.69253 0.217151 0.697083 0.220693 0.711251 0.232331 0.708215
0 0.244981 0.642942 0.226765 0.650532 0.235873 0.661664 0.248017 0.661158
0 0.238403 0.750719 0.223223 0.752742 0.233343 0.763874 0.244475 0.767922 0.249028 0.758814
0 0.133157 0.613595 0.130627 0.599933 0.135687 0.586271 0.134675 0.552876 0.164528 0.550852 0.168576 0.564514 0.172624 0.584753 0.176166 0.604993 0.179708 0.627763 0.174648 0.638895 0.158456 0.638895 0.138216 0.629787
0 0.129615 0.5296 0.119495 0.54478 0.127591 0.555912 0.139228 0.545792 0.139228 0.533648
0 0.146818 0.509867 0.136699 0.519481 0.149854 0.528082 0.157444 0.514927
0 0.120001 0.54984 0.108869 0.563502 0.126073 0.572104 0.131133 0.565526 0.126579 0.558442
