0 0.46281 0.412211 0.46281 0.437004 0.46534 0.45016 0.479507 0.468882 0.492157 0.479001 0.507843 0.476471 0.511891 0.459774 0.525047 0.456738 0.538202 0.447124 0.535672 0.430932 0.522011 0.42233 0.506831 0.413223 0.487603 0.408669
0 0.0494151 0.678362 0.050933 0.691518 0.0620648 0.700625 0.0625708 0.714287 0.0742086 0.724913 0.0807865 0.715299 0.0828105 0.696577 0.0762326 0.68494 0.0615589 0.67229
0 0.594873 0.282171 0.589307 0.298869 0.598921 0.314554 0.612583 0.302411 0.612583 0.293809 0.616631 0.287737 0.615619 0.279641 0.599933 0.279641
0 0.591837 0.335806 0.599427 0.352504 0.615113 0.373249 0.642942 0.378815 0.671278 0.392983 0.683928 0.406139 0.69506 0.406139 0.696577 0.387923 0.685446 0.376791 0.668748 0.363129 0.648508 0.35554 0.631811 0.353516 0.619161 0.349468 0.615113 0.34036 0.599933 0.328722
0 0.678868 0.349974 0.678868 0.361105 0.68747 0.370213 0.694048 0.363129 0.69506 0.352504
0 0.668242 0.264967 0.660652 0.266485 0.656098 0.272051 0.657616 0.285713 0.673808 0.281665 0.681904 0.280147
0 0.643448 0.279135 0.637883 0.285207 0.636871 0.295833 0.652556 0.293809 0.652556 0.282677
0 0.864573 0.940634 0.864573 0.951336 0.87948 0.951718 0.879097 0.940634
0 0.641359 0.302715 0.642888 0.313035 0.656648 0.311124 0.653208 0.301186
0 0.657794 0.316475 0.659323 0.325648 0.669643 0.324119 0.666967 0.314182
0 0.722771 0.353168 0.721242 0.364252 0.747615 0.366928 0.747615 0.358519
0 0.784036 0.548524 0.784442 0.561111 0.796623 0.560705 0.796217 0.547711
