2 0.512749 0.172609 0.49898 0.175669 0.50051 0.188928 0.509179 0.195047
2 0.630548 0.72336 0.619839 0.72081 0.61678 0.734069 0.626979 0.734579
2 0.745798 0.517848 0.738149 0.522948 0.743758 0.541816 0.755997 0.539266 0.756507 0.520908
2 0.780475 0.514789 0.763646 0.516319 0.764156 0.533657 0.782005 0.539266
2 0.779455 0.547426 0.769256 0.544366 0.768746 0.554055 0.777415 0.554565
2 0.962019 0.546406 0.95131 0.550485 0.95182 0.560175 0.960489 0.568844 0.964568 0.554565
2 0.94213 0.559665 0.933971 0.559155 0.931421 0.569354 0.94111 0.571904
2 0.989556 0.677974 0.984457 0.678994 0.984967 0.687663 0.992106 0.688683
2 0.996695 0.575473 0.989556 0.574453 0.994146 0.588732 0.998047 0.587313
2 0.936011 0.178219 0.923262 0.180769 0.925302 0.191988 0.933461 0.193008
2 0.989556 0.188928 0.978847 0.193008 0.983437 0.202697 0.986496 0.199127
2 0.987516 0.242473 0.978847 0.242473 0.977317 0.261851 0.989556 0.27307 0.995676 0.268991 0.987516 0.258792
2 0.980377 0.291939 0.968648 0.291429 0.968648 0.306217 0.963548 0.311827 0.960489 0.318456 0.965588 0.324066 0.981397 0.317946 0.984457 0.307237
2 0.940601 0.372001 0.94366 0.380161 0.930911 0.38526 0.930911 0.377611
2 0.907963 0.898274 0.895215 0.897764 0.897254 0.914083 0.905414 0.913573
2 0.746308 0.898784 0.738149 0.897764 0.740698 0.913573 0.747838 0.912553
