0 0.784873 0.0484031 0.779307 0.0762326 0.784873 0.104062 0.787403 0.122278 0.803595 0.0990022 0.803595 0.0853404 0.803595 0.0716787 0.811184 0.054475 0.807642 0.0377773 0.789427 0.0413192
0 0.950332 0.00691184 0.937176 0.0145017 0.945272 0.0306934 0.958934 0.0301874 0.963488 0.0139957
0 0.987269 0.219934 0.962476 0.237644 0.96956 0.266991 0.987269 0.271545 0.995365 0.244728 0.998047 0.236063 0.995871 0.216898
0 0.792463 0.358576 0.773235 0.365153 0.764633 0.382357 0.784367 0.395513 0.794487 0.384381 0.802583 0.370719
0 0.822822 0.376285 0.806125 0.387417 0.800053 0.401585 0.836484 0.400067 0.83699 0.385393
0 0.807642 0.00134594 0.812196 0.0119717 0.832436 0.0180436 0.850652 0.0220916 0.864313 0.0145017 0.874939 0.00994778 0.890119 0.00640585 0.891637 0.000839945
0 0.976643 0.00741783 0.961464 0.0190556 0.969054 0.0256335 0.976137 0.0220916 0.989293 0.0175376 0.988787 0.0089358
0 0.96703 0.283689 0.956404 0.282171 0.955392 0.290267 0.9645 0.298363 0.970066 0.294821
0 0.934646 0.00438188 0.910865 0.00842981 0.920984 0.0225976 0.930598 0.0251275 0.93161 0.0139957
0 0.873421 0.357564 0.860266 0.359588 0.863807 0.369201 0.875951 0.371731
0 0.800559 0.262437 0.787909 0.278629 0.780319 0.311012 0.785885 0.318096 0.797523 0.310506 0.801571 0.291785 0.806631 0.273569
