2 0.00564972 0.0790298 0.00564972 0.0988921 0.0244085 0.102203 0.0244085 0.0779264
2 0.0900472 0.0764838 0.0900472 0.0900472 0.102254 0.089369 0.102932 0.0737712
2 0.061942 0.133092 0.0605469 0.147042 0.0772879 0.151228 0.0772879 0.132394
2 0.0856585 0.133092 0.0856585 0.146345 0.101702 0.149833 0.101702 0.131696
2 0.103795 0.0996094 0.103795 0.118443 0.120536 0.117746 0.121233 0.1024
2 0.0598493 0.0996094 0.0584542 0.112165 0.0751953 0.112165 0.0717076 0.0968192
2 0.147042 0.0703125 0.144252 0.0856585 0.160296 0.0891462 0.162388 0.0703125
2 0.18192 0.15053 0.183315 0.165876 0.202148 0.167271 0.202846 0.14774
2 0.182617 0.00892857 0.182617 0.0214844 0.198661 0.0214844 0.197266 0.00544085
2 0.242606 0.00753348 0.240513 0.0207868 0.257952 0.0263672 0.25865 0.00613839
2 0.242606 0.023577 0.241211 0.0382254 0.257254 0.0403181 0.257952 0.0256696
2 0.265625 0.0200893 0.264927 0.0368304 0.280273 0.0368304 0.284459 0.0214844
2 0.413504 0.114258 0.413504 0.128906 0.436523 0.130999 0.435128 0.111468
2 0.365374 0.0500837 0.366071 0.0654297 0.379325 0.0675223 0.378627 0.0500837
2 0.46303 0.0417132 0.464425 0.0563616 0.479771 0.0563616 0.478376 0.0403181
2 0.482561 0.0500837 0.482561 0.0640346 0.497907 0.0654297 0.497907 0.0472935
2 0.540458 0.00962612 0.553711 0.0186942 0.540458 0.0305525 0.530692 0.0221819
2 0.54255 0.00962612 0.555106 0.0214844 0.559989 0.00613839 0.543945 0.00125558
2 0.584403 0.0291574 0.5851 0.0452009 0.602539 0.0452009 0.602539 0.0242746
2 0.882254 0.0347377 0.876674 0.0521763 0.894113 0.0633371 0.896205 0.0431083
2 0.912946 0.242606 0.912946 0.262835 0.930385 0.26423 0.930385 0.246094
2 0.65067 0.202846 0.649972 0.220982 0.662528 0.220285 0.665318 0.202846
2 0.631836 0.233538 0.629743 0.250279 0.647879 0.250279 0.648577 0.23284
2 0.557199 0.233538 0.553711 0.249581 0.576032 0.247489 0.577427 0.231445
2 0.509766 0.244001 0.509766 0.26423 0.53418 0.266323 0.529297 0.244699
2 0.419782 0.15611 0.418387 0.173549 0.435128 0.174944 0.439314 0.156808
2 0.461635 0.160993 0.462333 0.178432 0.478376 0.177734 0.478376 0.162388
2 0.359096 0.29841 0.357003 0.315848 0.375837 0.316546 0.373047 0.296317
2 0.344448 0.22726 0.342355 0.243304 0.359096 0.248884 0.359794 0.229353
2 0.30957 0.200753 0.30678 0.217494 0.324916 0.222377 0.324219 0.200753
2 0.283761 0.220285 0.283761 0.237026 0.302595 0.241211 0.297015 0.220285
2 0.186105 0.292829 0.200753 0.299107 0.206334 0.280273 0.188198 0.278181
2 0.180525 0.292829 0.201451 0.297015 0.196568 0.31236 0.18192 0.314453
2 0.142857 0.287946 0.140765 0.30399 0.154715 0.30678 0.157506 0.290737
2 0.086356 0.230748 0.0842634 0.245396 0.0996094 0.249581 0.10519 0.23005
2 0.107282 0.271205 0.106585 0.290737 0.125419 0.290737 0.119838 0.275391
2 0.0772879 0.308873 0.0765904 0.327009 0.0912388 0.322824 0.094029 0.30399
2 0.0228795 0.343052 0.0221819 0.356306 0.0368304 0.360491 0.0410156 0.341657
2 0.0103237 0.357003 0.0117188 0.373047 0.0298549 0.376535 0.0298549 0.360491
2 0.0340402 0.366769 0.0347377 0.38072 0.0486886 0.382812 0.0493862 0.365374
2 0.0821708 0.369559 0.0814732 0.386998 0.0982143 0.3863 0.0989118 0.370257
2 0.0298549 0.410714 0.0291574 0.429548 0.0424107 0.42885 0.0431083 0.413504
2 0.0528739 0.463728 0.0514788 0.476981 0.0717076 0.480469 0.0717076 0.46024
2 0.164481 0.37514 0.164481 0.391881 0.183315 0.393276 0.183315 0.378627
2 0.189593 0.331194 0.189593 0.345843 0.213309 0.34933 0.218192 0.333984
2 0.19308 0.414202 0.19029 0.42885 0.206334 0.435128 0.211217 0.416295
2 0.275391 0.412807 0.273298 0.426758 0.292829 0.431641 0.295619 0.409319
2 0.489537 0.442801 0.506975 0.459542 0.488839 0.46861 0.479771 0.458147
2 0.504185 0.431641 0.49442 0.449777 0.508371 0.456055 0.519531 0.442801
2 0.477679 0.382115 0.477679 0.395368 0.499302 0.396763 0.496512 0.380022
2 0.463728 0.495117 0.463728 0.511161 0.481166 0.511161 0.483259 0.492327
2 0.564174 0.435826 0.566964 0.45466 0.584403 0.455357 0.57952 0.435128
2 0.578823 0.46303 0.57952 0.478376 0.597656 0.480469 0.596959 0.462333
2 0.570452 0.404436 0.570452 0.419782 0.587891 0.425363 0.588588 0.400949
2 0.608817 0.502093 0.610212 0.517439 0.626256 0.519531 0.62486 0.500698
2 0.580218 0.550921 0.578125 0.569057 0.593471 0.573242 0.596959 0.553711
2 0.599051 0.552316 0.599051 0.569754 0.618583 0.567662 0.614397 0.553711
2 0.65346 0.341657 0.65346 0.356306 0.672991 0.357003 0.672294 0.338867
2 0.65904 0.290737 0.65346 0.306083 0.672294 0.30957 0.672991 0.293527
2 0.725307 0.308873 0.726004 0.327009 0.742048 0.331194 0.744141 0.313058
2 0.726702 0.332589 0.726702 0.350725 0.743443 0.350725 0.74135 0.333287
2 0.751116 0.30678 0.751116 0.323521 0.768555 0.327706 0.765067 0.30957
2 0.887835 0.408622 0.887835 0.429548 0.902483 0.428153 0.903181 0.407227
2 0.902483 0.41769 0.904576 0.436523 0.920619 0.438616 0.915039 0.421177
2 0.896205 0.527204 0.891323 0.54255 0.907366 0.548131 0.912249 0.532087
2 0.827846 0.475586 0.827846 0.491629 0.845285 0.495117 0.845982 0.476283
2 0.597656 0.602539 0.593471 0.619978 0.61091 0.624163 0.614397 0.600446
2 0.605329 0.866211 0.607422 0.882952 0.627651 0.885045 0.62207 0.864118
2 0.569057 0.961077 0.566964 0.979213 0.587193 0.982003 0.590681 0.96317
2 0.476283 0.930385 0.473493 0.948521 0.495815 0.952009 0.495815 0.929687
2 0.482561 0.908761 0.479771 0.927595 0.495117 0.93178 0.499302 0.910854
2 0.11077 0.496512 0.103097 0.510463 0.122372 0.510061 0.126116 0.495815
2 0.130301 0.497907 0.125885 0.514979 0.135019 0.521302 0.143555 0.509766
2 0.284459 0.558594 0.280971 0.575335 0.301897 0.576032 0.30399 0.557199
2 0.33817 0.559291 0.341657 0.575335 0.359096 0.576032 0.359096 0.555804
2 0.330497 0.567662 0.343052 0.578823 0.335379 0.591378 0.324219 0.581613
2 0.365374 0.566267 0.362584 0.580218 0.377232 0.583705 0.38072 0.566964
2 0.322126 0.630441 0.322126 0.649275 0.338867 0.649972 0.340262 0.632533
2 0.273298 0.694615 0.273996 0.710658 0.292132 0.712054 0.294922 0.693917
2 0.219587 0.637416 0.22168 0.65346 0.237026 0.65625 0.236328 0.637416
2 0.136579 0.631836 0.133789 0.647182 0.149833 0.647182 0.151925 0.631138
2 0.123326 0.615095 0.11635 0.631138 0.135184 0.631138 0.139369 0.611607
2 0.124721 0.58231 0.121931 0.596261 0.136579 0.599051 0.140067 0.581613
2 0.0563616 0.642997 0.0535714 0.661133 0.0717076 0.663923 0.0731027 0.644392
2 0.160296 0.696708 0.159598 0.715541 0.174944 0.716239 0.178432 0.700893
2 0.128209 0.724609 0.128209 0.746931 0.146345 0.748326 0.142857 0.723214
2 0.0424107 0.749023 0.0424107 0.762974 0.061942 0.765765 0.0626395 0.744141
2 0.0110212 0.73298 0.0103237 0.749721 0.0284598 0.749721 0.0249721 0.73577
2 0.0779855 0.763672 0.0835658 0.787388 0.0968192 0.788783 0.094029 0.760882
2 0.214704 0.790876 0.213309 0.80692 0.232143 0.807617 0.235631 0.790179
2 0.255859 0.640904 0.255859 0.656948 0.279576 0.657645 0.275391 0.639509
2 0.253069 0.786691 0.253767 0.800642 0.266323 0.802734 0.269113 0.783901
