2 0.754883 0.0966797 0.758789 0.100586 0.754883 0.102539 0.749023 0.102539 0.745117 0.0986328 0.741211 0.0986328 0.743164 0.0947266 0.74707 0.0927734 0.750977 0.0927734
2 0.446484 0.473633 0.460742 0.469141 0.465039 0.478906 0.440625 0.4875 0.438867 0.48125 0.447266 0.478516
2 0.473242 0.544531 0.467187 0.550391 0.474023 0.554297 0.478711 0.549219
2 0.466602 0.603125 0.466406 0.615625 0.471484 0.617383 0.477734 0.621289 0.480469 0.615234 0.474609 0.612695 0.477344 0.603711
2 0.499414 0.316406 0.507617 0.307812 0.513477 0.313477 0.507812 0.316211 0.505664 0.32168
2 0.353906 0.124805 0.353711 0.135156 0.364844 0.135352 0.365039 0.124023
2 0.34668 0.108203 0.34668 0.116406 0.356055 0.116211 0.355664 0.106445
2 0.508984 0.0507812 0.508789 0.0628906 0.524023 0.0626953 0.523633 0.0503906
2 0.695898 0.18457 0.695898 0.194727 0.70625 0.194336 0.706055 0.183398
2 0.709375 0.182422 0.709961 0.193164 0.720703 0.191797 0.717773 0.180859
2 0.741602 0.720117 0.742188 0.728516 0.751953 0.726562 0.749805 0.718555
2 0.873633 0.673828 0.873242 0.682617 0.879297 0.68125 0.879687 0.672852
2 0.88418 0.532617 0.877734 0.539062 0.889062 0.54082
2 0.872266 0.015625 0.872656 0.0253906 0.882812 0.0246094 0.882422 0.015625
2 0.270898 0.497266 0.270898 0.507227 0.282422 0.506836 0.281055 0.495703
2 0.120703 0.681055 0.120508 0.689844 0.129883 0.690039 0.130469 0.680078
2 0.179688 0.319531 0.179492 0.329883 0.189258 0.329102 0.188281 0.319727
2 0.186523 0.333594 0.187891 0.342578 0.197266 0.340625 0.195117 0.333203
2 0.591797 0.335742 0.594727 0.341797 0.600195 0.345703 0.604492 0.339453 0.602344 0.3375
2 0.675586 0.500977 0.675195 0.509766 0.683398 0.509766 0.683594 0.500195
