2 0.242451 0.0904003 0.231825 0.112664 0.241945 0.122784 0.25004 0.107604
2 0.291026 0.314048 0.2804 0.326698 0.289002 0.336312 0.297604 0.329734
2 0.372996 0.294315 0.369454 0.314048 0.37755 0.319614 0.38008 0.30747
2 0.83446 0.556418 0.830918 0.574128 0.841038 0.579694 0.852676 0.568562
2 0.858748 0.535672 0.845086 0.539214 0.850146 0.556924 0.859254 0.550346
2 0.925032 0.521505 0.920478 0.536178 0.93414 0.54478 0.940212 0.526565
2 0.908335 0.394501 0.902263 0.407151 0.912383 0.414741 0.920478 0.404115
2 0.979173 0.68747 0.963994 0.691518 0.969054 0.713275 0.992329 0.712263
2 0.937682 0.678868 0.936164 0.701637 0.95691 0.707203 0.953874 0.67988
2 0.986257 0.77197 0.975631 0.788162 0.983221 0.801824 0.988787 0.78715
2 0.953874 0.823075 0.942236 0.835219 0.957416 0.850399 0.96956 0.841291
2 0.517204 0.673808 0.5 0.68494 0.514674 0.700119 0.52277 0.69253
2 0.796511 0.736551 0.787403 0.748189 0.793981 0.775512 0.815232 0.76438
2 0.814726 0.919213 0.792463 0.941477 0.812702 0.954127 0.82687 0.944513
2 0.73478 0.923767 0.732756 0.939959 0.73984 0.947549 0.745406 0.935911
2 0.984739 0.11317 0.974619 0.124302 0.980691 0.142011 0.993341 0.142517
2 0.388682 0.634847 0.382104 0.651544 0.394754 0.661664 0.40285 0.653062
2 0.436751 0.836737 0.424101 0.849893 0.438269 0.860013 0.447377 0.848881
2 0.391212 0.962223 0.383116 0.977908 0.396778 0.985498 0.40285 0.977908
2 0.232837 0.715805 0.217657 0.725419 0.228789 0.749201 0.243969 0.744141
2 0.596644 0.448136 0.589054 0.461292 0.601198 0.468882 0.608788 0.46028
2 0.251558 0.642436 0.246499 0.654074 0.258136 0.66217 0.263196 0.651038
2 0.30064 0.65458 0.292544 0.669254 0.306205 0.673302 0.307217 0.665712
2 0.648255 0.721877 0.641677 0.733009 0.649267 0.740093 0.659893 0.733009
2 0.694301 0.867096 0.692783 0.879746 0.705432 0.87924 0.705938 0.869626
2 0.809666 0.812449 0.801065 0.825605 0.81422 0.832689 0.81675 0.819027
2 0.467462 0.285027 0.467033 0.293398 0.475189 0.293183 0.475404 0.284384
2 0.50953 0.275369 0.50953 0.281593 0.518115 0.281593 0.518115 0.27494
2 0.623927 0.165479 0.624356 0.17342 0.631868 0.17342 0.632297 0.164191
