0 0.279388 0.65711 0.284448 0.675326 0.303676 0.680386 0.308735 0.665712 0.296086 0.657616 0.289002 0.652556
0 0.356805 0.573622 0.353769 0.592343 0.363888 0.604993 0.375526 0.604487 0.376032 0.57767
0 0.434727 0.407151 0.432703 0.42233 0.444847 0.428908 0.445353 0.413729 0.440799 0.406139
0 0.476724 0.640918 0.468629 0.641424 0.447883 0.628269 0.463063 0.598921 0.488868 0.591331 0.508602 0.602969 0.486844 0.635353
0 0.545033 0.629281 0.546551 0.601451 0.538961 0.582224 0.534913 0.560972 0.550599 0.560466 0.562743 0.57261 0.569321 0.558948 0.579947 0.555406 0.585512 0.585259 0.570839 0.618149
0 0.506072 0.732503 0.495446 0.721877 0.503036 0.702649 0.533395 0.707203 0.535419 0.723901 0.515686 0.728455
0 0.579441 0.713781 0.576911 0.735539 0.588042 0.753248 0.600186 0.747683 0.604234 0.724407 0.600186 0.712769
0 0.63763 0.494687 0.639148 0.515939 0.658375 0.519481 0.656857 0.504301 0.647749 0.497723
0 0.666471 0.506325 0.664447 0.519481 0.672037 0.526565 0.678615 0.521505 0.681651 0.510879
0 0.688229 0.54225 0.681651 0.533142 0.671025 0.544274 0.674061 0.564008 0.690759 0.573116 0.693795 0.55743
0 0.716058 0.661664 0.706444 0.628269 0.720612 0.622703 0.741358 0.629281 0.766657 0.618149 0.790945 0.607523 0.803089 0.619161 0.823328 0.623715 0.849134 0.633835 0.866337 0.65458 0.885059 0.680386 0.889107 0.696577 0.874939 0.702143 0.853688 0.718841 0.825352 0.721877 0.803595 0.727443 0.810172 0.747177 0.81675 0.772476 0.81169 0.799294 0.781837 0.805872 0.796511 0.828641 0.791451 0.840279 0.777789 0.844833 0.755525 0.824087 0.742876 0.805366 0.758055 0.785632 0.767163 0.76438 0.773741 0.742117 0.771717 0.724913 0.771717 0.699613 0.777789 0.66723 0.780825 0.660652 0.799041 0.652556 0.825858 0.665206 0.840026 0.682916 0.833448 0.65964 0.82434 0.649014 0.793981 0.642942 0.774247 0.642942 0.763621 0.651544 0.74237 0.666218 0.721624 0.668242
0 0.620932 0.771464 0.616378 0.796764 0.631558 0.80486 0.642689 0.78462
0 0.648761 0.805872 0.644713 0.821051 0.652809 0.835725 0.646737 0.853941 0.663435 0.867096 0.680133 0.863048 0.684181 0.878228 0.698854 0.899986 0.7196 0.906564 0.729214 0.89695 0.731744 0.874686 0.733262 0.853941 0.721118 0.824593 0.701384 0.813967 0.687723 0.817509 0.676591 0.803848 0.662929 0.796764
0 0.799041 0.998047 0.81422 0.974366 0.843062 0.945019 0.868867 0.9096 0.890625 0.931863 0.890119 0.953621 0.863301 0.97639 0.8294 0.998047
0 0.72972 0.962729 0.7196 0.962223 0.728202 0.978414 0.740346 0.972343
0 0.780825 0.848881 0.770705 0.859001 0.781837 0.87924 0.791451 0.887336 0.797017 0.872156
0 0.541997 0.701637 0.560213 0.686458 0.558189 0.675832 0.538961 0.677856 0.529853 0.693036
0 0.517204 0.698601 0.531877 0.683928 0.538455 0.666724 0.534913 0.648508 0.51265 0.640918 0.497976 0.640918 0.490892 0.658628 0.49494 0.669254 0.512144 0.661664 0.51771 0.6647 0.514674 0.675832 0.50506 0.687976 0.506072 0.697083
0 0.572863 0.688988 0.554647 0.669254 0.549587 0.65964 0.567297 0.651544 0.576911 0.663688 0.580453 0.675832 0.583489 0.685446
0 0.570839 0.727949 0.560213 0.728961 0.560719 0.739587 0.572863 0.742623
0 0.18072 0.13594 0.159974 0.146059 0.162504 0.160733 0.188816 0.157697
0 0.363888 0.270533 0.351239 0.274075 0.356805 0.283183
0 0.17313 0.610053 0.18578 0.592343 0.187298 0.57767 0.18072 0.550852 0.171106 0.531118 0.163516 0.518469 0.154408 0.5296 0.15795 0.552876 0.165034 0.571598 0.165034 0.588295 0.165034 0.605499
0 0.190334 0.611571 0.209561 0.599427 0.224741 0.604487 0.250546 0.597403 0.234861 0.587789 0.211079 0.577164 0.201971 0.57767 0.18578 0.590319 0.177684 0.610559
0 0.357311 0.623715 0.349215 0.628775 0.338083 0.635859 0.323409 0.639906 0.310253 0.633329 0.292038 0.631811 0.285966 0.644966 0.30317 0.653568 0.336059 0.655086 0.358829 0.634341
0 0.308735 0.675326 0.308735 0.691012 0.297098 0.707203 0.307217 0.711251 0.324927 0.709227 0.338083 0.690506 0.328469 0.67735 0.320879 0.662676 0.313795 0.663182 0.30317 0.674314
0 0.315819 0.713275 0.303676 0.713781 0.301652 0.725925 0.313795 0.727949
0 0.478748 0.734527 0.466605 0.746165 0.458509 0.75932 0.466605 0.778042 0.464581 0.793222 0.475206 0.812449 0.489374 0.813461 0.501012 0.798282 0.509614 0.785632 0.517204 0.762862 0.513662 0.747683 0.494434 0.743129
0 0.550599 0.721371 0.531371 0.721877 0.536937 0.734527 0.546551 0.732503
0 0.420053 0.540732 0.439787 0.53972 0.457497 0.536684 0.47217 0.556418 0.484314 0.560466 0.506072 0.55996 0.508602 0.55237 0.501012 0.533648 0.496964 0.518469 0.476724 0.511891 0.450919 0.513409 0.422077 0.519481 0.41044 0.531118
0 0.556671 0.507843 0.549081 0.510373 0.550599 0.519481 0.561225 0.520493
0 0.726684 0.950585 0.733262 0.953115 0.733262 0.936417 0.725672 0.935911
0 0.651797 0.779054 0.660399 0.779054 0.654327 0.76438 0.646231 0.77197
0 0.296592 0.333276 0.310253 0.341878 0.315819 0.339854 0.310759 0.32771 0.300134 0.321132
