2 0.40032 0.815991 0.38514 0.826111 0.39273 0.835725 0.403356 0.831171
2 0.2551 0.968295 0.238403 0.97892 0.248017 0.990558 0.257124 0.98651
2 0.366924 0.815485 0.363382 0.823075 0.368442 0.835219 0.374851 0.821893
2 0.962476 0.547816 0.952862 0.553382 0.957416 0.56502 0.96956 0.56502
2 0.916937 0.453702 0.904793 0.458762 0.912889 0.475459 0.916937 0.463822
2 0.867349 0.464328 0.861278 0.474447 0.867349 0.480013 0.870891 0.477483
2 0.732756 0.445606 0.723142 0.45522 0.728708 0.464328 0.736298 0.458256
2 0.660905 0.545286 0.653315 0.545792 0.654833 0.564514 0.661917 0.564008
2 0.655845 0.571598 0.644207 0.57008 0.648761 0.585765 0.662423 0.584753
2 0.756031 0.443076 0.74743 0.448136 0.755019 0.462304 0.761597 0.454208
2 0.301652 0.412717 0.293556 0.421318 0.302158 0.43245 0.310253 0.42486
