2 0.468533 0.0817057 0.469618 0.0958116 0.483724 0.0947266 0.484809 0.0827908
2 0.543084 0.0522493 0.542445 0.0707593 0.551381 0.070121 0.550743 0.0554407
2 0.572266 0.131641 0.574219 0.142578 0.579102 0.142578 0.577539 0.130273
2 0.762587 0.0285373 0.760417 0.0426432 0.775608 0.0458984 0.777778 0.0339627
2 0.804905 0.0155165 0.808805 0.0263367 0.826671 0.0275549 0.827691 0.0155165
2 0.880859 0.054579 0.879774 0.0675998 0.894965 0.0675998 0.894965 0.0556641
2 0.919922 0.0578342 0.922092 0.0762804 0.936198 0.0795356 0.936198 0.0643446
2 0.776693 0.412652 0.775608 0.425673 0.787543 0.428928 0.788628 0.414822
2 0.635634 0.522244 0.634549 0.53635 0.647569 0.537435 0.64974 0.522244
2 0.355686 0.69694 0.352431 0.719727 0.366536 0.720812 0.369792 0.70128
2 0.336155 0.752279 0.335069 0.772895 0.353516 0.77398 0.354601 0.754449
2 0.0138889 0.586263 0.0117188 0.606879 0.0290799 0.607964 0.0290799 0.587348
2 0.00846354 0.521159 0.00954861 0.535265 0.0258247 0.535265 0.0247396 0.521159
2 0.302517 0.922635 0.302517 0.937826 0.316623 0.939996 0.316623 0.92806
2 0.369792 0.885742 0.368707 0.900933 0.381727 0.902018 0.381727 0.888997
2 0.306858 0.980143 0.305773 0.992079 0.322049 0.994249 0.323134 0.980143
2 0.383898 0.805447 0.383898 0.819553 0.398003 0.820638 0.399089 0.806532
2 0.340495 0.777235 0.340495 0.791341 0.355686 0.793511 0.356771 0.782661
2 0.459852 0.706706 0.460938 0.725152 0.475043 0.725152 0.475043 0.707791
2 0.377387 0.830404 0.378472 0.84451 0.392578 0.845595 0.392578 0.831489
2 0.357856 0.802192 0.357856 0.817383 0.370877 0.817383 0.370877 0.804362
2 0.462023 0.841254 0.462023 0.85536 0.475043 0.856445 0.475043 0.843424
2 0.49783 0.873806 0.49566 0.893338 0.509766 0.893338 0.510851 0.878147
2 0.460938 0.907444 0.460938 0.921549 0.476128 0.922635 0.476128 0.907444
2 0.459852 0.875977 0.475043 0.892253 0.464193 0.899848 0.451172 0.887912
2 0.460938 0.870551 0.479384 0.869466 0.482639 0.891168 0.476128 0.892253
2 0.479384 0.866211 0.49783 0.871636 0.496745 0.890082 0.483724 0.885742
2 0.457682 0.669813 0.456597 0.682834 0.469618 0.687174 0.471788 0.669813
2 0.565104 0.770725 0.564019 0.784831 0.57487 0.787001 0.57921 0.77615
2 0.787543 0.972548 0.787543 0.989909 0.804905 0.990994 0.803819 0.975803
2 0.912326 0.984484 0.913231 0.998047 0.931858 0.998047 0.930773 0.986654
2 0.910156 0.950846 0.911241 0.968207 0.922092 0.966037 0.923177 0.951931
2 0.924262 0.888997 0.925347 0.904188 0.938368 0.903103 0.940538 0.890082
2 0.897135 0.92372 0.89605 0.941081 0.909071 0.941081 0.911241 0.924805
2 0.880859 0.897678 0.880859 0.910699 0.89388 0.915039 0.897135 0.898763
2 0.0811632 0.157661 0.0800781 0.173937 0.093099 0.178277 0.0952691 0.164171
2 0.709418 0.14898 0.709418 0.162001 0.724609 0.164171 0.725694 0.14898
2 0.555339 0.829319 0.555339 0.843424 0.57053 0.843424 0.57053 0.830404
2 0.0290799 0.976888 0.0269097 0.992079 0.0421007 0.994249 0.0431858 0.980143
2 0.918837 0.183702 0.918837 0.194553 0.929687 0.196723 0.930773 0.185872
2 0.873264 0.000325521 0.900391 0.00141059 0.89388 0.0111762 0.879774 0.0111762
2 0.89605 0.473416 0.89388 0.485352 0.904731 0.491862 0.911241 0.477756
2 0.406312 0.760027 0.406004 0.772638 0.418307 0.774791 0.416769 0.759719
2 0.874316 0.747029 0.873898 0.759966 0.88934 0.759966 0.889757 0.745359
2 0.500981 0.145199 0.501963 0.160902 0.514722 0.160902 0.517666 0.143236
2 0.429501 0.295086 0.429501 0.306608 0.442119 0.304962 0.442119 0.293441
2 0.53159 0.000566123 0.53159 0.00962409 0.547441 0.00905797 0.548007 0.000566123
2 0.797083 0.716435 0.798181 0.731796 0.812994 0.730151 0.812994 0.71424
2 0.728505 0.641821 0.727407 0.660474 0.741672 0.659377 0.741672 0.644564
2 0.938854 0.791402 0.936436 0.804939 0.950456 0.805906 0.949006 0.79382
2 0.634805 0.456941 0.626925 0.45469 0.627488 0.464258 0.636494 0.465384
