0 0 0.0635828 0.0246215 0.0590289 0.0291754 0.0620648 0.0291754 0.0671248 0.0291754 0.0752206 0.0387893 0.0838225 0.0485415 0.0817943 0.0584791 0.0718567 0.0607724 0.0607724 0.0611546 0.0493059 0.0535103 0.0382216 0.0610529 0.0337294 0.0737026 0.0261395 0.0797745 0.0109598 0.0833165 0.000839945 0.00185193 0.000839945
0 0.0949543 0.54478 0.101026 0.558948 0.101026 0.57008 0.101026 0.5802 0.103556 0.583741 0.109628 0.584247 0.128042 0.585555 0.136446 0.580706 0.146059 0.574128 0.143023 0.564514 0.13088 0.559454 0.122278 0.561984 0.116206 0.55743 0.119748 0.550852 0.11317 0.536178 0.101026 0.536684
0 0.13088 0.543262 0.147071 0.556418 0.162757 0.561478 0.178949 0.563502 0.192105 0.561984 0.202224 0.552876 0.209814 0.54478 0.214874 0.525047 0.20779 0.507337 0.178495 0.454073 0.154415 0.43802 0.146771 0.446046 0.150593 0.459042 0.142949 0.472801 0.162442 0.490001 0.158709 0.498229 0.154155 0.512903 0.142184 0.524401 0.13341 0.527071
0 0.0280274 0.866632 0.0179076 0.860054 0.00829374 0.86815 0.0143656 0.878775 0.0189196 0.879281 0.0270154 0.876245
0 0.0883764 0.885312 0.0656068 0.904034 0.0570049 0.915166 0.055993 0.926803 0.0742086 0.929333 0.0919183 0.936923 0.119748 0.928321 0.142011 0.921743 0.155167 0.908588 0.174901 0.89695 0.177937 0.881264 0.168829 0.868614 0.155673 0.873168 0.137457 0.8843 0.121772 0.882782 0.114182 0.877216 0.10811 0.870132 0.0959662 0.872156 0.0954602 0.87924
0 0.178949 0.862037 0.187045 0.87924 0.202224 0.886324 0.216392 0.890878 0.24321 0.889866 0.270533 0.8843 0.296339 0.879746 0.301399 0.885312 0.30747 0.895938 0.32771 0.890372 0.339348 0.885312 0.341878 0.867602 0.344914 0.842303 0.333276 0.826111 0.323662 0.815991 0.323662 0.807389 0.323662 0.7998 0.319108 0.775512 0.30494 0.75679 0.294315 0.741105 0.281665 0.724407 0.259907 0.710239 0.247764 0.701637 0.22297 0.701131 0.21538 0.692024 0.202224 0.67482 0.184515 0.68494 0.173889 0.696577 0.160227 0.695565 0.144035 0.699107 0.132398 0.703661 0.127338 0.713781 0.13594 0.722889 0.160913 0.735002 0.18461 0.740735 0.200706 0.727443 0.21791 0.735033 0.23309 0.744141 0.250293 0.759826 0.260413 0.772476 0.275087 0.790692 0.282171 0.813461 0.284195 0.828135 0.279641 0.842303 0.273063 0.851411 0.246752 0.850399 0.229042 0.850905 0.208296 0.857989 0.194128 0.848375 0.184009 0.848375
0 0.0615368 0.0657412 0.0710922 0.0779721 0.07071 0.0986118 0.0821765 0.110078 0.0963185 0.115812 0.112372 0.111225 0.120398 0.103581 0.124985 0.0879097 0.11823 0.0701607 0.105874 0.076061 0.0898943 0.051439 0.0762326 0.051439 0.0623012 0.0535103
0 0.0328706 0.163589 0.0164353 0.166646 0.0145242 0.176584 0.0267551 0.178495 0.0168175 0.181553 0.00879097 0.190344 0.0022933 0.19837 0.0103198 0.204868 0.0198752 0.204103 0.0301951 0.20869 0.0263729 0.224361 0.0313417 0.233916 0.0470126 0.235445 0.0623012 0.240032 0.0710922 0.238121 0.0642123 0.246147 0.0668878 0.255703 0.0676523 0.264111 0.07071 0.281311 0.076061 0.30004 0.0963185 0.300804 0.121545 0.296982 0.134922 0.280165 0.12766 0.266023 0.130336 0.243472 0.124602 0.22245 0.111989 0.201046 0.105492 0.183082 0.116958 0.172762 0.104345 0.153269 0.0970829 0.144096 0.0886742 0.141038 0.0821765 0.15174 0.0714744 0.15174 0.0638301 0.159002 0.0588613 0.154033 0.0466304 0.165117 0.0416616 0.172762 0.0355461 0.170086
0 0.07071 0.399034 0.0768255 0.378394 0.0947896 0.368839 0.105109 0.382981 0.108549 0.395212 0.112372 0.404767 0.118869 0.411265 0.133776 0.400563 0.143713 0.396358 0.149447 0.408971 0.135687 0.417762 0.115047 0.418909 0.108549 0.412411 0.0913497 0.413176 0.0775899 0.409354
0 0.0321062 0.482739 0.028284 0.500321 0.0451015 0.512934 0.0603902 0.515992 0.0695634 0.514845 0.061919 0.494206 0.0405149 0.478153
0 0.109696 0.507583 0.111225 0.519814 0.106256 0.52593 0.108932 0.528605 0.118487 0.524401 0.121545 0.509112
0 0.0733855 0.526694 0.0745322 0.536249 0.0837054 0.535867 0.0829409 0.525547
0 0.133011 0.587084 0.143331 0.592817 0.155562 0.593582 0.156709 0.610017 0.167411 0.609635 0.167028 0.631039 0.161677 0.630657 0.162442 0.641741 0.150975 0.641359 0.154798 0.618808 0.1483 0.614986 0.13798 0.62607 0.131865 0.617279 0.124985 0.629892 0.115812 0.616897 0.118487 0.602373 0.122691 0.58976
0 0.0730033 0.752966 0.0722389 0.762904 0.0833231 0.763286 0.084852 0.75373
0 0.0273438 0.338477 0.0267578 0.348438 0.0337891 0.348047 0.0333984 0.338086
