2 0.0527344 0.155664 0.0509766 0.167383 0.0628906 0.167187 0.0625 0.156445
2 0.431641 0.283008 0.430273 0.297656 0.449023 0.298047 0.447461 0.282617
2 0.535156 0.323242 0.53457 0.332813 0.546484 0.332813 0.546289 0.324023
2 0.522461 0.350781 0.521094 0.357812 0.526563 0.358203 0.528711 0.351562
2 0.451758 0.669141 0.451953 0.679883 0.461719 0.67832 0.461133 0.668359
2 0.782617 0.967969 0.782031 0.976953 0.791602 0.976758 0.790625 0.968164
2 0.793555 0.850586 0.792383 0.85918 0.80332 0.858984 0.800977 0.850586
2 0.853711 0.850391 0.852148 0.862109 0.862109 0.860938 0.861719 0.850781
2 0.882031 0.864648 0.880859 0.874609 0.890234 0.874805 0.889062 0.864062
2 0.804492 0.420312 0.804297 0.43125 0.813867 0.431445 0.812305 0.42168
2 0.911914 0.426953 0.910352 0.433398 0.919531 0.433594 0.920117 0.429688
2 0.910352 0.460938 0.90918 0.468945 0.919531 0.467969 0.917383 0.462109
2 0.902148 0.584766 0.900586 0.595508 0.909375 0.595117 0.909375 0.585547
2 0.735547 0.741797 0.733594 0.75 0.742578 0.750391 0.743164 0.743555
2 0.842773 0.687109 0.842578 0.695508 0.850977 0.694922 0.849805 0.687695
2 0.871094 0.708008 0.870898 0.716797 0.879297 0.716211 0.876953 0.708203
2 0.508398 0.124219 0.507812 0.135352 0.518359 0.133008 0.519531 0.124609
2 0.45293 0.149609 0.453125 0.15957 0.461133 0.158984 0.459375 0.149023
2 0.0484375 0.702344 0.0474609 0.711133 0.0570312 0.711719 0.0560547 0.702539
2 0.680273 0.170508 0.680273 0.178906 0.688086 0.178711 0.686719 0.170313
2 0.637109 0.0507812 0.637305 0.0613281 0.647656 0.0607422 0.645898 0.0498047
2 0.66582 0.04375 0.665234 0.0525391 0.674609 0.0527344 0.673633 0.0439453
