0 0.600186 0.492663 0.598668 0.507337 0.607776 0.513915 0.630546 0.522517 0.646231 0.525553 0.661917 0.524541 0.683675 0.513915 0.644713 0.491651 0.618908 0.486085
0 0.694301 0.561478 0.692783 0.57767 0.69683 0.585765 0.713022 0.596391 0.735792 0.583236 0.755019 0.570586 0.73984 0.558948 0.717576 0.563502 0.699866 0.560972
0 0.672037 0.587283 0.606764 0.595379 0.60221 0.609041 0.614354 0.611571 0.642183 0.608535 0.672543 0.604993
0 0.760585 0.461292 0.766657 0.505819 0.776271 0.514927 0.786391 0.498229 0.782849 0.484061 0.777283 0.467364
0 0.753501 0.409681 0.742876 0.410693 0.742876 0.428908 0.755019 0.432956 0.760079 0.416259
0 0.728708 0.439534 0.702902 0.442064 0.706444 0.458256 0.741864 0.46028 0.760585 0.449148 0.74743 0.446618
0 0.961464 0.145553 0.94932 0.149095 0.951344 0.163263 0.962476 0.163769
0 0.941224 0.164275 0.914913 0.170347 0.922502 0.180467 0.942236 0.182491
0 0.954886 0.173889 0.943754 0.184515 0.941224 0.197164 0.944766 0.218922 0.95438 0.22044 0.958934 0.199188
0 0.988787 0.21285 0.971078 0.22044 0.979173 0.239668 0.988787 0.235114 0.990305 0.218922
0 0.985751 0.253835 0.976137 0.253835 0.980185 0.273063 0.991823 0.272557 0.989799 0.258389
0 0.781331 0.517963 0.769693 0.525553 0.779813 0.534154
0 0.6098 0.475459 0.600692 0.483049 0.608282 0.491651 0.613848 0.486085
