2 0.541997 0.591331 0.527324 0.594873 0.527324 0.606511 0.541491 0.607017
2 0.84711 0.561984 0.828894 0.561984 0.82434 0.57261 0.808654 0.584247 0.813208 0.603475 0.821304 0.603475 0.84458 0.589813 0.853182 0.572104
2 0.979679 0.364141 0.96956 0.368189 0.970066 0.380333 0.980691 0.380839
2 0.968548 0.526565 0.954886 0.536178 0.959946 0.546804 0.976643 0.536178
2 0.992835 0.537696 0.974619 0.54478 0.982715 0.555912 0.995365 0.549334
2 0.830918 0.731491 0.815738 0.737563 0.824846 0.757802 0.839014 0.753754
2 0.915925 0.750719 0.906817 0.749201 0.902769 0.75679 0.907323 0.770452
2 0.488868 0.737563 0.47217 0.734527 0.463569 0.750213 0.488362 0.757296
2 0.394248 0.778548 0.375526 0.779054 0.382104 0.804354 0.399814 0.803342
2 0.38261 0.967283 0.358323 0.971331 0.349215 0.985498 0.380335 0.998047 0.397284 0.979426
2 0.386152 0.936417 0.37249 0.935405 0.37755 0.949067 0.389694 0.949573
2 0.786897 0.90707 0.758055 0.91719 0.771211 0.930851 0.798029 0.919719
2 0.718588 0.664194 0.700878 0.675832 0.714034 0.682916
2 0.740346 0.741105 0.712516 0.738069 0.724154 0.760332 0.743382 0.765898
2 0.823834 0.776018 0.794487 0.782596 0.806125 0.800306 0.830412 0.796764
2 0.765139 0.789174 0.74743 0.796764 0.758561 0.811437 0.772223 0.810931
2 0.827376 0.839773 0.813208 0.841797 0.815232 0.856977 0.828388 0.859001
2 0.735792 0.805872 0.725672 0.814473 0.735286 0.826617 0.740852 0.822063
