0 0.756031 0.0605469 0.731238 0.0580169 0.721624 0.0706667 0.741864 0.0893884 0.760585 0.0984962 0.779307 0.0762326 0.762609 0.0585229
0 0.663435 0.177431 0.652809 0.189069 0.650785 0.203236 0.661917 0.213862 0.673555 0.2002 0.669001 0.181479
0 0.543009 0.346938 0.542503 0.356046 0.555153 0.362623 0.570333 0.377803 0.588548 0.393995 0.600186 0.378815 0.5845 0.35807 0.576405 0.343902 0.554647 0.341878
0 0.615872 0.381345 0.636112 0.400573 0.659893 0.404621 0.687217 0.404621 0.692277 0.421824 0.687217 0.442064 0.676591 0.460786 0.651797 0.463822 0.629028 0.464834 0.618908 0.477989 0.633582 0.494181 0.667483 0.504301 0.715552 0.476977 0.724154 0.432956 0.721624 0.401585 0.713022 0.373755 0.680639 0.367177 0.646737 0.360599 0.609294 0.361611
0 0.462051 0.46028 0.466099 0.482037 0.485832 0.486591 0.5 0.511385 0.526818 0.53972 0.569827 0.523023 0.583489 0.483555 0.559707 0.480519 0.548575 0.504807 0.540479 0.504807 0.534407 0.494687 0.533901 0.478495 0.523782 0.463822 0.503542 0.438016 0.484314 0.439534 0.471665 0.455726
0 0.447377 0.402091 0.434221 0.406645 0.452943 0.421824 0.462051 0.410187
0 0.405886 0.477483 0.403356 0.506831 0.434221 0.512903 0.440293 0.492663 0.434727 0.4704 0.41297 0.473941
0 0.421571 0.525047 0.407404 0.53972 0.418029 0.553382 0.440799 0.554394 0.447377 0.532636 0.428655 0.523529
0 0.372996 0.611571 0.391718 0.614607 0.413982 0.631811 0.441305 0.608029 0.459015 0.585765 0.478748 0.565526 0.467111 0.548322 0.432703 0.566032 0.40791 0.570586 0.389188 0.588801 0.369454 0.604487
0 0.327457 0.693036 0.321385 0.704673 0.310253 0.717829 0.310253 0.739587 0.319361 0.753754 0.333023 0.738069 0.350733 0.716817 0.3649 0.691518 0.343143 0.68241
0 0.313795 0.77197 0.309241 0.794234 0.333023 0.798788 0.338083 0.781584 0.323409 0.773488
0 0.341625 0.636871 0.339601 0.655086 0.350227 0.66217 0.359335 0.648002 0.352251 0.637377
0 0.367936 0.981956 0.36415 0.998047 0.447883 0.998047 0.431185 0.974872 0.408922 0.960199 0.393742 0.960705 0.378056 0.976896
0 0.461039 0.927815 0.447377 0.952609 0.454461 0.972343 0.47217 0.969307 0.477736 0.942489
0 0.0820515 0.000839945 0.0653538 0.0170317 0.0850874 0.0347413 0.117977 0.0306934 0.127085 0.0155137 0.103809 0.00741783
0 0.247005 0.00589985 0.245993 0.0291754 0.261172 0.0494151 0.278376 0.055993 0.284448 0.0418252 0.276858 0.0281635 0.274834 0.00691184 0.271798 0.00185193
