0 0.0182966 0.1157 0.0344883 0.117218 0.05321 0.127338 0.054222 0.144035 0.0289224 0.153143 0.0117187 0.136952
0 0.0572579 0.109122 0.054728 0.120254 0.0658598 0.129868 0.0769916 0.124808 0.0714257 0.115194
0 0.0997612 0.00741783 0.0886294 0.0266455 0.103809 0.0372713 0.118483 0.0225976 0.120001 0.0104538 0.105833 0.00438188
0 0.0860994 0.0878704 0.0871114 0.101026 0.102797 0.10558 0.103303 0.0924243
0 0.379574 0.0256335 0.363888 0.0478971 0.363382 0.0580169 0.383622 0.0731966 0.40032 0.0716787 0.406898 0.051439 0.409934 0.0266455 0.400826 0.0180436
0 0.446871 0.0403072 0.450919 0.0600409 0.468123 0.0645948 0.472676 0.0398012 0.453955 0.0332234
0 0.937176 0.249787 0.921996 0.265979 0.943754 0.288243 0.966018 0.281665 0.974114 0.258895 0.965512 0.243716
0 0.623462 0.050933 0.620932 0.0858464 0.639148 0.0934363 0.654833 0.0792685 0.662423 0.0625708 0.63763 0.0458731
0 0.746924 0.0924243 0.736298 0.10811 0.756537 0.113676 0.765139 0.102038 0.752995 0.0919183
0 0.842556 0.259401 0.828894 0.266485 0.846604 0.286725 0.85976 0.284701 0.85976 0.266991 0.848628 0.259401
0 0.734274 0.339854 0.736804 0.360094 0.757043 0.365659 0.766151 0.346432
