0 0.196405 0.454208 0.195393 0.477989 0.223729 0.494181 0.227777 0.464328 0.212091 0.444594
0 0.171106 0.519481 0.159974 0.540226 0.16554 0.559454 0.19084 0.572104 0.209561 0.558948 0.207031 0.525047
0 0.137205 0.555406 0.139734 0.572104 0.146818 0.581718 0.154408 0.568562 0.144288 0.5549
0 0.123543 0.604993 0.127085 0.626245 0.14024 0.626751 0.154408 0.620679 0.148842 0.606005
0 0.171106 0.630293 0.177178 0.642436 0.188816 0.639401 0.184768 0.627257
0 0.18325 0.647496 0.180214 0.65711 0.192358 0.663688 0.195393 0.651038
0 0.134169 0.635353 0.135687 0.65205 0.152384 0.659134 0.156432 0.634341
0 0.0400542 0.685446 0.0233565 0.703661 0.0137427 0.731997 0.0309464 0.749201 0.0582699 0.754766 0.0643418 0.733009 0.0688957 0.701131 0.0597879 0.684434
0 0.00210492 0.79221 0.0162727 0.784114 0.0233565 0.809919 0.0127307 0.826111 0.00159893 0.836737
0 0.0208266 0.866084 0.0233565 0.845339 0.0167787 0.820039 0.0365123 0.812449 0.0294284 0.7998 0.0238625 0.785632 0.0395483 0.779054 0.0572579 0.806378 0.0694017 0.827123 0.0623178 0.852929 0.0430902 0.873674
0 0.200959 0.882276 0.204501 0.855965 0.224235 0.860519 0.225753 0.88177 0.209055 0.887842
0 0.234355 0.863048 0.231319 0.87924 0.244475 0.888854 0.255606 0.873674 0.242957 0.862543
0 0.265726 0.868108 0.260666 0.886324 0.276352 0.893408 0.284954 0.87165
0 0.299628 0.877722 0.308735 0.900492 0.320373 0.911118 0.352757 0.90201 0.363382 0.884806 0.340107 0.873674 0.318349 0.867602 0.30317 0.864566
0 0.315819 0.923767 0.310253 0.944007 0.326445 0.955645 0.341119 0.940971 0.336565 0.927815
0 0.188816 0.89695 0.186286 0.913648 0.203489 0.915166 0.212091 0.90201 0.198429 0.89442
0 0.247511 0.98398 0.244475 0.998047 0.291532 0.998047 0.281412 0.98145
0 0.236885 0.903528 0.241945 0.919719 0.255606 0.911624 0.245487 0.900492
