2 0.899414 0.479492 0.895508 0.483398 0.895508 0.495117 0.90332 0.493164 0.90332 0.479492
2 0.831055 0.987305 0.831055 0.993164 0.834961 0.995117 0.834961 1.00098 0.825195 0.999023 0.823242 0.987305 0.827148 0.985352
2 0.793945 0.954102 0.793945 0.96582 0.788086 0.963867 0.790039 0.952148
2 0.926758 0.975586 0.922852 0.985352 0.928711 0.987305 0.930664 0.977539
2 0.90332 0.946289 0.901367 0.961914 0.905273 0.96582 0.90918 0.959961 0.907227 0.944336
2 0.774414 0.842773 0.77832 0.842773 0.78418 0.850586 0.788086 0.848633 0.782227 0.834961 0.772461 0.838867
2 0.387695 0.84668 0.391602 0.84668 0.393555 0.854492 0.397461 0.850586 0.399414 0.852539 0.395508 0.862305 0.395508 0.864258 0.389648 0.866211 0.385742 0.860352
2 0.317383 0.854492 0.317383 0.862305 0.313477 0.866211 0.311523 0.856445
2 0.393555 0.887695 0.399414 0.887695 0.397461 0.916992 0.391602 0.916992 0.391602 0.897461 0.391602 0.885742
2 0.313477 0.94043 0.313477 0.952148 0.30957 0.952148 0.307617 0.942383
2 0.567383 0.991211 0.575195 0.991211 0.575195 0.987305 0.567383 0.987305
2 0.725586 0.915039 0.723633 0.922852 0.719727 0.922852 0.717773 0.913086
2 0.489258 0.571289 0.489258 0.575195 0.487305 0.579102 0.481445 0.575195 0.485352 0.569336
