2 0.37207 0.993164 0.381836 0.991211 0.385742 0.983398 0.387695 0.977539 0.385742 0.973633 0.381836 0.973633 0.375977 0.977539 0.37793 0.981445 0.37793 0.985352 0.368164 0.987305
2 0.391602 0.77832 0.391602 0.795898 0.387695 0.795898 0.385742 0.776367
2 0.47168 0.74707 0.475586 0.74707 0.477539 0.749023 0.489258 0.749023 0.495117 0.745117 0.493164 0.727539 0.487305 0.729492 0.489258 0.743164 0.483398 0.743164 0.483398 0.74707 0.481445 0.745117 0.473633 0.741211
2 0.72168 0.745117 0.72168 0.749023 0.723633 0.750977 0.731445 0.758789 0.731445 0.750977 0.735352 0.75293 0.737305 0.756836 0.737305 0.758789 0.741211 0.758789 0.741211 0.750977 0.737305 0.74707 0.729492 0.745117
2 0.756836 0.797852 0.762695 0.797852 0.764648 0.797852 0.768555 0.803711 0.768555 0.805664 0.760742 0.807617 0.754883 0.803711
2 0.817383 0.600586 0.84082 0.586914 0.848633 0.594727 0.858398 0.588867 0.84668 0.569336 0.84082 0.569336 0.836914 0.567383 0.833008 0.569336 0.836914 0.581055 0.829102 0.584961 0.825195 0.584961 0.817383 0.588867 0.81543 0.594727
2 0.961914 0.538086 0.96582 0.545898 0.981445 0.541992 0.981445 0.551758 0.985352 0.551758 0.987305 0.549805 0.991211 0.545898 0.985352 0.536133 0.97168 0.536133 0.969727 0.53418 0.969727 0.532227 0.961914 0.53418
2 0.78418 0.911133 0.78418 0.916992 0.788086 0.916992 0.786133 0.920898 0.780273 0.920898 0.780273 0.911133
2 0.538086 0.600586 0.536133 0.602539 0.53418 0.606445 0.532227 0.598633
2 0.913086 0.756836 0.911133 0.766602 0.90918 0.764648 0.907227 0.756836
2 0.821289 0.78418 0.825195 0.790039 0.829102 0.801758 0.821289 0.801758 0.811523 0.797852 0.819336 0.793945 0.817383 0.786133
2 0.823242 0.852539 0.817383 0.850586 0.817383 0.84668 0.823242 0.848633
