0 0.61992 0.612077 0.656857 0.619161 0.679121 0.638389 0.691771 0.658122 0.721118 0.664194 0.739334 0.661664 0.741864 0.632317 0.711504 0.631305 0.703914 0.623715 0.692277 0.605499 0.677603 0.587283 0.637124 0.580706 0.624474 0.584247 0.610306 0.592849 0.616884 0.607523
0 0.769693 0.670772 0.788415 0.670772 0.807136 0.666724 0.808654 0.645978 0.780825 0.64699 0.761091 0.65458
0 0.786391 0.679374 0.808654 0.679374 0.818268 0.688482 0.814726 0.702649 0.789933 0.699613 0.784873 0.686964
0 0.915419 0.615619 0.906817 0.629281 0.92149 0.642942 0.935152 0.658628 0.955392 0.664194 0.982209 0.66217 0.998047 0.651282 0.998047 0.638895 0.986257 0.634847 0.974114 0.628269 0.962982 0.618655 0.925032 0.624221
0 0.953368 0.666724 0.943754 0.673808 0.969054 0.684434 0.973102 0.674314
0 0.998047 0.704673 0.985245 0.711251 0.998047 0.725419
0 0.972596 0.719347 0.95185 0.729467 0.933128 0.741611 0.919972 0.745153 0.913395 0.75426 0.922502 0.777536 0.92908 0.791704 0.950838 0.806378 0.965006 0.797776 0.965006 0.77703 0.973608 0.76185 0.975125 0.746671 0.989799 0.76944 0.997895 0.757802 0.993341 0.740093 0.982715 0.718841
0 0.966524 0.845845 0.960958 0.868108 0.970572 0.88177 0.987775 0.87165 0.998047 0.856671 0.984233 0.844833
0 0.827882 0.90201 0.81675 0.913142 0.813208 0.935405 0.822316 0.956151 0.832942 0.953621 0.832436 0.933887 0.842556 0.925791
0 0.839014 0.936923 0.861784 0.930851 0.873927 0.938441 0.8547 0.957163 0.84458 0.958175
0 0.851664 0.915672 0.850146 0.931357 0.867349 0.926297
0 0.927056 0.939959 0.918455 0.951597 0.92908 0.961211 0.938694 0.950079 0.93414 0.941983
0 0.963488 0.960199 0.953368 0.970825 0.968548 0.979932 0.981197 0.987016 0.988871 0.998047 0.998047 0.993317 0.996377 0.97639 0.978161 0.968801
0 0.647749 0.867096 0.647749 0.877722 0.663435 0.880758 0.663941 0.865578
