0 0.723648 0.209308 0.705938 0.214874 0.707456 0.234608 0.749454 0.236126 0.775259 0.218922 0.770199 0.20526
0 0.784873 0.255353 0.756537 0.274075 0.743382 0.300387 0.733262 0.31506 0.736298 0.342384 0.796005 0.315566 0.826364 0.290773 0.841544 0.268003 0.81928 0.263955 0.790439 0.252823
0 0.796005 0.585259 0.790439 0.608029 0.793475 0.633835 0.809666 0.660146 0.84458 0.64952 0.84711 0.615619 0.822822 0.579694 0.803595 0.573116
0 0.352757 0.54731 0.345167 0.564514 0.355287 0.583236 0.371984 0.562996 0.38008 0.541744 0.361864 0.543262
0 0.461039 0.448136 0.442823 0.468882 0.455473 0.484061 0.479254 0.476471 0.490386 0.457244
0 0.416511 0.382863 0.411958 0.398549 0.428149 0.406139 0.436245 0.395007
0 0.449907 0.418788 0.408922 0.415247 0.4155 0.43498 0.441811 0.449148 0.453955 0.444594
0 0.344661 0.432956 0.356299 0.448136 0.352757 0.46787 0.336565 0.505819 0.348709 0.518975 0.36237 0.508855 0.381598 0.483555 0.388682 0.458762 0.393742 0.42992 0.38261 0.417776 0.361864 0.412717 0.347191 0.425366
0 0.551105 0.715805 0.557683 0.741105 0.575899 0.75173 0.60474 0.739587 0.616884 0.710745 0.600186 0.68241 0.565779 0.685446
0 0.51265 0.739081 0.510626 0.763874 0.49747 0.783608 0.495952 0.80486 0.510626 0.819533 0.554141 0.808907 0.569827 0.770958 0.563755 0.75173 0.548575 0.740599 0.531877 0.729973
0 0.631052 0.958681 0.616378 0.965259 0.623968 0.988028 0.637124 0.987522
0 0.446365 0.848881 0.444847 0.873168 0.459015 0.872662 0.456991 0.844833
0 0.508096 0.962729 0.503542 0.981956 0.519228 0.988534 0.524288 0.967283
0 0.843675 0.430827 0.828025 0.448981 0.848057 0.457745 0.856195 0.435835
