2 0.518216 0.133916 0.516698 0.154661 0.532889 0.152131 0.532889 0.138975
2 0.506578 0.20779 0.49241 0.221958 0.50506 0.23309 0.513156 0.211838
2 0.673555 0.281665 0.673049 0.295327 0.681651 0.301905 0.689747 0.288243
2 0.540985 0.323156 0.534407 0.337324 0.548575 0.34795 0.552623 0.33024
2 0.434727 0.347444 0.423089 0.359082 0.438775 0.370719 0.443329 0.359588
2 0.485832 0.373755 0.475712 0.388429 0.496458 0.393995 0.49747 0.378309
2 0.697842 0.265473 0.693795 0.277617 0.707962 0.288243 0.70948 0.270027
2 0.601198 0.206778 0.58703 0.221452 0.603222 0.230054 0.608282 0.214874
2 0.558189 0.657616 0.549587 0.67482 0.562743 0.680892 0.572863 0.659134
2 0.732756 0.678362 0.727696 0.69253 0.738828 0.703155 0.742876 0.687976
2 0.181226 0.890878 0.174142 0.908082 0.184768 0.91719 0.193369 0.894926
2 0.120507 0.304435 0.110893 0.320626 0.127085 0.327204 0.135181 0.316072
