2 0.269268 0.206272 0.264714 0.218416 0.273316 0.226512 0.281412 0.21791 0.27281 0.210826
2 0.288496 0.228536 0.281918 0.24321 0.289002 0.255859 0.300134 0.254847 0.297098 0.234608
2 0.0385363 0.811943 0.0355003 0.830159 0.0506801 0.819533 0.0451142 0.808401
2 0.337071 0.792716 0.324421 0.808907 0.344155 0.815991 0.347697 0.795752
2 0.371984 0.805366 0.374008 0.822063 0.38767 0.817003 0.383116 0.805366
2 0.458509 0.812955 0.452437 0.831677 0.469135 0.832183 0.473182 0.814979
2 0.390706 0.678362 0.386658 0.69 0.40285 0.690506
2 0.416511 0.676338 0.409428 0.68241 0.409428 0.698095 0.421571 0.686964
2 0.361358 0.701637 0.346685 0.705685 0.352757 0.712769 0.3649 0.711757 0.370972 0.708721 0.371478 0.700625
2 0.768175 0.650532 0.762609 0.655592 0.762609 0.667736 0.778295 0.66723 0.774753 0.653568
