0 0.0162727 0.896444 0.00615285 0.908588 0.0147547 0.920225 0.0268985 0.910106
0 0.0167787 0.924273 0.0243685 0.941983 0.0365123 0.940465 0.0355003 0.920731 0.0223446 0.916684
0 0.0451142 0.907576 0.0370183 0.923261 0.0501741 0.932875 0.05574 0.926803 0.055234 0.912636
0 0.0881234 0.897962 0.0835695 0.9096 0.103303 0.919213 0.123037 0.913648 0.120507 0.898468 0.103809 0.897456
0 0.116459 0.803848 0.126579 0.79221 0.144288 0.796764 0.13771 0.809413
0 0.128603 0.76185 0.129109 0.78715 0.143782 0.792716 0.153902 0.789174 0.15795 0.773994 0.149854 0.75426 0.127591 0.75679
0 0.164022 0.762356 0.179202 0.759826 0.210573 0.765898 0.221199 0.773994 0.243463 0.781584 0.273316 0.800306 0.297098 0.801318 0.30064 0.776018 0.28293 0.740093 0.247511 0.733009 0.207537 0.733515 0.15795 0.741611 0.157444 0.755778
0 0.309241 0.779054 0.309747 0.796764 0.322903 0.798788 0.330999 0.78209 0.319361 0.777536
0 0.174648 0.76438 0.164022 0.778548 0.17566 0.783102 0.186286 0.777536
0 0.18831 0.776018 0.182744 0.786138 0.194887 0.798282 0.200959 0.789174
0 0.395766 0.800812 0.416006 0.798282 0.436751 0.812955 0.442317 0.831171 0.449907 0.851411 0.449907 0.867096 0.441811 0.87924 0.428149 0.90201 0.437763 0.915166 0.453449 0.913142 0.462051 0.88936 0.476724 0.885312 0.487856 0.869626 0.47976 0.849387 0.480772 0.822063 0.491904 0.791704 0.477736 0.7745 0.454967 0.773994 0.416511 0.762356 0.396778 0.773994 0.388682 0.788162
0 0.49241 0.926297 0.49494 0.948055 0.501012 0.966271 0.521758 0.961211 0.521252 0.940971 0.507084 0.927815
0 0.481278 0.966271 0.471665 0.98398 0.481278 0.993088 0.494434 0.987016
0 0.508096 0.97892 0.502024 0.992582 0.517204 0.99663 0.51771 0.98145
0 0.554141 0.995618 0.566285 0.987522 0.582477 0.992076 0.576506 0.998047 0.562237 0.998047
