2 0.0224609 0.655273 0.0263672 0.655273 0.0361328 0.651367 0.0361328 0.647461 0.0341797 0.647461 0.0322266 0.643555 0.0302734 0.643555 0.0263672 0.645508 0.0205078 0.65332
2 0.106445 0.725586 0.110352 0.733398 0.110352 0.741211 0.106445 0.739258 0.102539 0.733398 0.0986328 0.731445 0.0986328 0.723633
2 0.213867 0.696289 0.219727 0.696289 0.219727 0.69043 0.22168 0.69043 0.225586 0.694336 0.231445 0.694336 0.237305 0.69043 0.231445 0.68457 0.223633 0.682617 0.217773 0.68457 0.217773 0.688477 0.211914 0.694336
2 0.231445 0.678711 0.243164 0.678711 0.243164 0.672852 0.237305 0.670898 0.235352 0.670898 0.231445 0.674805
2 0.262695 0.631836 0.280273 0.629883 0.282227 0.637695 0.280273 0.647461 0.276367 0.649414 0.276367 0.655273 0.286133 0.657227 0.286133 0.666992 0.280273 0.666992 0.280273 0.674805 0.274414 0.674805 0.264648 0.661133 0.266602 0.657227 0.266602 0.647461 0.256836 0.645508 0.249023 0.637695 0.25293 0.633789 0.260742 0.635742 0.262695 0.629883
2 0.50293 0.993164 0.518555 0.989258 0.514648 0.999023 0.518555 0.999023 0.524414 0.989258 0.522461 0.987305 0.532227 0.985352 0.532227 0.981445 0.524414 0.977539 0.520508 0.977539 0.510742 0.97168 0.508789 0.977539 0.510742 0.981445 0.506836 0.985352 0.500977 0.987305
2 0.46582 0.80957 0.456055 0.817383 0.459961 0.819336 0.469727 0.825195 0.47168 0.825195 0.47168 0.81543 0.47168 0.80957
2 0.364258 0.81543 0.37793 0.829102 0.383789 0.829102 0.383789 0.834961 0.360352 0.827148 0.356445 0.823242 0.360352 0.821289 0.358398 0.81543
2 0.268555 0.72168 0.28418 0.713867 0.288086 0.72168 0.272461 0.729492
2 0.288086 0.616211 0.313477 0.618164 0.311523 0.616211 0.30957 0.614258 0.30957 0.606445 0.297852 0.606445 0.297852 0.612305 0.288086 0.612305 0.288086 0.614258
2 0.413086 0.579102 0.415039 0.586914 0.411133 0.588867 0.413086 0.592773 0.405273 0.59082 0.40332 0.588867 0.411133 0.586914 0.40918 0.581055
2 0.223633 0.924805 0.223633 0.930664 0.217773 0.928711 0.219727 0.922852
