2 0.985751 0.0843284 0.980691 0.102038 0.993341 0.112158 0.998047 0.0909822
2 0.855206 0.3353 0.845592 0.348962 0.861278 0.361611 0.867855 0.346432
2 0.861784 0.306964 0.853688 0.316072 0.872409 0.329228 0.877469 0.32012
2 0.218163 0.264967 0.210573 0.283183 0.229801 0.287737 0.230307 0.273063
2 0.195393 0.370719 0.187298 0.385393 0.199947 0.394501 0.209561 0.382357
2 0.26522 0.586777 0.26522 0.603981 0.284448 0.606005 0.284448 0.590319
2 0.207537 0.730479 0.201971 0.751224 0.218669 0.753248 0.219175 0.740093
2 0.284448 0.801318 0.276858 0.813967 0.292038 0.822063 0.293556 0.809413
2 0.00514087 0.623715 0 0.629998 0 0.645978 0.0091888 0.650532 0.0107068 0.636365
2 0.0577639 0.567044 0.0501741 0.586777 0.0653538 0.581718 0.0688957 0.57261
2 0.641171 0.976896 0.623462 0.988028 0.636618 0.996124 0.650279 0.992076
2 0.925032 0.783102 0.917443 0.786138 0.917443 0.79221 0.920984 0.803848 0.933128 0.798788 0.930092 0.781584
2 0.940718 0.862543 0.934646 0.880758 0.948814 0.883794 0.951344 0.872156
2 0.937176 0.89189 0.926044 0.898468 0.938188 0.911624 0.949826 0.90707
2 0.49747 0.697589 0.496458 0.710745 0.504554 0.716817 0.508602 0.707709
2 0.686711 0.681398 0.676085 0.700625 0.700372 0.708215 0.70189 0.691518
2 0.542503 0.42739 0.533901 0.444088 0.553635 0.453702 0.555153 0.443076
2 0.00109294 0.0817985 0.0117187 0.0696547 8.09585e-05 0.0605469 1.35525e-20 0.0606481 1.50463e-36 0.0606481
2 0.26775 0.825605 0.259654 0.836231 0.27534 0.842303 0.280906 0.833701 0.278376 0.825605
