2 0.647749 0.264461 0.643701 0.279641 0.655339 0.291279 0.681145 0.272557 0.672037 0.258895
2 0.480266 0.205766 0.481784 0.222464 0.500506 0.215886 0.498482 0.206778
2 0.17566 0.370719 0.166046 0.386405 0.182238 0.386911 0.194381 0.373249
2 0.360852 0.203742 0.356805 0.21791 0.363382 0.228536 0.388176 0.226512 0.391718 0.211838 0.36743 0.203236
2 0.588548 0.582224 0.579947 0.593861 0.598668 0.596391 0.606258 0.584247
2 0.815738 0.500759 0.805113 0.507337 0.81675 0.516445 0.828894 0.510373
2 0.658375 0.485073 0.653821 0.498735 0.664953 0.504301 0.671531 0.496205
2 0.444847 0.562996 0.444341 0.580706 0.465593 0.582224 0.470147 0.567044 0.451425 0.56249
2 0.421571 0.476471 0.419041 0.498735 0.438269 0.494181 0.439787 0.482037
2 0.399308 0.642942 0.385646 0.662676 0.403862 0.6647 0.41044 0.643448
2 0.161998 0.535166 0.158456 0.552876 0.171612 0.548828 0.17313 0.531118
2 0.258136 0.399561 0.26016 0.415753 0.271292 0.416259 0.272304 0.409175
2 0.0709197 0.285207 0.0628238 0.30494 0.0780036 0.308988 0.0866054 0.288749
2 0.106845 0.276605 0.110387 0.296339 0.124049 0.291785 0.124049 0.278123
2 0.148842 0.24574 0.147324 0.262437 0.163516 0.260413 0.161998 0.24827
2 0.312783 0.165287 0.314807 0.181985 0.324927 0.171359 0.323409 0.162757
2 0.430679 0.164275 0.423595 0.185021 0.436245 0.187045 0.441305 0.173889
2 0.595632 0.143529 0.58956 0.161745 0.600692 0.168323 0.610306 0.151119 0.601198 0.144541
2 0.908335 0.343396 0.901757 0.355034 0.912383 0.362117 0.923008 0.34795
2 0.419547 0.0352473 0.410946 0.0448612 0.431185 0.055993 0.430679 0.0408132
2 0.430679 0.289761 0.432197 0.305952 0.444341 0.302411 0.443835 0.284195
