0 0 0.0635828 0.0246215 0.0590289 0.0291754 0.0620648 0.0291754 0.0671248 0.0291754 0.0752206 0.0387893 0.0838225 0.053969 0.0843284 0.0625708 0.0721847 0.0640888 0.0635828 0.0661128 0.052957 0.0651008 0.0443552 0.0610529 0.0337294 0.0737026 0.0261395 0.0797745 0.0109598 0.0833165 0.000839945 0.00185193 0.000839945
0 0.0175376 0.171865 0.0124777 0.182491 0.00691184 0.189575 0.00539386 0.198176 0.0109598 0.20526 0.0337294 0.2002 0.0413192 0.188057 0.0438492 0.178443 0.0408132 0.169841 0.0362593 0.163769 0.0286694 0.162757 0.0256335 0.168829
0 0.0635828 0.154155 0.0600409 0.165287 0.0620648 0.171359 0.0706667 0.177431 0.0721847 0.185021 0.0772446 0.188563 0.0868584 0.191093 0.0898943 0.199694 0.0898943 0.202224 0.0924243 0.208296 0.0969782 0.211332 0.104062 0.20779 0.109122 0.201212 0.111146 0.185021 0.117218 0.177937 0.115194 0.165793 0.105074 0.150107 0.0873644 0.144541 0.0792685 0.152131 0.0681367 0.150613
0 0.107604 0.23815 0.109628 0.253329 0.11317 0.259907 0.109628 0.270027 0.10305 0.276605 0.0939423 0.278629 0.0893884 0.281159 0.0757266 0.285207 0.0737026 0.290267 0.0787625 0.297351 0.0914123 0.299881 0.107604 0.297857 0.119242 0.291785 0.12835 0.280653 0.129868 0.265473 0.129362 0.251811 0.129362 0.24068 0.112158 0.23056
0 0.0949543 0.54478 0.101026 0.558948 0.101026 0.57008 0.101026 0.5802 0.103556 0.583741 0.109628 0.584247 0.127338 0.584247 0.136446 0.580706 0.146059 0.574128 0.143023 0.564514 0.13088 0.559454 0.122278 0.561984 0.116206 0.55743 0.119748 0.550852 0.11317 0.536178 0.101026 0.536684
0 0.128856 0.532636 0.13088 0.543262 0.147071 0.556418 0.162757 0.561478 0.178949 0.563502 0.192105 0.561984 0.202224 0.552876 0.209814 0.54478 0.214874 0.525047 0.20779 0.507337 0.191093 0.496205 0.173889 0.495699 0.158709 0.498229 0.154155 0.512903 0.165793 0.516445 0.183503 0.517457 0.192611 0.527577 0.181479 0.538202 0.161239 0.535166 0.153649 0.531624 0.13341 0.527071
0 0.0231035 0.866084 0.0129837 0.859507 0.0033699 0.867602 0.00944179 0.878228 0.0139957 0.878734 0.0220916 0.875698
0 0.0883764 0.885312 0.0656068 0.904034 0.0570049 0.915166 0.055993 0.926803 0.0742086 0.929333 0.0919183 0.936923 0.119748 0.928321 0.142011 0.921743 0.155167 0.908588 0.174901 0.89695 0.177937 0.881264 0.168829 0.868614 0.155673 0.873168 0.137457 0.8843 0.121772 0.882782 0.114182 0.877216 0.10811 0.870132 0.0959662 0.872156 0.0954602 0.87924
0 0.178949 0.862037 0.187045 0.87924 0.202224 0.886324 0.216392 0.890878 0.24321 0.889866 0.270533 0.8843 0.296339 0.879746 0.301399 0.885312 0.30747 0.895938 0.32771 0.890372 0.339348 0.885312 0.341878 0.867602 0.344914 0.842303 0.333276 0.826111 0.323662 0.815991 0.323662 0.807389 0.323662 0.7998 0.319108 0.775512 0.30494 0.75679 0.294315 0.741105 0.281665 0.724407 0.259907 0.710239 0.247764 0.701637 0.22297 0.701131 0.21538 0.692024 0.202224 0.67482 0.184515 0.68494 0.173889 0.696577 0.160227 0.695565 0.144035 0.699107 0.132398 0.703661 0.127338 0.713781 0.13594 0.722889 0.155167 0.728961 0.187045 0.728455 0.200706 0.727443 0.21791 0.735033 0.23309 0.744141 0.250293 0.759826 0.260413 0.772476 0.275087 0.790692 0.282171 0.813461 0.284195 0.828135 0.279641 0.842303 0.273063 0.851411 0.246752 0.850399 0.229042 0.850905 0.208296 0.857989 0.194128 0.848375 0.184009 0.848375
0 0.0772446 0.0726907 0.0888824 0.0883764 0.0929303 0.101026 0.106592 0.106086 0.130374 0.104062 0.128856 0.0893884 0.11823 0.0701607 0.107098 0.0676307 0.0898943 0.051439 0.0762326 0.051439 0.0752206 0.0651008
