0 0 0.150107 0.0177906 0.157191 0.0243685 0.165287 0.0258865 0.179961 0.0218386 0.19767 0.0147547 0.209308 0.00514087 0.211838 -8.67362e-19 0.210903
0 0.0451142 0.140493 0.0461261 0.152131 0.0582699 0.159215 0.0683897 0.147071 0.0623178 0.135434 0.051186 0.134928
0 0 0.217404 0.00817681 0.219934 0.0213326 0.229548 0.0177906 0.253329 0.0107068 0.259907 0.000586949 0.249281 0.000586949 0.234102
0 0.322903 0.233596 0.318855 0.238656 0.316325 0.24827 0.329987 0.253835 0.332011 0.244222
0 0.323409 0.317084 0.323409 0.333276 0.335553 0.330746 0.337071 0.319614
0 0.0258865 0.438016 0.0223446 0.46028 0.0137427 0.469894 0.0091888 0.486591 0.0223446 0.511891 0.0405602 0.511891 0.0334764 0.527071 0.0410662 0.54478 0.0395483 0.55743 0.0430902 0.577164 0.0334764 0.593861 0.0309464 0.611571 0.0486561 0.615113 0.0592819 0.614101 0.0486561 0.630799 0.0572579 0.641424 0.0749676 0.638389 0.0906533 0.612077 0.0977372 0.598921 0.0936893 0.573116 0.0790155 0.553888 0.0683897 0.545792 0.0683897 0.524035 0.0683897 0.514421 0.0764856 0.496711 0.056246 0.488109 0.052704 0.473941 0.0491621 0.4451 0.0466321 0.427896 0.0334764 0.427896
0 0.102291 0.526565 0.0866054 0.544274 0.101785 0.560466 0.110387 0.56249 0.130121 0.545792 0.138216 0.53719 0.126579 0.524035
0 0.1453 0.538202 0.147324 0.551864 0.160986 0.555912 0.160986 0.541238 0.15036 0.535672
0 0.185274 0.552876 0.172118 0.56502 0.165034 0.581718 0.175154 0.597909 0.198429 0.592343 0.213103 0.576658 0.188816 0.566538
0 0.432197 0.44763 0.428149 0.454208 0.429667 0.464328 0.443329 0.461798 0.441305 0.453196
