0 0.0113281 0.473828 0.00664062 0.479687 0.00722656 0.487305 0.00800781 0.5 0.0154297 0.503516 0.0248047 0.508594 0.0246094 0.514453 0.0306641 0.517578 0.0222656 0.517578 0.015625 0.522656 0.0146484 0.54082 0.0115234 0.542188 0.0113281 0.557227 0.0205078 0.552539 0.0244141 0.552539 0.025 0.548828 0.03125 0.540625 0.0353516 0.544922 0.040625 0.543164 0.0367188 0.538281 0.0359375 0.533789 0.0310547 0.531445 0.0394531 0.529492 0.0416016 0.51875 0.0451172 0.51875 0.046875 0.507812 0.0527344 0.507617 0.0566406 0.498437 0.0527344 0.495898 0.0537109 0.493359 0.0601563 0.493164 0.0640625 0.496484 0.0673828 0.492578 0.0748047 0.496484 0.0755859 0.488477 0.0785156 0.478711 0.0787109 0.453516 0.0621094 0.453906 0.0580078 0.458008 0.0580078 0.462891 0.0324219 0.475977 0.0291016 0.476172 0.0294922 0.464258 0.0207031 0.464453 0.0185547 0.476172
0 0.09375 0.510547 0.09375 0.520703 0.10293 0.520703 0.103125 0.510156
0 0.425264 0.451973 0.424012 0.462407 0.416917 0.469084 0.425264 0.475344 0.432358 0.463659 0.434862 0.45406
0 0.479517 0.494959 0.477848 0.515408 0.483691 0.530432 0.495376 0.525007 0.490785 0.515825 0.495376 0.501219 0.489533 0.494541
0 0.886418 0.470753 0.879324 0.47284 0.882245 0.479935 0.878072 0.483691 0.87056 0.484525 0.871394 0.492872 0.853449 0.507479 0.85011 0.521668 0.862213 0.533771 0.875985 0.530015 0.882662 0.530432 0.891009 0.534188 0.891009 0.540448 0.897686 0.541283 0.901025 0.534605 0.90645 0.530432 0.921057 0.528345 0.941924 0.520416 0.949436 0.500384 0.940672 0.479935 0.928569 0.475344 0.901025 0.476179
0 0.899773 0.551716 0.885584 0.56048 0.892678 0.567992 0.892678 0.577591 0.898938 0.575921 0.908537 0.57926 0.906868 0.567157 0.902277 0.562149
0 0.894765 0.583433 0.889757 0.586355 0.891426 0.591363 0.884332 0.590528 0.876402 0.590111 0.871394 0.601379 0.880158 0.603048 0.882662 0.595954 0.886418 0.602631 0.8956 0.602214 0.895182 0.595536 0.902694 0.588024
0 0.862213 0.629758 0.861378 0.636018 0.8643 0.63727 0.867638 0.646451 0.874733 0.647286 0.88934 0.634348 0.88767 0.629758 0.882662 0.621411 0.878072 0.625584 0.871812 0.631427 0.868473 0.628088
0 0.71239 0.712807 0.71239 0.722823 0.726579 0.724075 0.729083 0.738265 0.741186 0.738682 0.744525 0.728249 0.737847 0.726997 0.736178 0.71865 0.731587 0.717815 0.72491 0.713224
0 0.542188 0.710156 0.541602 0.718164 0.54668 0.718555 0.54668 0.722461 0.555273 0.722266 0.555664 0.715039 0.547852 0.714648 0.548242 0.711133
0 0.488238 0.576628 0.480397 0.588746 0.468992 0.5973 0.474695 0.608705 0.493941 0.590884 0.498218 0.578054
0 0.503208 0.565936 0.5139 0.566649 0.511049 0.575202 0.501782 0.575202
0 0.491992 0.602148 0.486523 0.610156 0.504492 0.610742 0.504883 0.604297
0 0.482031 0.619141 0.482031 0.627148 0.49082 0.627344 0.488867 0.621289
0 0.572266 0.575781 0.57207 0.583984 0.581445 0.583984 0.582031 0.575781
0 0.645312 0.5 0.645312 0.508789 0.654102 0.508008 0.660937 0.510156 0.669531 0.513086 0.674805 0.512891 0.673828 0.521484 0.681445 0.520312 0.683398 0.508984 0.682617 0.501172 0.672656 0.505273 0.670312 0.501563 0.665039 0.50332 0.659375 0.499609 0.655273 0.502344
0 0.674609 0.745898 0.674414 0.755664 0.683984 0.755273 0.684766 0.745898
0 0.687305 0.752148 0.687305 0.760742 0.694531 0.760938 0.694531 0.752148
0 0.694727 0.711133 0.686133 0.716797 0.690039 0.723242 0.698242 0.716602
0 0.775977 0.496094 0.775977 0.503711 0.782813 0.503906 0.783008 0.495898
0 0.795312 0.501953 0.790625 0.505859 0.79082 0.511328 0.801562 0.511523 0.801953 0.505078
0 0.7875 0.529492 0.779102 0.537305 0.786914 0.540625 0.784766 0.548242 0.793359 0.546875 0.793359 0.542969 0.798047 0.536719 0.792578 0.535352
0 0.746484 0.512891 0.746875 0.520117 0.754492 0.519922 0.754297 0.5125
0 0.767773 0.519141 0.767773 0.527344 0.775977 0.527344 0.776172 0.518945
0 0.77793 0.580078 0.773047 0.583984 0.767578 0.585156 0.767773 0.591211 0.778711 0.593164 0.783789 0.590234 0.781055 0.586328
0 0.771094 0.692773 0.770508 0.698047 0.763672 0.700781 0.764062 0.706641 0.770508 0.706445 0.774219 0.702148 0.778125 0.697266
0 0.779883 0.713281 0.779883 0.721484 0.787109 0.721289 0.787305 0.712891
0 0.812695 0.687109 0.813477 0.693555 0.812305 0.694922 0.812891 0.700391 0.821094 0.700195 0.821094 0.691016
0 0.821289 0.666211 0.820898 0.674023 0.824219 0.673828 0.82793 0.677344 0.834766 0.673438 0.835352 0.666406 0.829492 0.666211 0.829492 0.670117 0.825977 0.669336
0 0.84601 0.553213 0.845665 0.562169 0.853588 0.562169 0.853588 0.553213
0 0.717524 0.583871 0.717868 0.591793 0.72648 0.591793 0.726824 0.582837
