0 0.409934 0.0104538 0.406898 0.0377773 0.422583 0.051439 0.440799 0.0478971 0.450413 0.0241155 0.466605 0.0155137 0.461545 0.00235792 0.441305 0.00134594 0.430173 0.0139957
0 0.628016 0.00286391 0.633076 0.0251275 0.656857 0.0281635 0.674061 0.0251275 0.673049 0.0033699 0.671531 0.000839945 0.633313 0
0 0.698854 0.0033699 0.697336 0.0215856 0.703408 0.0413192 0.705938 0.053463 0.698854 0.0656068 0.711504 0.0833165 0.736804 0.0848344 0.757043 0.0863524 0.765645 0.0575109 0.742876 0.0413192 0.73984 0.0296814 0.749454 0.00488787 0.753364 0 0.70695 0
0 0.208043 0.194634 0.200453 0.219934 0.219175 0.2255 0.229295 0.211838
0 0.284954 0.247764 0.29052 0.272051 0.291026 0.294315 0.308229 0.302411 0.338589 0.298869 0.356299 0.287231 0.369454 0.274581 0.342131 0.263449 0.329987 0.262943 0.314807 0.250799 0.299122 0.242198
0 0.366924 0.289761 0.362876 0.306964 0.389188 0.330746 0.419041 0.33277 0.431185 0.318602 0.403862 0.306458 0.380586 0.291785
0 0.401332 0.34542 0.382104 0.358576 0.384634 0.381851 0.393236 0.387923 0.4155 0.392983 0.441305 0.379827 0.444341 0.370213 0.441305 0.364647 0.427137 0.349974 0.40538 0.342384
0 0.398296 0.407657 0.405886 0.433462 0.416511 0.454208 0.421065 0.472423 0.436751 0.461292 0.433715 0.435486 0.448389 0.412211 0.461545 0.390453 0.448895 0.379827 0.433715 0.388429 0.41044 0.399561
0 0.449401 0.513409 0.457497 0.533142 0.487856 0.543262 0.508096 0.54731 0.517204 0.527577 0.498988 0.512397 0.480266 0.497723 0.464075 0.498735 0.450919 0.507337
0 0.652303 0.479001 0.646231 0.492157 0.657869 0.501265 0.664447 0.488109
0 0.581971 0.0175376 0.579441 0.0362593 0.601704 0.0332234 0.598162 0.0241155
0 0.611824 0.0261395 0.611824 0.0403072 0.621438 0.0443552 0.62751 0.0382833
0 0.685699 0.0640888 0.685699 0.0757266 0.693289 0.0853404 0.700878 0.0777506 0.697336 0.0706667
0 0.697842 0.0893884 0.705432 0.101532 0.720612 0.110134 0.740852 0.103556 0.731744 0.0909063 0.71707 0.0868584 0.700878 0.0853404
0 0.449907 0.466352 0.439787 0.483555 0.450413 0.491651 0.464581 0.486591 0.460027 0.474447
