2 0.0663658 0.105074 0.0623178 0.129362 0.0724377 0.132398 0.0785096 0.1157
2 0.0203206 0.121266 0.00564686 0.130374 0.00716483 0.140999 0.0177906 0.146059 0.0238625 0.13341 0.0203206 0.126832
2 0.0501741 0.55743 0.0491621 0.569068 0.0643418 0.573622 0.0663658 0.560972
2 0.129615 0.590319 0.124049 0.606005 0.131639 0.614607 0.141252 0.604993
2 0.416006 0.493169 0.408922 0.500253 0.418029 0.511385 0.425619 0.506325
2 0.369454 0.456232 0.366418 0.471412 0.376538 0.473941 0.38008 0.46281
2 0.235367 0.599427 0.231825 0.611065 0.243969 0.621185 0.25257 0.604487
2 0.346685 0.743129 0.339601 0.757802 0.352757 0.772982 0.363382 0.762862
2 0.26269 0.894926 0.248523 0.905552 0.269268 0.91466 0.274328 0.89948
2 0.652303 0.631305 0.642183 0.64446 0.658881 0.656098 0.660905 0.641424
2 0.606258 0.673302 0.598162 0.686458 0.608282 0.693542 0.613848 0.681398
2 0.816244 0.64193 0.808148 0.65205 0.818774 0.660146 0.825858 0.655086
2 0.481278 0.0306934 0.472676 0.0468851 0.48482 0.0499211
2 0.347191 0.143529 0.336565 0.157191 0.345167 0.166805 0.352251 0.158203
