0 0.0881234 0.260413 0.0866054 0.277111 0.105833 0.286219 0.118989 0.272557 0.110893 0.262437
0 0.313289 0.611571 0.340613 0.609547 0.364394 0.607017 0.372996 0.626245 0.39273 0.628269 0.385646 0.64699 0.407404 0.651544 0.437257 0.645472 0.452437 0.611065 0.442317 0.591837 0.428149 0.577164 0.413476 0.5802 0.416006 0.601957 0.399814 0.597403 0.385646 0.579694 0.359335 0.575646 0.333529 0.573622 0.319361 0.581212 0.312277 0.594873
0 0.412464 0.430932 0.426631 0.444594 0.433715 0.456232 0.433715 0.468376 0.441811 0.473941 0.465087 0.46281 0.465087 0.446112 0.454461 0.43245 0.432197 0.423342 0.421571 0.416259 0.411452 0.414235
0 0.540479 0.369201 0.520746 0.386405 0.5253 0.396019 0.547563 0.392983 0.557683 0.384887 0.552623 0.373755
0 0.576405 0.360599 0.568309 0.373755 0.579441 0.381345 0.590066 0.376791 0.585006 0.364647
0 0.61233 0.35807 0.605246 0.369707 0.616378 0.385899 0.603222 0.389441 0.589054 0.397537 0.601704 0.408669 0.62498 0.407657 0.6351 0.399561 0.637124 0.376285 0.634088 0.360599
0 0.560719 0.418788 0.553635 0.427896 0.568815 0.436498 0.577417 0.42486
0 0.543009 0.43245 0.532889 0.441052 0.523782 0.452184 0.536937 0.473435 0.544527 0.482037 0.529347 0.494181 0.521758 0.515433 0.520746 0.525553 0.504554 0.526565 0.50506 0.540226 0.516698 0.549334 0.548575 0.54478 0.559707 0.525047 0.571851 0.498229 0.576405 0.478495 0.559707 0.453702 0.551611 0.438522
0 0.423595 0.55743 0.423595 0.57767 0.440799 0.576658 0.440293 0.5549 0.425619 0.55237
0 0.453955 0.55743 0.470147 0.556418 0.486338 0.548322 0.502024 0.55237 0.504554 0.568056 0.485832 0.574634 0.462051 0.57008
0 0.39526 0.494181 0.382104 0.501265 0.386658 0.515939 0.40791 0.519987 0.409428 0.499747
0 0.377044 0.21538 0.382104 0.24068 0.398802 0.24827 0.403862 0.227524 0.392224 0.213862 0.378562 0.209814
