0 0.251052 0.0433432 0.238403 0.053969 0.248523 0.0737026 0.270786 0.0731966 0.271798 0.0468851
0 0.213609 0.263449 0.211079 0.291279 0.228283 0.314048 0.248017 0.321638 0.281918 0.318096 0.308229 0.298363 0.332011 0.263955 0.333023 0.237644 0.295074 0.21538 0.268762 0.210826 0.227271 0.230054
0 0.306205 0.199694 0.331505 0.206272 0.354781 0.190081 0.3649 0.170347 0.371478 0.136446 0.353263 0.130374 0.329987 0.139481 0.318855 0.154661 0.314807 0.173383 0.298616 0.185527
0 0.319361 0.0898943 0.316325 0.109628 0.329987 0.119242 0.339095 0.10811 0.333023 0.0934363 0.325433 0.0893884
0 0.202983 0.298363 0.192358 0.315566 0.206525 0.330746 0.224235 0.319614 0.218163 0.306458
0 0.18325 0.31759 0.177684 0.33277 0.191346 0.344914 0.187804 0.351998 0.172118 0.366671 0.16048 0.368189 0.150866 0.357058 0.136699 0.354528 0.125567 0.371225 0.121013 0.379321 0.132145 0.398043 0.158962 0.401079 0.191852 0.387923 0.227271 0.361105 0.227271 0.338336 0.206019 0.332264 0.195393 0.329734 0.188816 0.319614
0 0.0815455 0.374261 0.0628238 0.395513 0.0668718 0.407657 0.0435962 0.425872 0.0355003 0.416764 0.0228506 0.417776 0.0157667 0.42992 0.0334764 0.44257 0.0501741 0.453702 0.0694017 0.441558 0.0871114 0.425872 0.105327 0.405127 0.118483 0.388935 0.0997612 0.376791
0 0.00767082 0.396525 0.00767082 0.408669 0.0172847 0.414235 0.0218386 0.406645
0 0.0319584 0.783608 0.0435962 0.772476 0.0456201 0.75173 0.0496681 0.730985 0.0334764 0.722383 0.0147547 0.712769 8.09585e-05 0.713781 0.00109294 0.739081 0.0208266 0.743635 0.0228506 0.761344 0.0268985 0.77703
0 0.0486561 0.781584 0.0410662 0.78968 0.0430902 0.804354 0.0577639 0.810931 0.0891354 0.804354 0.0876174 0.795752 0.0688957 0.784114
0 0.0086828 0.869626 0.00716483 0.88936 0.00564686 0.923261 0.0243685 0.919719 0.0284165 0.889866 0.0223446 0.869626
0 0.0602939 0.918707 0.0587759 0.929839 0.0678837 0.940465 0.0830635 0.937935 0.0754736 0.923767
