2 0.933128 0.0742086 0.91896 0.0848344 0.931104 0.10305 0.945272 0.0878704
2 0.235367 0.389947 0.224741 0.406139 0.244475 0.412211 0.248523 0.397537
2 0.0466321 0.499747 0.0410662 0.515939 0.056246 0.518975 0.0592819 0.506325
2 0.177684 0.597403 0.161998 0.611571 0.166552 0.628775 0.182744 0.620679 0.181732 0.604487
2 0.50506 0.579694 0.488362 0.594873 0.50506 0.608535 0.509108 0.598921
2 0.560213 0.531118 0.549081 0.536178 0.557177 0.550852 0.563249 0.54225
2 0.442823 0.633835 0.438775 0.643448 0.450919 0.648002 0.454967 0.636365
2 0.447377 0.65458 0.435233 0.666724 0.449907 0.67482 0.453449 0.65964
2 0.485326 0.651038 0.476724 0.654074 0.480772 0.66723 0.491398 0.665206
2 0.0855934 0.451172 0.0790155 0.46787 0.0911593 0.469388 0.0931833 0.458256
2 0.288496 0.46028 0.291026 0.473941 0.30317 0.474447 0.302664 0.46028
2 0.501012 0.397031 0.493422 0.404115 0.504554 0.412211 0.509614 0.401585
2 0.895685 0.77703 0.888095 0.77956 0.897203 0.792716 0.905805 0.78968
