0 0.797017 0.407657 0.779307 0.433462 0.796005 0.459268 0.810172 0.437004 0.819786 0.416764
0 0.83193 0.401585 0.82434 0.431944 0.829906 0.456232 0.841038 0.468376 0.860772 0.458256 0.866337 0.432956 0.865325 0.415753 0.850146 0.400573
0 0.951344 0.259401 0.950332 0.284195 0.930598 0.298869 0.925032 0.328216 0.93667 0.356046 0.973102 0.359082 0.990811 0.333782 0.998047 0.30747 0.992329 0.270027 0.983727 0.258895
0 0.884553 0.199694 0.909347 0.177431 0.920478 0.188563 0.940212 0.191093 0.957416 0.176419 0.966018 0.145553 0.95438 0.129362 0.943248 0.11823 0.920984 0.116206 0.908335 0.134422 0.887589 0.161745 0.85723 0.176419 0.853182 0.199188
0 0.984739 0.165287 0.991823 0.187551 0.998047 0.189466 0.998047 0.172371
0 0.864313 0.126832 0.855206 0.142011 0.878987 0.140493
0 0.955898 0.0812925 0.941224 0.0984962 0.951344 0.114688 0.970066 0.10052
0 0.996883 0.0225976 0.990305 0.0347413 0.998047 0.0419991 0.998047 0.0241155
0 0.995871 0.0590289 0.975125 0.0762326 0.985751 0.0878704 0.998047 0.0844391 0.998047 0.0600409 0.998047 0.0600409
0 0.973102 0.0357533 0.966018 0.0484031 0.978161 0.0590289 0.981197 0.0453671
