2 0.614258 0.561523 0.631836 0.567383 0.631836 0.551758 0.620117 0.547852 0.614258 0.553711
2 0.561523 0.59082 0.583008 0.592773 0.581055 0.588867 0.567383 0.586914 0.56543 0.583008 0.563477 0.584961
2 0.932617 0.204102 0.952148 0.200195 0.952148 0.198242 0.94043 0.196289 0.936523 0.196289 0.93457 0.196289 0.932617 0.200195
2 0.946289 0.739258 0.946289 0.745117 0.946289 0.749023 0.948242 0.750977 0.948242 0.764648 0.956055 0.766602 0.958008 0.760742 0.954102 0.754883 0.954102 0.750977 0.958008 0.749023 0.952148 0.745117 0.950195 0.737305
2 0.915039 0.74707 0.928711 0.75293 0.928711 0.745117 0.915039 0.741211
2 0.571289 0.790039 0.573242 0.790039 0.575195 0.81543 0.567383 0.81543 0.56543 0.801758 0.569336 0.793945 0.569336 0.790039
2 0.893555 0.270508 0.901367 0.270508 0.901367 0.264648 0.895508 0.264648
2 0.756836 0.655273 0.766602 0.657227 0.782227 0.657227 0.786133 0.655273 0.791992 0.657227 0.791992 0.661133 0.758789 0.661133
2 0.0830078 0.719727 0.0947266 0.719727 0.0947266 0.713867 0.0810547 0.71582
2 0.165039 0.657227 0.166992 0.661133 0.163086 0.661133 0.161133 0.651367 0.165039 0.649414
2 0.241211 0.637695 0.260742 0.637695 0.260742 0.62793 0.258789 0.625977 0.256836 0.625977 0.254883 0.631836 0.243164 0.633789
2 0.379883 0.397461 0.387695 0.40332 0.387695 0.40918 0.383789 0.413086 0.37793 0.401367
2 0.750977 0.448242 0.75293 0.452148 0.756836 0.454102 0.758789 0.458008 0.762695 0.459961 0.762695 0.456055 0.754883 0.446289
2 0.686523 0.541992 0.692383 0.541992 0.692383 0.536133 0.686523 0.536133 0.686523 0.540039
2 0.575195 0.678711 0.575195 0.68457 0.569336 0.68457 0.569336 0.676758 0.573242 0.676758
2 0.833008 0.911133 0.836914 0.911133 0.842773 0.90918 0.836914 0.907227 0.833008 0.907227
