0 0.90454 0.477483 0.867602 0.478495 0.852929 0.485073 0.850399 0.505313 0.851917 0.522517 0.877216 0.525047 0.890372 0.522011 0.882276 0.503795 0.87924 0.498735 0.897456 0.487603 0.910106 0.484061
0 0.859507 0.578682 0.868614 0.602969 0.8843 0.615113 0.913648 0.620679 0.920731 0.617137 0.900998 0.633329 0.89189 0.649014 0.879746 0.660146 0.874686 0.686458 0.883288 0.697589 0.900998 0.699107 0.905552 0.678362 0.913648 0.668242 0.923261 0.65711 0.938441 0.643954 0.947549 0.629281 0.954127 0.613089 0.964247 0.590319 0.965765 0.579694 0.964247 0.56249 0.951597 0.557936 0.937935 0.561478 0.938947 0.574128 0.932875 0.58273 0.917696 0.586271 0.89948 0.585765 0.890372 0.57767 0.878228 0.576152
0 0.964753 0.830159 0.958681 0.843821 0.972849 0.849893 0.98398 0.844327 0.97639 0.831677
0 0.965765 0.861531 0.973355 0.876204 0.982968 0.892902 0.992076 0.900998 0.998047 0.906969 0.997642 0.870132 0.990052 0.867096 0.975884 0.856977
0 0.939453 0.98398 0.923261 0.983474 0.914154 0.998047 0.944007 0.997136
0 0.848375 0.894926 0.824593 0.907576 0.798788 0.915166 0.780066 0.923261 0.77197 0.932369 0.768934 0.945019 0.755778 0.957163 0.740093 0.972343 0.746165 0.980944 0.76944 0.974872 0.781584 0.974366 0.798788 0.972343 0.811943 0.963235 0.832183 0.936923 0.846857 0.926297 0.859001 0.914154 0.857989 0.90454
0 0.865578 0.924273 0.856977 0.937935 0.860519 0.949067 0.873674 0.946031 0.878734 0.936923 0.87165 0.926803
0 0.857989 0.962223 0.841797 0.972849 0.848375 0.982462 0.862543 0.978414 0.868108 0.970825
0 0.979932 0.553888 0.972343 0.567044 0.982462 0.573622 0.989546 0.566032
0 0.750213 0.985498 0.747177 0.990558 0.75173 0.99663 0.76691 0.995618 0.761344 0.98651
