2 0.711914 0.00878906 0.72168 0.00878906 0.729492 0.00878906 0.733398 0.0166016 0.731445 0.0439453 0.725586 0.0498047 0.711914 0.0341797
2 0.696289 0.104492 0.706055 0.0966797 0.709961 0.100586 0.71582 0.102539 0.723633 0.0986328 0.725586 0.112305 0.696289 0.112305
2 0.682617 0.182617 0.680664 0.206055 0.672852 0.206055 0.676758 0.180664
2 0.833008 0.219727 0.833008 0.229492 0.829102 0.233398 0.831055 0.256836 0.838867 0.231445 0.84082 0.219727
2 0.905273 0.104492 0.90332 0.120117 0.899414 0.124023 0.897461 0.118164 0.899414 0.106445
2 0.788086 0.143555 0.793945 0.143555 0.793945 0.145508 0.791992 0.15332 0.788086 0.155273 0.78418 0.149414
2 0.879883 0.180664 0.891602 0.180664 0.889648 0.172852 0.87793 0.176758
2 0.65332 0.413086 0.65332 0.436523 0.65918 0.44043 0.661133 0.416992 0.65918 0.40918
2 0.610352 0.50293 0.62207 0.50293 0.620117 0.495117 0.610352 0.49707
2 0.694336 0.483398 0.694336 0.493164 0.698242 0.50293 0.702148 0.50293 0.700195 0.483398
2 0.709961 0.610352 0.713867 0.62793 0.708008 0.637695 0.706055 0.641602 0.702148 0.643555 0.702148 0.657227 0.696289 0.655273 0.69043 0.614258
2 0.469727 0.374023 0.473633 0.391602 0.469727 0.393555 0.467773 0.387695 0.463867 0.385742 0.461914 0.374023
