0 0.151301 0.250235 0.155391 0.267619 0.17073 0.265063 0.164083 0.24819
0 0.189647 0.36732 0.219813 0.353004 0.240265 0.337666 0.25816 0.332041 0.259694 0.361185 0.235152 0.37499 0.204475 0.383682
0 0.305199 0.351982 0.336387 0.341245 0.381381 0.34329 0.398765 0.353516 0.413592 0.380103 0.4049 0.389817 0.449382 0.392374 0.468811 0.413336 0.478015 0.449127 0.478015 0.466511 0.479037 0.487985 0.447337 0.497699 0.423307 0.487985 0.398765 0.480315 0.383937 0.459353 0.382915 0.42254 0.362463 0.399532 0.364508 0.378058 0.317981 0.369366
0 0.239242 0.31568 0.271454 0.321816 0.288326 0.341245 0.307755 0.337666 0.302642 0.312612 0.284747 0.297274 0.252536 0.29165 0.240776 0.309033
0 0.294973 0.473157 0.331275 0.460375 0.360418 0.443503 0.375245 0.460375 0.363997 0.472135 0.363486 0.48594 0.346102 0.494631 0.307244 0.491052
0 0.458586 0.497699 0.4683 0.514572 0.486195 0.50588 0.48415 0.493098 0.475458 0.491564
0 0.464721 0.532467 0.489263 0.524798 0.500511 0.540647 0.490797 0.549851 0.475969 0.55343 0.466766 0.548828
0 0.15897 0.543204 0.169196 0.530422 0.19067 0.540647 0.193226 0.560076 0.173797 0.564678 0.152323 0.550873
0 0.137496 0.586152 0.144654 0.60916 0.158459 0.597401 0.150278 0.578994
0 0.0572235 0.674605 0.0587574 0.690967 0.0756299 0.709373 0.0853444 0.697102 0.074096 0.674605
0 0.144654 0.634213 0.132383 0.650575 0.155902 0.663868 0.17073 0.655688 0.160504 0.636259
0 0.107841 0.676139 0.111931 0.690967 0.124202 0.686365 0.126248 0.670004
0 0.112443 0.710396 0.134428 0.717042 0.147722 0.705283 0.138518 0.685854 0.128804 0.682275 0.118067 0.68841 0.114999 0.700681
0 0.0469977 0.740562 0.0418848 0.758968 0.0572235 0.776863 0.0771638 0.781465 0.0930137 0.766126 0.0873896 0.743629 0.063359 0.734937
0 0.0654041 0.81521 0.0843218 0.802939 0.0960815 0.812653 0.0945476 0.822879 0.0802315 0.824413
