2 0.156432 0.69253 0.152384 0.713275 0.16048 0.725419 0.168576 0.705179
2 0.156938 0.731997 0.148336 0.748189 0.158962 0.756284 0.171106 0.741611
2 0.414994 0.768934 0.409428 0.783608 0.422583 0.78715 0.425619 0.776524
2 0.579441 0.711757 0.573875 0.733515 0.593608 0.737057 0.596138 0.719347
2 0.59209 0.75173 0.59209 0.769946 0.602716 0.770452 0.601704 0.757296
2 0.85976 0.634847 0.836484 0.640412 0.834966 0.655592 0.857736 0.65964 0.868867 0.648508
2 0.734274 0.653062 0.726178 0.663688 0.735792 0.669254 0.748948 0.663182
2 0.868361 0.903022 0.863301 0.913648 0.869879 0.925791 0.881011 0.913648
2 0.863301 0.962223 0.8547 0.976896 0.868867 0.98651 0.872915 0.974366
2 0.573369 0.634847 0.565273 0.644966 0.580453 0.652556 0.581971 0.637377
2 0.763115 0.54478 0.755019 0.55996 0.769693 0.56755 0.775765 0.5549
2 0.883035 0.979426 0.868867 0.98904 0.876926 0.998047 0.891637 0.996124
2 0.573875 0.0600409 0.568815 0.0706667 0.579947 0.0812925 0.582477 0.0701607
2 0.587536 0.109122 0.589054 0.129362 0.600186 0.128856 0.601704 0.116712
2 0.305193 0.331758 0.297098 0.354022 0.309241 0.351998 0.317337 0.34036
2 0.501518 0.974366 0.496458 0.987522 0.508096 0.9941 0.511132 0.978414
