2 0.52832 0.891602 0.547852 0.911133 0.549805 0.905273 0.547852 0.893555 0.52832 0.883789
2 0.624023 0.891602 0.629883 0.895508 0.629883 0.899414 0.620117 0.899414 0.620117 0.891602
2 0.936523 0.770508 0.950195 0.770508 0.950195 0.766602 0.946289 0.764648 0.93457 0.762695
2 0.782227 0.657227 0.797852 0.657227 0.801758 0.649414 0.799805 0.649414 0.78418 0.65332
2 0.680664 0.581055 0.688477 0.581055 0.69043 0.573242 0.680664 0.573242
2 0.56543 0.540039 0.567383 0.547852 0.569336 0.557617 0.573242 0.557617 0.569336 0.538086
2 0.549805 0.454102 0.557617 0.458008 0.561523 0.454102 0.561523 0.448242 0.551758 0.448242
2 0.446289 0.327148 0.456055 0.331055 0.456055 0.331055 0.452148 0.323242
2 0.479492 0.198242 0.493164 0.198242 0.495117 0.196289 0.489258 0.192383 0.487305 0.194336 0.481445 0.194336
2 0.545898 0.198242 0.543945 0.206055 0.538086 0.213867 0.532227 0.209961 0.532227 0.202148 0.538086 0.204102 0.540039 0.200195
2 0.887695 0.645508 0.899414 0.645508 0.899414 0.641602 0.893555 0.641602 0.889648 0.641602
2 0.791992 0.399414 0.793945 0.418945 0.788086 0.422852 0.786133 0.401367
2 0.543945 0.182617 0.549805 0.180664 0.555664 0.186523 0.551758 0.19043 0.547852 0.186523 0.543945 0.186523
2 0.762695 0.725586 0.768555 0.725586 0.768555 0.731445 0.774414 0.729492 0.774414 0.723633 0.762695 0.72168
