0 0.0306934 0.448136 0.0367653 0.44257 0.0433432 0.433968 0.0504271 0.427896 0.0671248 0.414741 0.0853404 0.415247 0.0959662 0.42233 0.0914123 0.42992 0.0802805 0.436498 0.0686427 0.443076 0.0595349 0.446618 0.0585229 0.450666 0.051439 0.459774 0.0468851 0.461292 0.0403072 0.462304 0.0301874 0.453702
0 0.122278 0.354022 0.10811 0.363635 0.11064 0.381345 0.112158 0.386405 0.11823 0.395007 0.126832 0.393995 0.131892 0.382863 0.143023 0.375779 0.153143 0.360599 0.151119 0.35554 0.142517 0.351998 0.13341 0.351998
0 0.187045 0.316072 0.188057 0.338336 0.196152 0.348456 0.216392 0.347444 0.232584 0.331758 0.232078 0.324674 0.228536 0.321132 0.231066 0.314554 0.237138 0.302917 0.242704 0.298869 0.256871 0.293303 0.280147 0.285713 0.295833 0.265979 0.302411 0.249787 0.304435 0.241186 0.317084 0.231066 0.33277 0.22044 0.344914 0.213356 0.361611 0.213356 0.387923 0.198682 0.390453 0.191093 0.413223 0.179455 0.426884 0.168323 0.443076 0.153143 0.462304 0.140493 0.483049 0.12582 0.510879 0.112158 0.535672 0.104062 0.551864 0.0995082 0.56502 0.0949543 0.574634 0.0802805 0.591837 0.0762326 0.599427 0.0701607 0.597909 0.0645948 0.591331 0.054475 0.583236 0.053969 0.573116 0.0494151 0.561478 0.0433432 0.554394 0.0418252 0.549334 0.0438492 0.543768 0.0580169 0.543768 0.0671248 0.540732 0.0721847 0.530612 0.0767386 0.518975 0.0838225 0.507337 0.0853404 0.494687 0.0878704 0.488109 0.0914123 0.469388 0.10558 0.458762 0.109628 0.45016 0.114182 0.428908 0.124302 0.423342 0.13088 0.412717 0.145553 0.408163 0.156179 0.406645 0.164781 0.399055 0.165287 0.386911 0.164275 0.375273 0.164275 0.362117 0.172877 0.337324 0.174901 0.324168 0.194128 0.31506 0.201718 0.299375 0.203236 0.287231 0.206272 0.279135 0.221958 0.275087 0.228536 0.273063 0.242704 0.270533 0.247258 0.255859 0.263449 0.242704 0.270533 0.230054 0.275087 0.223476 0.275593 0.21285 0.281665 0.208802 0.289255 0.200706 0.300893 0.189069 0.305446
0 0.595379 0.0893884 0.603981 0.0898943 0.615619 0.0848344 0.620679 0.0802805 0.625739 0.0726907 0.624727 0.0686427 0.614101 0.0686427 0.599933 0.0742086 0.592343 0.0838225
0 0.523529 0.0484031 0.520493 0.0585229 0.523023 0.0671248 0.531624 0.0676307 0.538708 0.0630768 0.533142 0.052957
0 0.389441 0.329228 0.391465 0.316578 0.405127 0.308988 0.415247 0.300893 0.429414 0.289761 0.4451 0.283183 0.459268 0.272557 0.475965 0.256871 0.484061 0.246752 0.494687 0.229548 0.501771 0.22044 0.511891 0.206272 0.525047 0.189575 0.53213 0.181479 0.597909 0.0995082 0.630799 0.0762326 0.642436 0.0691487 0.668748 0.0777506 0.676338 0.0969782 0.67229 0.111146 0.656604 0.108616 0.638895 0.0990022 0.637883 0.109122 0.630293 0.122784 0.620173 0.137457 0.615113 0.141505 0.605499 0.152131 0.601451 0.161745 0.599933 0.170347 0.594367 0.176925 0.570586 0.168829 0.565526 0.167311 0.56249 0.179455 0.56249 0.190587 0.556924 0.198682 0.538708 0.216392 0.53213 0.226006 0.528588 0.229548 0.528082 0.239162 0.529094 0.24827 0.523023 0.256365 0.515433 0.267497 0.510879 0.272051 0.500253 0.280653 0.492157 0.290267 0.466858 0.298363 0.454714 0.305446 0.44257 0.318602 0.423848 0.32265 0.403103 0.337324 0.392477 0.338842
0 0.443076 0.188057 0.42486 0.202224 0.423342 0.212344 0.425366 0.223476 0.438016 0.215886 0.44763 0.202224 0.453702 0.193622 0.454714 0.178949
0 0.436498 0.236126 0.429414 0.248776 0.423342 0.259401 0.428908 0.267497 0.444088 0.263955 0.45269 0.255353 0.456232 0.241186 0.446112 0.23562 0.441558 0.234102
0 0.407657 0.267497 0.401585 0.280147 0.407657 0.288243 0.41727 0.291785 0.422836 0.279641 0.413223 0.268509
0 0.340866 0.391465 0.358576 0.402091 0.371731 0.403609 0.385899 0.406645 0.402091 0.413223 0.409175 0.42233 0.420306 0.427896 0.438016 0.423848 0.44257 0.408669 0.431944 0.403609 0.419294 0.399561 0.41727 0.394501 0.408669 0.386911 0.399561 0.386911 0.384381 0.386911 0.367683 0.384887 0.360094 0.382863 0.348962 0.382357 0.342384 0.386405
0 0.234608 0.522517 0.251811 0.527577 0.255353 0.521505 0.255353 0.510879 0.245234 0.507337 0.233596 0.508855 0.231066 0.510879 0.230054 0.515939
0 0.266991 0.500253 0.276605 0.493169 0.285713 0.486085 0.299375 0.486591 0.308482 0.485073 0.313036 0.475459 0.3353 0.486591 0.349468 0.489121 0.370719 0.482543 0.393995 0.482543 0.408163 0.4704 0.411705 0.454714 0.403103 0.448642 0.385899 0.44763 0.374261 0.457244 0.367683 0.461798 0.355034 0.463822 0.346432 0.463822 0.34036 0.459774 0.333782 0.449654 0.325686 0.446618 0.311012 0.449654 0.288243 0.449654 0.273063 0.461798 0.264461 0.475965 0.256365 0.484061 0.261425 0.494181
0 0.161239 0.700625 0.167817 0.720359 0.176419 0.724913 0.192105 0.713275 0.189575 0.69506 0.170853 0.692024 0.164275 0.694554
