2 0.300134 0.615619 0.291026 0.625739 0.301652 0.639906 0.309241 0.620679
2 0.406392 0.620679 0.39526 0.631811 0.412464 0.640412
2 0.421571 0.631811 0.417017 0.643448 0.435739 0.656098 0.437763 0.644966
2 0.0446082 0.628775 0.0349943 0.636365 0.0496681 0.645978 0.052704 0.633329
2 0.385646 0.246246 0.381598 0.257377 0.39526 0.255859
2 0.490892 0.421318 0.481784 0.431438 0.496458 0.439028 0.503542 0.428908
2 0.668495 0.259401 0.661917 0.274075 0.671025 0.275593 0.675073 0.268509
2 0.488992 0.252741 0.480179 0.259848 0.489561 0.263828
2 0.509177 0.36447 0.499227 0.368165 0.506903 0.3784 0.513726 0.37442
2 0.538744 0.391762 0.531921 0.394605 0.537891 0.402566 0.544146 0.401144
2 0.611524 0.353951 0.604417 0.360489 0.610671 0.365323 0.615504 0.360489
2 0.731214 0.308179 0.725812 0.314718 0.734057 0.326658 0.739174 0.320119
2 0.471934 0.341442 0.467954 0.350255 0.476199 0.353098 0.481885 0.344569
2 0.10569 0.640772 0.0935289 0.647406 0.104953 0.656619
