2 0.885059 0.66976 0.878481 0.683422 0.879493 0.689494 0.894673 0.683422 0.888601 0.673808
2 0.980185 0.601451 0.971078 0.615113 0.982209 0.621691 0.987775 0.610053
2 0.957922 0.848375 0.949826 0.870638 0.962982 0.875698 0.966524 0.850399
2 0.664447 0.720359 0.655339 0.733515 0.667483 0.740599 0.672037 0.730985
2 0.510626 0.850905 0.499494 0.860013 0.522264 0.868614
2 0.465593 0.823075 0.459015 0.832183 0.468629 0.841291 0.473182 0.834207
2 0.512144 0.882276 0.503542 0.902516 0.516192 0.901504 0.523782 0.889866
2 0.635606 0.514927 0.626498 0.520999 0.635606 0.532636 0.642689 0.523529
2 0.888095 0.458256 0.881011 0.474447 0.895685 0.477483
2 0.780825 0.281665 0.769187 0.283183 0.775765 0.295833 0.785885 0.299881
2 0.359841 0.156179 0.349215 0.162757 0.354781 0.171865 0.363382 0.163769
2 0.790439 0.408669 0.779813 0.415753 0.791451 0.428908 0.795499 0.421318
2 0.984739 0.355034 0.978161 0.361105 0.982715 0.370719 0.992329 0.368695
2 0.772154 0.984369 0.763703 0.990316 0.769337 0.995637 0.776223 0.992194
2 0.76026 0.946809 0.753687 0.954947 0.758382 0.959642 0.766833 0.954947
2 0.937732 0.910501 0.932098 0.918952 0.93961 0.925838 0.947122 0.918639
2 0.937962 0.714508 0.933862 0.723827 0.947281 0.725318
2 0.854097 0.735009 0.849252 0.749918 0.858197 0.751409 0.860061 0.743582
