0 0 0.489121 0.0155137 0.503289 0.0134897 0.519481 0.00539386 0.525047 0 0.523023
0 0.0145017 0.389947 0.00741783 0.405127 0.00994778 0.418788 0.00741783 0.431438 0.00944179 0.446618 0.0246215 0.449654 0.0362593 0.435486 0.054981 0.42233 0.0595349 0.412717 0.0575109 0.401079 0.0656068 0.400067 0.0640888 0.389441
0 0.0443552 0.329734 0.0504271 0.343902 0.0585229 0.35301 0.0752206 0.348456 0.0868584 0.344408 0.110134 0.34542 0.126326 0.341878 0.121266 0.325686 0.111146 0.319614 0.0984962 0.316578 0.0873644 0.316578 0.0767386 0.316578 0.0691487 0.324168 0.0620648 0.321638 0.0504271 0.317084 0.0468851 0.32265
0 0.0848344 0.285713 0.0995082 0.276099 0.113676 0.265979 0.127844 0.263449 0.131386 0.252823 0.142517 0.237138 0.160733 0.226006 0.198176 0.221958 0.200706 0.213356 0.216392 0.192611 0.228536 0.181985 0.243716 0.194128 0.249787 0.196658 0.264461 0.189069 0.281665 0.187045 0.299881 0.199694 0.324168 0.205766 0.325686 0.231572 0.321132 0.236632 0.307976 0.240174 0.299881 0.24321 0.272051 0.230054 0.259401 0.230054 0.239162 0.239668 0.221958 0.24827 0.213356 0.258389 0.199694 0.258895 0.193622 0.275593 0.182997 0.286725 0.191093 0.301399 0.19767 0.302411 0.201718 0.303423 0.214368 0.310506 0.223982 0.314048 0.239668 0.310506 0.252317 0.310506 0.260919 0.323662 0.257883 0.340866 0.246752 0.346938 0.227524 0.34795 0.20779 0.363129 0.176419 0.365153 0.169841 0.361611 0.143529 0.355034 0.140493 0.349468 0.12835 0.3353 0.124808 0.323662 0.115194 0.313542 0.0954602 0.302917 0.0878704 0.291785
0 0.370719 0.205766 0.391971 0.229042 0.397031 0.241692 0.403609 0.253835 0.414741 0.249787 0.420812 0.238656 0.414741 0.218416 0.402597 0.205766 0.389947 0.194634 0.377297 0.198682
0 0.371225 0.479001 0.359082 0.495193 0.358576 0.504301 0.383369 0.509361 0.397031 0.494181 0.396019 0.479507
0 0.457244 0.433968 0.45522 0.449148 0.461798 0.46534 0.461798 0.481025 0.4704 0.495193 0.476471 0.500253 0.474447 0.518469 0.472423 0.527577 0.480519 0.537696 0.487603 0.550346 0.481025 0.571598 0.481025 0.587283 0.496205 0.607017 0.514927 0.598415 0.522011 0.591837 0.518975 0.571092 0.517457 0.557936 0.517457 0.53719 0.517457 0.522011 0.516951 0.503289 0.504807 0.472929 0.492157 0.459774 0.479507 0.44257 0.468882 0.43245
0 0.501771 0.615619 0.501771 0.631811 0.506325 0.661158 0.502277 0.674314 0.500759 0.694554 0.525553 0.691012 0.530612 0.707709 0.528588 0.722383 0.524035 0.739081 0.532636 0.755272 0.555912 0.76438 0.566538 0.757802 0.567044 0.731997 0.570586 0.717829 0.566032 0.693036 0.563502 0.683928 0.55996 0.672796 0.551864 0.662676 0.54478 0.637883 0.54478 0.619667 0.529094 0.608535 0.518469 0.607017 0.504807 0.607017
0 0.338842 0.901504 0.341878 0.923767 0.350986 0.934393 0.35048 0.944007 0.34795 0.960705 0.354022 0.977402 0.359588 0.98904 0.375779 0.997642 0.379422 0.998047 0.380333 0.985498 0.377803 0.966271 0.375779 0.957669 0.377803 0.952609 0.384381 0.939453 0.383369 0.924779 0.374261 0.920225 0.362623 0.903022 0.357564 0.892902 0.35048 0.892902 0.34542 0.902516
0 0.469894 0.840785 0.458762 0.864566 0.440546 0.88683 0.431944 0.897456 0.418788 0.918707 0.415247 0.928827 0.437004 0.941983 0.456232 0.950079 0.455726 0.945525 0.461292 0.941983 0.4704 0.931863 0.477483 0.922249 0.489627 0.920225 0.511385 0.924779 0.518975 0.9096 0.53466 0.8843 0.525553 0.86659 0.517457 0.86659 0.512903 0.857483 0.506325 0.845339 0.494181 0.834713 0.485579 0.834713
0 0.606005 0.798282 0.620173 0.790692 0.636365 0.780066 0.647496 0.7745 0.650532 0.7745 0.668748 0.77956 0.675832 0.78715 0.68494 0.784114 0.703155 0.779054 0.710239 0.775006 0.700119 0.75932 0.68241 0.75679 0.660146 0.750719 0.64446 0.747177 0.630293 0.742117 0.615113 0.748189 0.600945 0.760332 0.595379 0.768934 0.595379 0.78209 0.598415 0.78715
0 0.715299 0.748695 0.724407 0.762356 0.743129 0.760332 0.749707 0.761344 0.767416 0.783102 0.795246 0.775512 0.829653 0.786138 0.835725 0.78715 0.852423 0.773488 0.856977 0.752742 0.855459 0.731491 0.839267 0.705685 0.79474 0.698095 0.763368 0.705179 0.761344 0.720359 0.781584 0.735539 0.793222 0.740093 0.765898 0.745659 0.760838 0.744141 0.752742 0.738575 0.724913 0.738069 0.718335 0.738575
0 0.958681 0.764886 0.951091 0.784114 0.947549 0.801824 0.953115 0.813967 0.965765 0.807895 0.972849 0.788668 0.977908 0.78209 0.97639 0.766404
0 0.969307 0.932875 0.952103 0.941983 0.948561 0.954127 0.955645 0.977908 0.959693 0.992076 0.983576 0.998047 0.995618 0.992076 0.997642 0.974872 0.982462 0.951091 0.992582 0.941477 0.988028 0.924779
0 0.0919183 0.849387 0.0833165 0.863554 0.0833165 0.874686 0.0898943 0.875698 0.0964722 0.875698 0.101026 0.880252 0.106592 0.859507
0 0.0853404 0.369707 0.0787625 0.379827 0.0898943 0.395513 0.0990022 0.396019 0.101532 0.379321 0.0939423 0.370719
0 0.107604 0.440546 0.106086 0.45522 0.115194 0.462304 0.126326 0.454714
