0 0.103556 0.000333954 0.110134 0.0134897 0.122784 0.0145017 0.127844 0 0.11254 0 0.102544 0
0 0.0408132 0.0241155 0.0448612 0.0443552 0.0418252 0.052451 0.0286694 0.0281635 0.0190556 0.0403072 0.0129837 0.055993 0.0185496 0.0868584 0.0256335 0.103556 0.0387893 0.10811 0.0575109 0.10305 0.0686427 0.0964722 0.0838225 0.0878704 0.0873644 0.0706667 0.0797745 0.0575109 0.0590289 0.0645948 0.0610529 0.055487 0.0676307 0.0423312 0.0615589 0.0220916 0.051945 0.0180436
0 0.0165257 0.114182 0.00994778 0.126832 0.0150077 0.136952 0.0301874 0.13341 0.0564989 0.121772 0.0696547 0.109628 0.0468851 0.110134 0.0271515 0.112664
0 0.0134897 0.143529 0.0124777 0.165287 0.0109598 0.187045 0.0180436 0.198176 0.0150077 0.208802 0.0327174 0.219428 0.0463791 0.195646 0.0362593 0.175407 0.0317054 0.159215 0.0347413 0.150613
0 0.0210796 0.257883 0.0180436 0.273063 0.0382833 0.273569 0.0448612 0.262437
0 0.0266455 0.339348 0.0418252 0.358576 0.0630768 0.370213 0.0610529 0.347444 0.052957 0.335806 0.0403072 0.336312
0 0.0433432 0.384381 0.0595349 0.408163 0.0742086 0.398549 0.0711727 0.377297
0 0.0802805 0.421318 0.0904003 0.4451 0.0974842 0.448136 0.0995082 0.46534 0.126832 0.469894 0.13088 0.487603 0.143023 0.506831 0.169335 0.514421 0.198682 0.498735 0.224488 0.491145 0.240174 0.46787 0.243716 0.444088 0.249281 0.423342 0.24068 0.408669 0.226006 0.429414 0.217404 0.443076 0.216392 0.462304 0.198682 0.477483 0.165793 0.481531 0.150613 0.46028 0.127844 0.452184 0.13088 0.439534 0.147577 0.434474 0.163769 0.408669 0.168829 0.392477 0.164275 0.377297 0.146059 0.377297 0.140999 0.400067 0.129868 0.413729 0.106086 0.414741 0.0914123 0.407151 0.0777506 0.411705
0 0.397537 0.388429 0.387417 0.411705 0.397537 0.427896 0.412211 0.420812 0.412211 0.416259 0.431944 0.413223 0.436498 0.397031 0.415753 0.384887
0 0.347444 0.349468 0.33783 0.373249 0.357058 0.380839 0.366671 0.357564
0 0.328722 0.383875 0.314048 0.403103 0.318096 0.415247 0.34542 0.404115 0.339348 0.388935
0 0.482543 0.503289 0.461798 0.511385 0.489121 0.525047 0.514421 0.525047 0.511891 0.505819
0 0.546298 0.284195 0.536178 0.293809 0.552876 0.308988 0.562996 0.299881 0.561478 0.276605
0 0.487603 0.293809 0.486085 0.311012 0.503795 0.316072 0.501265 0.299881
0 0.0797745 0.0246215 0.0777506 0.0564989 0.0898943 0.0564989 0.0904003 0.0322114 0.0888824 0.0231035
0 0.0251275 0.493169 0.0296814 0.505819 0.0428372 0.509867 0.0458731 0.497723 0.0362593 0.494181
