2 0.209961 0.758789 0.227539 0.750977 0.22168 0.745117 0.208008 0.749023
2 0.569336 0.479492 0.579102 0.479492 0.579102 0.475586 0.56543 0.473633
2 0.454102 0.473633 0.456055 0.481445 0.461914 0.481445 0.46582 0.479492 0.461914 0.473633
2 0.487305 0.514648 0.491211 0.510742 0.493164 0.512695 0.49707 0.516602 0.49707 0.520508 0.485352 0.520508
2 0.522461 0.499023 0.530273 0.49707 0.530273 0.493164 0.522461 0.493164
2 0.383789 0.50293 0.391602 0.50293 0.393555 0.489258 0.387695 0.491211 0.383789 0.493164
2 0.418945 0.59082 0.420898 0.598633 0.424805 0.598633 0.426758 0.59082
2 0.385742 0.541992 0.387695 0.551758 0.387695 0.557617 0.383789 0.557617 0.383789 0.563477 0.379883 0.563477 0.375977 0.555664 0.383789 0.555664 0.381836 0.541992
2 0.40332 0.504883 0.407227 0.508789 0.411133 0.512695 0.413086 0.510742 0.40918 0.504883 0.405273 0.50293
2 0.235352 0.749023 0.241211 0.758789 0.250977 0.754883 0.24707 0.745117
