2 0.641677 0.740093 0.6351 0.755272 0.649773 0.760838 0.657869 0.750719
2 0.547563 0.88177 0.545539 0.901504 0.562743 0.897962 0.562237 0.890878
2 0.652303 0.970319 0.647243 0.98398 0.661917 0.990052 0.665459 0.974366
2 0.629534 0.177937 0.625992 0.201212 0.642689 0.195646 0.639653 0.185021
2 0.700878 0.181479 0.694301 0.199188 0.707962 0.206778 0.711504 0.190587
2 0.682663 0.055993 0.674567 0.0711727 0.69683 0.0731966 0.697842 0.0640888
2 0.167564 0.898974 0.16048 0.91213 0.17313 0.915672 0.17566 0.900492
2 0.247005 0.881264 0.233343 0.890372 0.242451 0.908082 0.253076 0.895938
2 0.437257 0.0833165 0.442317 0.10558 0.452943 0.0949543 0.451931 0.0838225
2 0.464075 0.488615 0.459521 0.507337 0.471159 0.517457 0.481784 0.501265
