0 0.221199 0.313036 0.211585 0.327204 0.221199 0.339348 0.241945 0.33783 0.245993 0.324674 0.234355 0.313542
0 0.261678 0.303423 0.257124 0.322144 0.274834 0.33024 0.286978 0.318096 0.279894 0.311518
0 0.252064 0.34795 0.230813 0.348456 0.235873 0.364141 0.254594 0.374261 0.259654 0.35301
0 0.641677 0.833701 0.628016 0.851917 0.641171 0.863554 0.658881 0.865072 0.652809 0.839267
0 0.819786 0.462304 0.813714 0.471918 0.821304 0.483049 0.835978 0.477989 0.838002 0.465846
0 0.839014 0.378309 0.827376 0.389947 0.832942 0.404621 0.854194 0.404115 0.860772 0.384887
0 0.932622 0.246752 0.91896 0.266485 0.917949 0.285713 0.932622 0.294821 0.945272 0.265473
0 0.908335 0.294315 0.905299 0.308482 0.917443 0.314048 0.916937 0.297857
0 0.994859 0.131892 0.979173 0.140999 0.971078 0.158709 0.996377 0.168323 0.998047 0.168084 0.998047 0.131892
0 0.919466 0.210826 0.906817 0.232584 0.916431 0.239162 0.939706 0.230054 0.943248 0.21791 0.933128 0.210826
0 0.957416 0.627257 0.947802 0.65205 0.973102 0.654074 0.973608 0.623715
0 0.896191 0.64699 0.891637 0.668748 0.917443 0.68747 0.93414 0.685446 0.937682 0.668242 0.908335 0.646484
0 0.872915 0.696577 0.902769 0.718335 0.923008 0.718841 0.915925 0.698601 0.896697 0.677856 0.879999 0.676338 0.868361 0.681904
