0 0.702902 0.101532 0.681145 0.122784 0.662423 0.142011 0.63257 0.160227 0.60221 0.183503 0.590066 0.201718 0.59968 0.23309 0.616378 0.247258 0.60727 0.265979 0.578935 0.299881 0.565273 0.325686 0.566791 0.348456 0.542503 0.369201 0.523276 0.384381 0.516698 0.404115 0.515686 0.419294 0.524288 0.443582 0.546551 0.428402 0.569827 0.398043 0.594114 0.392983 0.609294 0.362623 0.625992 0.308482 0.673049 0.255859 0.699866 0.217404 0.720106 0.192105 0.724154 0.158203 0.73731 0.144541 0.763621 0.10811 0.74996 0.107604 0.728708 0.114182 0.723142 0.102038 0.709986 0.0939423
0 0.528335 0.461292 0.526312 0.487097 0.516698 0.519481 0.5253 0.54478 0.541997 0.558442 0.571851 0.559454 0.582983 0.524035 0.572863 0.511891 0.560213 0.517963 0.550599 0.507337 0.552117 0.484567 0.550599 0.46787 0.541491 0.461292
0 0.598668 0.513409 0.58956 0.525047 0.590066 0.54225 0.61233 0.543262 0.613848 0.524035
0 0.640159 0.534154 0.623462 0.548828 0.641677 0.561984 0.659893 0.553382 0.650785 0.536178
0 0.681145 0.563502 0.670013 0.582224 0.685699 0.591331 0.699866 0.579694 0.687217 0.56502
0 0.778801 0.540732 0.776271 0.550852 0.768175 0.574634 0.777283 0.593355 0.808654 0.601957 0.823834 0.571092 0.818268 0.548322 0.785379 0.538708
0 0.962982 0.671278 0.963994 0.701131 0.966524 0.719853 0.992329 0.716817 0.993847 0.696577 0.980185 0.682916
0 0.8547 0.693036 0.835978 0.711251 0.843062 0.733009 0.86229 0.730985 0.869879 0.712263 0.873927 0.701637
0 0.763621 0.863048 0.755019 0.877216 0.767669 0.890878 0.797523 0.880758 0.789427 0.861025 0.772223 0.859507
0 0.81928 0.829147 0.805113 0.839773 0.807136 0.855965 0.838002 0.857989 0.863301 0.841797 0.864313 0.824087 0.846604 0.814473 0.826364 0.818015
0 0.869879 0.824087 0.866843 0.842809 0.853688 0.864566 0.866843 0.872662 0.889613 0.860013 0.894167 0.833701 0.875445 0.825099
0 0.767163 0.919719 0.748948 0.935911 0.746418 0.951597 0.759573 0.972343 0.780319 0.954633 0.808654 0.935911 0.792969 0.911624 0.778295 0.916684
