2 0.980185 0.0114658 0.977655 0.0286694 0.990305 0.0281635 0.989293 0.0150077
2 0.907829 0.0919183 0.894167 0.0929303 0.903275 0.118736 0.92655 0.119748 0.928068 0.10558 0.914913 0.0934363
2 0.786391 0.119242 0.791957 0.134928 0.805113 0.128856 0.799041 0.119748
2 0.855712 0.319108 0.83952 0.329228 0.84711 0.343396 0.867855 0.338842 0.861784 0.319108
2 0.975125 0.294315 0.96197 0.31253 0.973608 0.319614 0.984739 0.305446
2 0.834966 0.267497 0.828894 0.272051 0.82687 0.284195 0.848122 0.279641 0.851158 0.269015
2 0.783355 0.308988 0.774247 0.320626 0.789933 0.32771 0.803089 0.32012
2 0.71454 0.351998 0.708974 0.370213 0.7196 0.382357 0.728708 0.359588 0.722636 0.351492
2 0.765645 0.321638 0.772729 0.341372 0.781837 0.338336 0.781837 0.324674
2 0.72466 0.236632 0.720612 0.247764 0.731744 0.250799 0.733262 0.239162
2 0.730732 0.277617 0.729214 0.293809 0.735792 0.294315 0.740852 0.283183
2 0.732756 0.328216 0.72972 0.352504 0.738828 0.356552 0.743382 0.335806 0.742876 0.32518
2 0.959946 0.608029 0.965006 0.629281 0.974114 0.619161 0.973608 0.606005 0.965512 0.606005
2 0.756537 0.717323 0.762103 0.734527 0.781331 0.733009 0.779307 0.720359
2 0.922502 0.735539 0.916431 0.745659 0.929586 0.755778 0.93667 0.744141
2 0.279894 0.840279 0.273316 0.858495 0.290014 0.859001 0.298616 0.842303 0.286472 0.837243
2 0.109881 0.851411 0.113929 0.870638 0.126073 0.872156 0.129615 0.851411
