2 0.139734 0.498229 0.129109 0.502277 0.136193 0.517963 0.15542 0.509867
2 0.266232 0.869626 0.257124 0.881264 0.267244 0.888348 0.269774 0.878734
2 0.350733 0.69 0.344661 0.701637 0.353769 0.710239 0.355287 0.699107
2 0.628522 0.609041 0.616884 0.620679 0.629028 0.629281 0.633076 0.619161
2 0.799547 0.791704 0.787909 0.800812 0.797523 0.813461 0.806631 0.809413
2 0.889107 0.706697 0.877975 0.714287 0.886577 0.723395
2 0.549587 0.372237 0.544021 0.383369 0.556165 0.379827
2 0.538455 0.292291 0.528841 0.295833 0.532889 0.305446
2 0.544527 0.0833165 0.540479 0.0990022 0.551105 0.0995082
2 0.26775 0.227524 0.262184 0.23309 0.269268 0.244222 0.274834 0.23815
2 0.316325 0.189575 0.309241 0.195646 0.315313 0.204754 0.319867 0.198176
2 0.864819 0.349468 0.855206 0.354528 0.861278 0.365153
