0 0.902516 0.0468851 0.89948 0.0615589 0.913889 0.0620807 0.927693 0.074863 0.911118 0.0752206 0.913142 0.0898943 0.930345 0.0949543 0.942995 0.0924243 0.948055 0.0812925 0.946537 0.0590289 0.933381 0.0473911 0.919513 0.0380501
0 0.827629 0.136952 0.834713 0.155673 0.844327 0.162757 0.850905 0.151625 0.844833 0.139987 0.831677 0.131386
0 0.791198 0.165287 0.776524 0.165287 0.775841 0.183256 0.796258 0.184515 0.804354 0.182491 0.804354 0.169841
0 0.79221 0.261425 0.790186 0.268509 0.78462 0.274581 0.77703 0.279641 0.772476 0.289255 0.788668 0.293809 0.802939 0.291138 0.813967 0.294821 0.823581 0.285207 0.818015 0.276605 0.813461 0.266991 0.805495 0.258416
0 0.607017 0.460786 0.633329 0.459774 0.647496 0.442064 0.654074 0.445606 0.6647 0.472423 0.673808 0.485073 0.675326 0.496711 0.688988 0.503795 0.699613 0.492663 0.694048 0.474953 0.69 0.461292 0.68241 0.442064 0.672796 0.428908 0.656604 0.416259 0.639401 0.413223 0.629281 0.416764 0.626245 0.429414 0.614101 0.439534 0.596391 0.44763
0 0.670004 0.523775 0.675628 0.536046 0.687899 0.542181 0.695057 0.536046 0.693523 0.548317 0.684831 0.559565 0.675628 0.571836 0.666425 0.58513 0.6608 0.599957 0.659778 0.615296 0.655176 0.627567 0.652109 0.640349 0.660289 0.646996 0.675117 0.637281 0.688921 0.608649 0.686876 0.596378 0.693012 0.579505 0.712441 0.55343 0.712952 0.536557 0.712952 0.52173 0.693523 0.517128 0.679718 0.517128
0 0.656199 0.655688 0.65671 0.670515 0.660289 0.674094 0.650575 0.682275 0.63268 0.687899 0.629101 0.701704 0.62501 0.713975 0.62501 0.726757 0.631146 0.738005 0.646996 0.738516 0.657221 0.727268 0.659267 0.714486 0.662334 0.703749 0.67665 0.697102 0.684831 0.676139 0.682786 0.661312 0.674605 0.653131 0.666936 0.651086
0 0.623988 0.749765 0.619386 0.767149 0.627567 0.778397 0.63677 0.781976 0.644439 0.765103 0.641371 0.75181 0.630634 0.750276
0 0.457819 0.79527 0.449127 0.804984 0.452706 0.822879 0.461398 0.833105 0.472135 0.841797 0.494631 0.837707 0.507414 0.854579 0.517128 0.869406 0.527354 0.880144 0.547806 0.875542 0.575415 0.878098 0.59331 0.869406 0.592288 0.849466 0.560588 0.844353 0.540647 0.840774 0.535535 0.841797 0.530933 0.825947 0.519685 0.817255 0.506902 0.809586 0.487985 0.814187 0.476736 0.810097 0.479804 0.803961 0.473669 0.797315
0 0.436344 0.729313 0.430209 0.742607 0.444014 0.749254 0.451172 0.74005 0.44657 0.732381 0.441457 0.728291
