2 0.829861 0.244466 0.827691 0.260742 0.843967 0.265082 0.846137 0.249891
2 0.826606 0.217339 0.823351 0.234701 0.839627 0.240126 0.839627 0.222765
2 0.914497 0.0762804 0.913411 0.0936415 0.931858 0.0947266 0.932943 0.0762804
2 0.727865 0.0361328 0.72895 0.0534939 0.743056 0.054579 0.74197 0.0372179
2 0.396918 0.46365 0.399089 0.482096 0.41862 0.483181 0.41428 0.46365
2 0.367622 0.325846 0.366536 0.342122 0.381727 0.344293 0.382812 0.329102
2 0.355686 0.259657 0.352431 0.273763 0.366536 0.277018 0.373047 0.263997
2 0.192925 0.316081 0.192925 0.332357 0.205946 0.332357 0.208116 0.314996
2 0.000868056 0.588433 0.00195312 0.609049 0.014974 0.607964 0.016059 0.590603
2 0.623698 0.979058 0.623889 0.998047 0.642144 0.998047 0.643229 0.981228
2 0.97092 0.704536 0.96875 0.719727 0.982856 0.721897 0.986111 0.707791
2 0.756076 0.973633 0.759332 0.990994 0.773438 0.992079 0.773438 0.976888
2 0.462023 0.854275 0.462023 0.874891 0.478299 0.872721 0.476128 0.856445
2 0.924262 0.427843 0.923177 0.449544 0.931858 0.458225 0.949219 0.45497 0.949219 0.444119 0.939453 0.437609
2 0.625868 0.346463 0.625868 0.362739 0.642144 0.361654 0.639974 0.347548
2 0.638889 0.38444 0.634549 0.398546 0.64974 0.402886 0.652995 0.38661
2 0.64974 0.389865 0.648655 0.407227 0.66276 0.403971 0.663845 0.389865
2 0.694227 0.166341 0.696398 0.188043 0.710503 0.188043 0.708333 0.169596
2 0.646484 0.183702 0.645399 0.198893 0.66059 0.199978 0.66059 0.185872
2 0.370877 0.586263 0.369792 0.599284 0.383898 0.603624 0.383898 0.590603
2 0.8125 0.906359 0.8125 0.917209 0.826606 0.918294 0.827691 0.903103
2 0.863498 0.898763 0.860243 0.915039 0.874349 0.915039 0.877604 0.898763
2 0.0834414 0.656412 0.0785788 0.670189 0.0972186 0.673431 0.098029 0.653981
2 0.396266 0.257683 0.393834 0.269029 0.408422 0.276323 0.418147 0.260114
2 0.359796 0.21473 0.352503 0.225266 0.369522 0.231749 0.376815 0.220403
2 0.676673 0.0259012 0.674241 0.0421097 0.688829 0.0453514 0.69045 0.0299533
