0 0.0602939 0.543262 0.0866054 0.548828 0.0936893 0.566032 0.117471 0.57261 0.129615 0.556418 0.116459 0.535672 0.0876174 0.519481 0.0638358 0.516951 0.052704 0.519987 0.051186 0.535672
0 0.112411 0.674314 0.108869 0.683928 0.117471 0.693542 0.125567 0.68494 0.117977 0.676338
0 0.0957132 0.692024 0.0921713 0.707203 0.106339 0.714287 0.106339 0.701131
0 0.226259 0.716817 0.215633 0.731491 0.237897 0.750213 0.256618 0.740093 0.244981 0.724407
0 0.185274 0.776524 0.182744 0.821557 0.201971 0.844833 0.224741 0.853435 0.2551 0.842809 0.244981 0.792716 0.224741 0.769946
0 0.154408 0.825605 0.16048 0.845339 0.169588 0.863048 0.18325 0.885312 0.204501 0.895938 0.210067 0.907576 0.236885 0.915672 0.251052 0.888854 0.237391 0.861025 0.205513 0.852929 0.189322 0.835219 0.17313 0.817003
0 0.238403 0.763874 0.243969 0.788162 0.252064 0.803342 0.261678 0.823581 0.273316 0.841797 0.276352 0.859507 0.279388 0.872156 0.305193 0.893914 0.312783 0.862543 0.323409 0.835725 0.310759 0.809919 0.297604 0.781078 0.261172 0.769946
0 0.241439 0.851917 0.256112 0.881264 0.27028 0.899986 0.279894 0.883794 0.269774 0.854953 0.253582 0.843821
0 0.347697 0.841291 0.353769 0.880252 0.371478 0.890878 0.371984 0.850399 0.356805 0.834713
0 0.363888 0.944007 0.398296 0.951091 0.432703 0.933381 0.451931 0.927815 0.463063 0.933381 0.460027 0.901504 0.444341 0.89189 0.39273 0.913648 0.363382 0.915672
0 0.446365 0.997642 0.448389 0.973861 0.451425 0.940465 0.458509 0.930345 0.468123 0.923261 0.481278 0.921743 0.509614 0.936923 0.544527 0.938441 0.564261 0.940465 0.574887 0.954633 0.593608 0.976896 0.602716 0.992582 0.59691 0.998047 0.566285 0.995618 0.554141 0.973861 0.527324 0.972849 0.499494 0.969813 0.478242 0.980438 0.478748 0.9941 0.477268 0.998047 0.449401 0.998047
0 0.623462 0.838255 0.61992 0.856977 0.615872 0.875698 0.626498 0.887336 0.652303 0.888854 0.675073 0.882276 0.661917 0.859507 0.650279 0.855459 0.639148 0.844327 0.634594 0.836231
0 0.701384 0.947043 0.717576 0.949573 0.72719 0.930851 0.733262 0.913142 0.736804 0.882276 0.723142 0.872156 0.709986 0.872662 0.698348 0.883288 0.682157 0.890878 0.673049 0.90201 0.687723 0.913648 0.706444 0.91213 0.71201 0.907576 0.70695 0.927815 0.700878 0.936923
0 0.0967252 0.969813 0.0972312 0.990052 0.109375 0.99663 0.113423 0.976896 0.0936893 0.962729
