0 0.0802805 0.580706 0.104062 0.571092 0.10811 0.558442 0.112158 0.550346 0.144035 0.551864 0.167817 0.552876 0.19514 0.54225 0.211838 0.531624 0.228536 0.523529 0.238656 0.514927 0.253329 0.512903 0.268003 0.515939 0.275087 0.500759 0.310506 0.496205 0.325686 0.502277 0.341372 0.526059 0.334794 0.550852 0.326192 0.583741 0.311518 0.573622 0.307976 0.553382 0.30747 0.53972 0.314048 0.529094 0.296845 0.524541 0.284195 0.53466 0.273063 0.547816 0.284701 0.558442 0.290267 0.568056 0.292291 0.588295 0.288749 0.598415 0.266485 0.587283 0.258895 0.602969 0.258895 0.619161 0.236126 0.634847 0.209561 0.640918 0.186286 0.639401 0.162504 0.625233 0.146565 0.607017 0.138975 0.582224 0.132904 0.594873 0.120254 0.599933 0.0934363 0.599933 0.0747146 0.594367
0 0.332264 0.624727 0.352504 0.624727 0.370213 0.628269 0.382357 0.626245 0.397537 0.632317 0.413223 0.632823 0.426378 0.622197 0.403103 0.614607 0.396019 0.604993 0.373249 0.602463 0.359588 0.602463 0.33277 0.603475 0.321638 0.614101
0 0.420306 0.659134 0.442823 0.669254 0.458256 0.65711 0.468376 0.646484 0.44763 0.639906 0.432703 0.642942
0 0.512397 0.665206 0.506831 0.668748 0.503036 0.682916 0.522517 0.683422 0.529094 0.671278
0 0.65711 0.542756 0.677856 0.539214 0.702143 0.539214 0.703661 0.551864 0.680639 0.562996 0.659134 0.56249
0 0.703155 0.531624 0.724913 0.506831 0.707962 0.496711 0.686458 0.509361 0.690506 0.530612
0 0.736045 0.505313 0.75679 0.480519 0.749201 0.469894 0.735539 0.476471 0.729973 0.497217
0 0.775512 0.440546 0.778548 0.459268 0.789427 0.473435 0.80233 0.476471 0.806884 0.45775 0.79727 0.441052 0.780066 0.438016
0 0.835725 0.515939 0.845845 0.515433 0.863554 0.523023 0.878734 0.524035 0.905805 0.517963 0.913142 0.547816 0.894673 0.558948 0.876457 0.569068 0.855965 0.57008 0.833448 0.553382 0.829906 0.531624
0 0.78209 0.587283 0.80233 0.583741 0.828135 0.599427 0.830665 0.612583 0.817509 0.635353 0.803595 0.641424 0.808654 0.604993 0.78968 0.609041
0 0.900492 0.576152 0.911118 0.591331 0.898974 0.598921 0.8843 0.587283
