2 0.560572 0.394309 0.559335 0.41656 0.576642 0.423976 0.58035 0.393073
2 0.467448 0.753948 0.469548 0.770749 0.484249 0.763399 0.483199 0.750798
2 0.534341 0.787603 0.535414 0.8037 0.55473 0.801554 0.549365 0.787603
2 0.638436 0.829456 0.63307 0.843407 0.648094 0.845553 0.65024 0.833748
2 0.63307 0.973257 0.631997 0.989354 0.647021 0.992574 0.647021 0.975404
2 0.606241 0.945355 0.605168 0.958233 0.620192 0.963599 0.619119 0.948575
2 0.420587 0.97755 0.416295 0.991501 0.432392 0.993647 0.433465 0.979696
2 0.368003 0.965745 0.370149 0.982916 0.383027 0.979696 0.378735 0.964672
2 0.339028 0.931405 0.339028 0.942136 0.355125 0.946429 0.356198 0.930331
2 0.330443 0.950721 0.32615 0.962526 0.333662 0.967891 0.343321 0.95716
2 0.252103 0.947502 0.25425 0.963599 0.267127 0.963599 0.264981 0.948575
2 0.154447 0.901356 0.150155 0.913161 0.164105 0.915307 0.167325 0.90243
2 0.163032 0.72858 0.161959 0.744677 0.176983 0.746823 0.17591 0.731799
2 0.15552 0.796188 0.152301 0.809066 0.166252 0.814432 0.167325 0.800481
2 0.204885 0.792969 0.208104 0.807993 0.218836 0.80692 0.218836 0.790822
2 0.21669 0.74897 0.217763 0.763994 0.23064 0.762921 0.23064 0.750043
2 0.0911315 0.716775 0.0900584 0.731799 0.102936 0.732873 0.104009 0.714629
2 0.04779 0.685195 0.0486698 0.701031 0.0592272 0.701031 0.0592272 0.688714
2 0.0645059 0.687834 0.0671453 0.701031 0.0759431 0.701911 0.0759431 0.689594
2 0.0829814 0.683435 0.0829814 0.701911 0.0944186 0.701911 0.0944186 0.689594
2 0.102505 0.639859 0.102505 0.654582 0.116245 0.655563 0.116245 0.643785
2 0.797261 0.937843 0.792969 0.948575 0.805846 0.955014 0.814432 0.944282
