0 0.000732422 0.655029 0 0.7 0.0134766 0.728711 0.0294922 0.746289 0.0649683 0.761634 0.0807317 0.777782 0.102647 0.780858 0.109183 0.783934 0.109183 0.792392 0.098802 0.80085 0.104185 0.810847 0.104954 0.81969 0.090728 0.832377 0.0922659 0.846603 0.10726 0.850832 0.110336 0.860828 0.129175 0.87813 0.171083 0.884666 0.180695 0.874285 0.19146 0.876207 0.174543 0.918884 0.19146 0.915424 0.171852 0.941568 0.189153 0.948104 0.210665 0.966328 0.207253 0.994473 0.220899 0.98765 0.23881 0.98168 0.249045 0.970592 0.227722 0.971445 0.242222 0.959505 0.249045 0.945005 0.229428 0.942447 0.215782 0.953534 0.220899 0.935624 0.202989 0.935624 0.193607 0.935624 0.203841 0.925389 0.218341 0.911743 0.249045 0.916007 0.266103 0.924536 0.269514 0.905772 0.249898 0.89042 0.243927 0.873362 0.252456 0.852893 0.242222 0.850334 0.245633 0.829012 0.269514 0.812807 0.270367 0.788073 0.251603 0.776986 0.220899 0.773574 0.202136 0.764192 0.184225 0.773574 0.16205 0.772721 0.145845 0.770162 0.148403 0.750546 0.12964 0.772721 0.114288 0.771868 0.108317 0.757369 0.0972298 0.762486 0.0810248 0.755663 0.0690843 0.744576 0.0298513 0.726665
0 0.110023 0.660139 0.125375 0.711313 0.150109 0.685726 0.173137 0.701931 0.197871 0.718136 0.219194 0.712166 0.230281 0.719842 0.235398 0.707048 0.225164 0.707048 0.214929 0.693402 0.204694 0.695108 0.191901 0.688285 0.175696 0.682314 0.152668 0.675491
0 0.296807 0.788073 0.299365 0.809395 0.304483 0.828159 0.313012 0.870804 0.327511 0.894685 0.354803 0.913448 0.361627 0.900655 0.390625 0.887862 0.407683 0.864834 0.421329 0.85204 0.413653 0.820483 0.394037 0.817924 0.376126 0.810248 0.373567 0.828159 0.353098 0.834982 0.331775 0.851187 0.317276 0.823042 0.313012 0.794043
0 0.44082 0.8875 0.441016 0.896875 0.456836 0.89668 0.456055 0.885938
0 0.32832 0.910352 0.312891 0.919727 0.316406 0.933203 0.319727 0.94375 0.322266 0.951562 0.309375 0.958398 0.309375 0.966016 0.321484 0.964844 0.320898 0.958203 0.327148 0.956055 0.330859 0.95957 0.336914 0.955664 0.335352 0.949219 0.330469 0.946289 0.333984 0.94082 0.322852 0.933789 0.332227 0.929883 0.33418 0.918555
0 0.377524 0.719437 0.372885 0.728715 0.377988 0.743097 0.387266 0.743561 0.39005 0.756087 0.401184 0.752375 0.41139 0.7482 0.404431 0.726395 0.390978 0.728715
0 0.360156 0.749805 0.360742 0.757812 0.370312 0.757617 0.370508 0.748242
0 0.443555 0.754102 0.427539 0.763672 0.433594 0.779102 0.439258 0.774414 0.4375 0.765039 0.446289 0.760938 0.454297 0.763086 0.45625 0.754687
0 0.472852 0.771094 0.472266 0.782422 0.461719 0.782813 0.465039 0.789062 0.4625 0.792773 0.464062 0.80293 0.470117 0.807617 0.47793 0.815234 0.486719 0.819531 0.493359 0.814844 0.491797 0.809375 0.497656 0.805273 0.492578 0.794336 0.500391 0.786914 0.495703 0.78125 0.498828 0.776953 0.500781 0.766406 0.495117 0.76543 0.494141 0.773633 0.491797 0.784375 0.488281 0.791797 0.482617 0.79082 0.483203 0.78457 0.475977 0.784766 0.476953 0.778125 0.483984 0.779297 0.48457 0.77168
0 0.269518 0.728403 0.269078 0.73545 0.291758 0.737651 0.292198 0.730165
