2 0.719184 0.664388 0.719184 0.678494 0.732205 0.681749 0.732205 0.666558
2 0.746311 0.704536 0.745226 0.718641 0.759332 0.725152 0.761502 0.711046
2 0.698568 0.766385 0.698568 0.783746 0.709418 0.785916 0.709418 0.76964
2 0.931858 0.607964 0.929687 0.623155 0.944878 0.623155 0.948134 0.609049
2 0.777778 0.593859 0.777778 0.609049 0.792969 0.610135 0.790799 0.594944
2 0.301432 0.492947 0.301432 0.507053 0.315538 0.510308 0.318793 0.492947
2 0.109375 0.719081 0.111545 0.728407 0.125651 0.725152 0.124876 0.71288
2 0.0898438 0.154405 0.0898438 0.169596 0.105035 0.170681 0.10612 0.154405
2 0.1148 0.134874 0.118056 0.150065 0.131076 0.15115 0.129991 0.133789
2 0.186415 0.475586 0.1875 0.490777 0.201606 0.490777 0.198351 0.476671
2 0.213542 0.53635 0.212457 0.551541 0.225477 0.553711 0.228733 0.54286
2 0.296007 0.439779 0.291667 0.453885 0.309028 0.45714 0.311198 0.439779
2 0.227648 0.354058 0.227648 0.367079 0.241753 0.368164 0.242839 0.358398
2 0.0562066 0.325846 0.0540365 0.341037 0.0681424 0.341037 0.0692274 0.328016
2 0.10829 0.296549 0.10612 0.30957 0.118056 0.312826 0.122396 0.296549
2 0.174479 0.402886 0.190755 0.411567 0.195095 0.395291 0.182075 0.387695
2 0.170139 0.401801 0.18316 0.415907 0.171224 0.427843 0.158203 0.418077
2 0.33941 0.933485 0.33941 0.948676 0.353516 0.946506 0.351345 0.93457
2 0.280816 0.983398 0.278646 0.996419 0.300347 0.996419 0.296007 0.982313
2 0.171224 0.832574 0.171224 0.84885 0.186415 0.84885 0.1875 0.832574
2 0.629123 0.408312 0.629123 0.425673 0.646484 0.422418 0.643229 0.409397
2 0.734375 0.0762804 0.734375 0.0903863 0.749566 0.0925564 0.750651 0.0784505
