2 0.25257 0.574634 0.249349 0.591688 0.266232 0.590319 0.276476 0.572157
2 0.73112 0.752279 0.72895 0.77181 0.748481 0.77615 0.750651 0.752279
2 0.544488 0.909614 0.546658 0.929145 0.560764 0.92806 0.562934 0.912869
2 0.0453559 0.211914 0.0442708 0.229275 0.0648872 0.22819 0.0605469 0.212999
2 0.605252 0.113173 0.600911 0.127279 0.619358 0.127279 0.617188 0.113173
2 0.777778 0.192383 0.774523 0.210829 0.790799 0.215169 0.791884 0.203234
2 0.751736 0.268338 0.751736 0.279188 0.764757 0.281359 0.766927 0.268338
2 0.700738 0.260742 0.700738 0.277018 0.719184 0.277018 0.715929 0.261827
2 0.297092 0.160916 0.293837 0.176107 0.311198 0.183702 0.313368 0.168511
2 0.980686 0.0426432 0.980686 0.0578342 0.998047 0.0605754 0.998047 0.0448134
2 0.924262 0.134874 0.921007 0.150065 0.939453 0.147895 0.938368 0.135959
2 0.89605 0.249891 0.89605 0.267253 0.909071 0.268338 0.907986 0.253147
2 0.0387146 0.795324 0.0412512 0.806195 0.0510349 0.80547 0.0484984 0.793512
2 0.560213 0.435992 0.558594 0.451714 0.573785 0.452799 0.57487 0.437609
2 0.503542 0.482037 0.5 0.495117 0.513156 0.497217 0.518216 0.494181 0.518446 0.481011
2 0.417535 0.407227 0.421875 0.426758 0.432726 0.426758 0.433811 0.409397
2 0.648759 0.258134 0.648523 0.265691 0.656788 0.265691 0.656788 0.257425
2 0.789044 0.098719 0.789044 0.107457 0.798018 0.10793 0.797546 0.0980105
2 0.429357 0.140049 0.429593 0.148787 0.43715 0.148551 0.436206 0.13934
2 0.679492 0.189648 0.680273 0.198047 0.688867 0.19668 0.6875 0.189844
2 0.0314674 0.134378 0.0314674 0.140538 0.0398017 0.140538 0.0398017 0.135103
2 0.667638 0.717771 0.666479 0.733419 0.67865 0.733709 0.680389 0.71893
2 0.630546 0.592585 0.629967 0.601279 0.638371 0.601279 0.640109 0.592295
