2 0.614453 0.0369141 0.611523 0.0431641 0.614258 0.0498047 0.618164 0.0498047 0.620117 0.0458984 0.625977 0.0419922 0.629883 0.0361328 0.625781 0.0291016 0.618164 0.0322266
2 0.540039 0.0849609 0.545898 0.0810547 0.549805 0.0810547 0.551758 0.0927734 0.543945 0.0947266 0.543945 0.0869141
2 0.488864 0.139051 0.508687 0.144298 0.50293 0.157227 0.494986 0.16004 0.487698 0.153918
2 0.331055 0.288086 0.327695 0.292274 0.326702 0.298563 0.329883 0.300586 0.333203 0.297852 0.336914 0.291992
2 0.350973 0.272473 0.360082 0.276492 0.363565 0.281314 0.361958 0.287476 0.356164 0.288632 0.34883 0.283726
2 0.659375 0.0220703 0.668945 0.0263672 0.666992 0.0341797 0.665039 0.0361328 0.655859 0.0273438
2 0.680664 0.00878906 0.680664 0.0146484 0.676758 0.0185547 0.678711 0.0205078 0.68457 0.0185547 0.68457 0.00878906
2 0.157227 0.325 0.157422 0.332813 0.165625 0.332617 0.165625 0.323633
2 0.218359 0.364453 0.218555 0.372461 0.22832 0.37168 0.227734 0.364063
2 0.284766 0.345117 0.285156 0.352539 0.295898 0.351758 0.294727 0.345117
2 0.416602 0.215039 0.417187 0.225 0.426172 0.223633 0.425 0.214453
2 0.429102 0.218359 0.42793 0.244531 0.435547 0.245312 0.436133 0.218164
2 0.429688 0.269141 0.427539 0.277148 0.44082 0.280664 0.441406 0.271289
2 0.433789 0.321094 0.432031 0.327734 0.442383 0.329297 0.443164 0.323437
2 0.455469 0.308203 0.456055 0.314453 0.46582 0.314648 0.464648 0.307812
2 0.4625 0.320117 0.4625 0.326562 0.469727 0.326367 0.469336 0.319336
2 0.385352 0.400977 0.385352 0.408398 0.397656 0.408594 0.397266 0.4
2 0.579297 0.623437 0.578711 0.631641 0.58418 0.631836 0.584375 0.623047
2 0.64668 0.579688 0.646484 0.588672 0.653516 0.588477 0.65293 0.580469
2 0.949609 0.760742 0.95 0.770508 0.95918 0.769531 0.958008 0.760742
2 0.813281 0.148438 0.813086 0.154492 0.81543 0.154492 0.814844 0.161914 0.82168 0.161719 0.822461 0.154492 0.820117 0.153906 0.819141 0.148047
2 0.858789 0.105078 0.853516 0.111523 0.858203 0.11875 0.86543 0.115234 0.866602 0.107813
2 0.861328 0.117773 0.860547 0.127539 0.867969 0.12793 0.867969 0.117383
2 0.906445 0.132227 0.906445 0.141016 0.916211 0.14043 0.916016 0.132812
2 0.894336 0.0242188 0.894531 0.0332031 0.901758 0.0330078 0.902148 0.0232422
2 0.838672 0.0126953 0.848437 0.0126953 0.848633 0.000390625 0.838867 0
2 0.807031 0.00742187 0.807031 0.0154297 0.814063 0.0154297 0.814063 0.00800781
2 0.775711 0.343692 0.77542 0.351271 0.783291 0.351562 0.783291 0.343692
2 0.751516 0.311625 0.750641 0.320662 0.75997 0.320662 0.759387 0.311625
2 0.643074 0.130306 0.642782 0.144298 0.652111 0.14284 0.65007 0.129139
2 0.628498 0.146339 0.62879 0.158582 0.63841 0.15625 0.636077 0.144007
2 0.629956 0.053055 0.631413 0.0798741 0.642199 0.078708 0.638993 0.0521805
2 0.644531 0.0323577 0.64424 0.0437267 0.65386 0.0416861 0.651528 0.0309002
2 0.566406 0.06559 0.566115 0.0722948 0.583605 0.0722948 0.582148 0.0652985
2 0.576318 0.0332323 0.575735 0.0428521 0.584188 0.0422691 0.584771 0.0338153
2 0.539004 0.136719 0.539004 0.146047 0.550082 0.145464 0.550082 0.138759
2 0.433477 0.126224 0.433186 0.133804 0.436101 0.134387 0.436101 0.140508 0.444263 0.139925 0.444555 0.132638 0.440182 0.131763 0.440473 0.12535
2 0.381005 0.0737523 0.381005 0.0833722 0.390917 0.0833722 0.3915 0.0746269
2 0.421525 0.128848 0.421817 0.13701 0.428813 0.13701 0.427938 0.127973
2 0.475746 0.169951 0.476329 0.179279 0.4842 0.178988 0.483034 0.168785
2 0.452717 0.199977 0.452717 0.207556 0.460005 0.207556 0.459422 0.199102
2 0.522388 0.135844 0.522388 0.143132 0.532008 0.143132 0.531716 0.135553
2 0.53125 0.0458984 0.530664 0.0542969 0.536914 0.0542969 0.537305 0.046875
2 0.969727 0.298242 0.95625 0.298047 0.957031 0.306055 0.962305 0.3125 0.971875 0.308008 0.974219 0.3
