0 0.62498 0.878734 0.643701 0.864566 0.661917 0.855459 0.670519 0.868108 0.656351 0.887842 0.645219 0.900998 0.631052 0.897962
0 0.675579 0.846351 0.672543 0.857989 0.681651 0.866084 0.691771 0.858495 0.688229 0.847869
0 0.684687 0.838761 0.698348 0.837243 0.71707 0.831171 0.717576 0.820545 0.703408 0.804354 0.694301 0.798788 0.680133 0.798282 0.669001 0.811437 0.676591 0.831677
0 0.725672 0.835219 0.746924 0.850399 0.762103 0.850399 0.779813 0.848881 0.805113 0.829653 0.819786 0.827629 0.837496 0.834207 0.850652 0.858495 0.858242 0.883288 0.863301 0.902516 0.869879 0.922755 0.876457 0.937429 0.883035 0.954127 0.909347 0.962223 0.919972 0.954633 0.926044 0.931863 0.92402 0.90454 0.900239 0.868614 0.889613 0.851917 0.878481 0.825605 0.869879 0.794234 0.856724 0.77956 0.817762 0.773994 0.789933 0.770452 0.769187 0.78715 0.771211 0.812449 0.752995 0.810425 0.73478 0.80486 0.72213 0.811943 0.72213 0.829653
0 0.97209 0.996124 0.967536 0.983474 0.981197 0.974366 0.997389 0.97639 0.998047 0.976802 0.998047 0.998047 0.974114 0.998047
0 0.881517 0.970825 0.901251 0.972343 0.911877 0.972849 0.91896 0.960199 0.932622 0.963741 0.940212 0.979932 0.94217 0.998047 0.915419 0.998047 0.897709 0.998047 0.877975 0.995618 0.870891 0.977908
0 0.863301 0.928321 0.857736 0.942995 0.866337 0.947549 0.872409 0.941477
0 0.748948 0.851917 0.744394 0.870638 0.772223 0.877216 0.796511 0.882782 0.818774 0.91719 0.841038 0.938441 0.8547 0.940465 0.86229 0.924273 0.863301 0.908588 0.854194 0.883794 0.846604 0.852423 0.835472 0.833701 0.812196 0.830159 0.791451 0.837749 0.762609 0.852423
0 0.799041 0.903022 0.786391 0.9096 0.797017 0.916684 0.801571 0.914154
0 0.861278 0.982462 0.846604 0.995112 0.864819 0.997642 0.867855 0.9941
0 0.780319 0.967789 0.769693 0.979426 0.782849 0.986004 0.785379 0.980438
