0 0.308735 0.502783 0.296086 0.506831 0.297604 0.521505 0.313289 0.531118 0.315819 0.511891
0 0.363382 0.387417 0.349721 0.383369 0.349721 0.401585 0.361358 0.413729 0.371984 0.396525
0 0.134675 0.799294 0.137205 0.812449 0.120001 0.818015 0.127085 0.830665 0.139228 0.837243 0.153902 0.837243 0.155926 0.814473 0.166046 0.806378 0.177684 0.814979 0.193369 0.815485 0.201971 0.809919 0.209055 0.795752 0.200959 0.780066 0.195899 0.765392 0.17566 0.754766 0.161998 0.765898 0.153902 0.776018 0.143276 0.79474
0 0.202983 0.741105 0.211079 0.765392 0.219681 0.769946 0.220187 0.79221 0.230813 0.78462 0.238403 0.799294 0.251558 0.791704 0.264714 0.793728 0.266738 0.7745 0.2551 0.766404 0.251052 0.75679 0.232837 0.749201 0.226259 0.738069
0 0.179202 0.826111 0.17819 0.850399 0.198935 0.856977 0.212091 0.866084 0.225247 0.842809 0.244475 0.843821 0.257124 0.829653 0.253582 0.811437 0.236885 0.816497 0.232331 0.798788 0.214115 0.807895 0.205513 0.811943 0.201971 0.830665 0.193369 0.824087 0.183756 0.819533
0 0.281918 0.458256 0.274328 0.469388 0.282424 0.474953 0.292544 0.46281
0 0.223223 0.513915 0.242957 0.513915 0.236885 0.527071 0.227271 0.527577
0 0.315819 0.493169 0.332011 0.489627 0.340107 0.506325 0.323915 0.501771
0 0.326951 0.44257 0.317843 0.448136 0.323915 0.458256 0.328975 0.453196
0 0.278376 0.475459 0.263196 0.475965 0.27281 0.488615
0 0.29305 0.491145 0.283436 0.495699 0.281412 0.503795 0.291026 0.509361
0 0.283942 0.511891 0.268256 0.513409 0.27028 0.524541 0.279388 0.527577
0 0.154408 0.861025 0.136193 0.857483 0.143276 0.872156
0 0.251052 0.911118 0.240427 0.910612 0.245993 0.920731
0 0.553129 0.362117 0.568309 0.364141 0.575393 0.375273 0.567803 0.379321 0.561225 0.374261
0 0.722636 0.442064 0.712516 0.4451 0.713528 0.454714 0.721118 0.454208
0 0.729214 0.46787 0.745406 0.46787 0.739334 0.482037
0 0.787909 0.617643 0.803595 0.619161 0.795499 0.631811
0 0.763621 0.75679 0.772729 0.75679 0.770199 0.76944
