0 0.339095 0.0104538 0.357817 0.0185496 0.37502 0.0170317 0.37755 0.00741783 0.371478 0.000333954 0.360124 5.42101e-20 0.360124 0 0.339095 0.00134594
0 0.528335 0.0033699 0.524288 0.0155137 0.533901 0.0225976 0.544021 0.0160197 0.540985 0.00741783
0 0.551611 0.000839945 0.561225 0.0114658 0.570333 0.00387589 0.567297 0.00134594
0 0.438063 0.00239302 0.420467 0.0136543 0.404279 0.0326577 0.402872 0.0456785 0.422931 0.0488457 0.439823 0.0287866 0.454603 0.0203407 0.458474 0.00380068
0 0.441582 0.0850929 0.466216 0.0903716 0.480293 0.0988176 0.47431 0.109375 0.446509 0.105504 0.432432 0.0945946
0 0.667159 0.0731278 0.667159 0.0910755 0.675605 0.0974099 0.683347 0.0921312 0.681588 0.0794623
0 0.543989 0.136472 0.535895 0.150901 0.554899 0.153364 0.555954 0.139992
0 0.612965 0.132953 0.603815 0.15266 0.628097 0.157235 0.63056 0.140695
0 0.636895 0.0710163 0.637247 0.0872044 0.635839 0.102337 0.64886 0.0921312 0.653435 0.0784065 0.649564 0.0674972
0 0.62317 0.102689 0.621059 0.119932 0.630208 0.120636 0.633024 0.107967
0 0.558418 0.0759431 0.555251 0.0935389 0.561585 0.103744 0.570735 0.0988176
0 0.692145 0.111135 0.681236 0.120636 0.695312 0.132249 0.704462 0.122044
0 0.743173 0.120988 0.73895 0.130138 0.752675 0.138936 0.757601 0.128378
0 0.787866 0.112894 0.802998 0.112894 0.818483 0.115709 0.823057 0.130842 0.812852 0.142103 0.795256 0.141047 0.783995 0.133657
0 0.74486 0.140443 0.736331 0.144139 0.740027 0.153236 0.748271 0.148972
0 0.796318 0.150962 0.787789 0.145276 0.782387 0.154658 0.787789 0.162903 0.798592 0.164608
0 0.761918 0.112013 0.754242 0.114572 0.756232 0.122817 0.764192 0.119974 0.765045 0.112013
0 0.709607 0.12566 0.700225 0.13163 0.707617 0.136179 0.714156 0.131346 0.712734 0.12566
0 0.525098 0.0156364 0.517137 0.0176265 0.520833 0.0264397 0.527088 0.0247339
0 0.568676 0.131681 0.560245 0.131681 0.558488 0.139761 0.567622 0.141166
