2 0.492916 0.686458 0.48988 0.699613 0.498988 0.708721 0.509108 0.699107
2 0.630546 0.0904003 0.616884 0.103556 0.638136 0.11317 0.641677 0.0979902
2 0.396272 0.201212 0.397284 0.21791 0.418029 0.216392 0.408416 0.2002
2 0.277364 0.176925 0.272304 0.184009 0.278376 0.194128 0.287484 0.189069
2 0.054728 0.449654 0.0395483 0.454714 0.051692 0.46534 0.0607999 0.46281
2 0.226765 0.405127 0.218669 0.414235 0.227777 0.423342 0.235367 0.415247
2 0.26775 0.733009 0.265726 0.749707 0.277364 0.75426 0.2804 0.738069
2 0.840625 0.657617 0.84043 0.667773 0.847852 0.668359 0.847852 0.656641
2 0.299805 0.79668 0.299805 0.805469 0.308008 0.805469 0.308203 0.79668
2 0.130859 0.87832 0.131055 0.888281 0.140625 0.888672 0.139063 0.87832
2 0.0511719 0.937305 0.0511719 0.94375 0.0605469 0.943555 0.0607422 0.937305
2 0.76543 0.383398 0.76543 0.390625 0.773828 0.39082 0.773438 0.383008
2 0.275195 0.0193359 0.275195 0.0285156 0.282813 0.0287109 0.282617 0.0193359
2 0.322656 0.321875 0.32207 0.330469 0.329688 0.330273 0.330078 0.32207
