2 0.0415722 0.0924243 0.0274045 0.0974842 0.0370183 0.11317 0.0491621 0.109628 0.0461261 0.0949543
2 0.208043 0.0812925 0.192864 0.0792685 0.190334 0.0868584 0.196911 0.0964722
2 0.250546 0.131892 0.233849 0.133916 0.229295 0.149095 0.241945 0.152131
2 0.244981 0.181985 0.207537 0.183503 0.207537 0.196658 0.224235 0.213356 0.236379 0.20273
2 0.372996 0.13088 0.353263 0.13088 0.348203 0.151119 0.368442 0.165793 0.371478 0.150107
2 0.669001 0.153649 0.652303 0.157697 0.654327 0.170853 0.666977 0.168829
2 0.973102 0.239162 0.954886 0.239162 0.945778 0.245234 0.94679 0.257377 0.971584 0.255353
2 0.762103 0.402597 0.74743 0.403609 0.747936 0.417776 0.760079 0.421824
2 0.802077 0.574128 0.792463 0.579188 0.796511 0.594873 0.805619 0.591331
2 0.389694 0.408669 0.366924 0.41727 0.380586 0.430932 0.394248 0.427896
2 0.136699 0.437004 0.126579 0.437004 0.124555 0.451172 0.136193 0.451678
2 0.056246 0.570586 0.0344883 0.577164 0.0476441 0.590825
2 0.0314524 0.643954 0.0177906 0.646484 0.0289224 0.657616
2 0.69668 0.0582031 0.697266 0.0677734 0.703516 0.0669922 0.70332 0.0572266
2 0.522266 0.519141 0.517383 0.524414 0.522266 0.528711 0.524609 0.535352 0.532031 0.531055 0.526367 0.526563
2 0.275 0.872461 0.274609 0.880469 0.281641 0.880664 0.282422 0.871875
2 0.241016 0.806055 0.24082 0.811914 0.248828 0.811914 0.249414 0.805664
2 0.511914 0.101953 0.512305 0.116211 0.525586 0.116016 0.533789 0.117773 0.533594 0.109961 0.526563 0.109961 0.527539 0.102734 0.517383 0.104688
2 0.325586 0.593555 0.325586 0.599023 0.333398 0.599023 0.333594 0.593945
2 0.0585938 0.538086 0.0587891 0.545703 0.071875 0.544531 0.0708984 0.537109
2 0.0679687 0.744922 0.0681641 0.754102 0.075 0.754102 0.0746094 0.744922
