2 0.056246 0.00842981 0.0425842 0.0119717 0.0456201 0.0231035 0.054222 0.0215856
2 0.18072 0.114182 0.16807 0.11317 0.167564 0.121266 0.175154 0.124808
2 0.342637 0.21791 0.331505 0.221452 0.335047 0.23056 0.340613 0.227524
2 0.541997 0.152131 0.535419 0.150613 0.532889 0.161239 0.539467 0.164275 0.547563 0.162251
2 0.571851 0.188563 0.563755 0.185527 0.560719 0.194128 0.570333 0.194634
2 0.752489 0.0823045 0.740346 0.0792685 0.738828 0.0863524 0.746418 0.0898943 0.754007 0.0898943
2 0.906817 0.0934363 0.894673 0.0919183 0.895685 0.101026 0.905299 0.106592 0.908335 0.0990022
2 0.85723 0.147071 0.848628 0.149095 0.848122 0.159215 0.859254 0.159215
2 0.975125 0.433968 0.9645 0.433968 0.96703 0.440546 0.977655 0.443582
2 0.882023 0.660652 0.871903 0.662676 0.874433 0.681904 0.886071 0.678868
2 0.968042 0.636365 0.948308 0.650026 0.957416 0.655086 0.976643 0.643954
2 0.36743 0.546804 0.356299 0.548828 0.359841 0.558948 0.365406 0.55743
2 0.894167 0.524035 0.883035 0.525553 0.878987 0.531624 0.890625 0.534154
0 0.0263925 0.162757 0.0157667 0.166299 0.0218386 0.175913 0.0304404 0.173889
