0 0.555078 0.332422 0.555406 0.331758 0.53719 0.324674 0.519481 0.32012 0.499241 0.32012 0.487097 0.325686 0.485073 0.337324 0.486591 0.349974 0.493675 0.364141 0.508855 0.385393 0.525047 0.385899 0.534154 0.382863 0.509375 0.355078 0.522852 0.353125 0.533789 0.362891 0.546804 0.363129 0.546094 0.348438 0.557227 0.343945
0 0.57261 0.286725 0.587283 0.311518 0.599427 0.31253 0.606511 0.301905 0.609041 0.292291 0.597909 0.276099 0.581212 0.283183
0 0.608029 0.448136 0.599933 0.45775 0.608029 0.467364 0.618655 0.463822 0.616125 0.45016
0 0.998047 0.375273 0.984486 0.402091 0.983474 0.411705 0.990558 0.421824 0.998047 0.421393 0.998047 0.412717
0 0.580706 0.177431 0.57008 0.184515 0.560972 0.193622 0.573116 0.211332 0.589813 0.216898 0.599933 0.22044 0.611571 0.21538 0.602351 0.195998 0.60376 0.18426 0.593355 0.178949
0 0.625233 0.208802 0.618655 0.214368 0.618655 0.227524 0.631811 0.23309 0.639401 0.232078 0.642942 0.218416 0.634341 0.211838
0 0.538202 0.0792685 0.536684 0.102544 0.550852 0.11317 0.55743 0.120254 0.559454 0.134422 0.576152 0.137457 0.597909 0.138975 0.600945 0.122278 0.600439 0.101026 0.609547 0.0984962 0.625233 0.0929303 0.630293 0.102038 0.642436 0.107098 0.646484 0.0990022 0.658628 0.0828105 0.663182 0.0823045 0.677856 0.0812925 0.69253 0.0888824 0.697589 0.0853404 0.688482 0.0640888 0.671278 0.0595349 0.653062 0.053463 0.643448 0.0504271 0.634341 0.0408132 0.617137 0.0367653 0.604993 0.0367653 0.588801 0.0392953 0.582224 0.0489091 0.56755 0.054981 0.55237 0.0610529 0.542756 0.0701607
0 0.563477 0.33457 0.563281 0.348438 0.577148 0.348047 0.576367 0.333594
0 0.542578 0.370508 0.542578 0.379688 0.551758 0.379102 0.551367 0.36875
0 0.571484 0.375195 0.570898 0.38457 0.580664 0.384375 0.580469 0.373828
0 0.558594 0.408594 0.563672 0.425586 0.572266 0.421875 0.567578 0.406445
0 0.699805 0.0929688 0.688281 0.0951172 0.691992 0.104297 0.703125 0.10293
0 0.801758 0.638281 0.801562 0.647266 0.812109 0.647266 0.8125 0.638867
0 0.990234 0.52832 0.990234 0.538281 0.996875 0.537695 0.996289 0.527734
