0 0.762356 0.0119717 0.763368 0.0327174 0.773994 0.0418252 0.784114 0.0286694 0.767922 0.0129837
0 0.738575 0.0372713 0.714287 0.0473911 0.702649 0.0564989 0.700119 0.0645948 0.68494 0.0696547 0.677856 0.0716787 0.670266 0.0823045 0.682916 0.0964722 0.686964 0.117218 0.704167 0.123796 0.717323 0.139481 0.744647 0.154155 0.740093 0.126326 0.746165 0.107098 0.755778 0.10305 0.765392 0.0969782 0.764886 0.0792685 0.75679 0.0731966 0.76438 0.052957 0.757802 0.0382833 0.743635 0.0352473 0.734021 0.0398012
0 0.635859 0.169841 0.630293 0.195646 0.633835 0.214368 0.653062 0.2255 0.669254 0.216898 0.6647 0.188057 0.65711 0.163769 0.637883 0.161745
0 0.569574 0.22044 0.56249 0.232078 0.554394 0.245234 0.551864 0.269015 0.546298 0.294821 0.533142 0.314048 0.524541 0.336312 0.548322 0.350986 0.55743 0.359588 0.5802 0.376791 0.614101 0.358576 0.605499 0.333782 0.587789 0.32771 0.577164 0.336312 0.574128 0.317084 0.556418 0.31253 0.56249 0.305446 0.57261 0.288749 0.591837 0.278123 0.609041 0.262943 0.614607 0.241186 0.604487 0.216898 0.587283 0.215886
0 0.600945 0.385899 0.620173 0.396525 0.637377 0.414235 0.637883 0.423848 0.651544 0.440546 0.686964 0.460786 0.705179 0.451678 0.711757 0.433968 0.689494 0.435486 0.677856 0.433968 0.666724 0.420306 0.665712 0.413223 0.655592 0.390959 0.639401 0.381851 0.628269 0.378815 0.613089 0.370213 0.602969 0.372743
0 0.664194 0.619667 0.666724 0.643448 0.675073 0.654074 0.686711 0.66976 0.69683 0.670772 0.714793 0.665712 0.69 0.639906 0.685446 0.629787 0.688482 0.608535 0.673808 0.601957 0.6647 0.610559
0 0.952609 0.941477 0.931357 0.940465 0.924779 0.940465 0.922755 0.949067 0.927309 0.958681 0.948055 0.959187 0.958175 0.957669 0.966777 0.950079
0 0.893661 0.694048 0.879999 0.701637 0.885565 0.712769 0.898215 0.713275
0 0.965512 0.294821 0.95185 0.304435 0.96197 0.31253 0.970066 0.306458
0 0.700878 0.500759 0.692783 0.524035 0.703408 0.530612 0.712516 0.523529 0.705938 0.504301
0 0.700878 0.535672 0.693795 0.546298 0.686205 0.552876 0.694807 0.568056 0.72213 0.57261 0.728708 0.555912 0.722636 0.546298 0.70948 0.537696
0 0.70695 0.573116 0.692783 0.574128 0.693289 0.582224 0.703914 0.586271 0.71201 0.58273
0 0.687217 0.190587 0.673049 0.202224 0.680639 0.20779 0.691265 0.20779
0 0.696324 0.174395 0.690759 0.183503 0.694301 0.193622 0.702396 0.188057
0 0.766151 0.177937 0.754007 0.186539 0.761597 0.193116 0.770705 0.187045
