0 0.92655 0 0.93161 0.0301874 0.936164 0.0458731 0.930598 0.055993 0.913901 0.054981 0.894673 0.0747146 0.869879 0.0969782 0.855712 0.0969782 0.826364 0.107604 0.805113 0.126832 0.774753 0.152637 0.754007 0.191093 0.738828 0.218416 0.73984 0.247764 0.72466 0.262943 0.70695 0.278123 0.716058 0.319614 0.71454 0.335806 0.734274 0.34795 0.74237 0.319108 0.748948 0.303423 0.779813 0.291785 0.788415 0.270027 0.797017 0.240174 0.811184 0.20273 0.846604 0.180467 0.890625 0.175407 0.921996 0.151119 0.939706 0.134928 0.942236 0.113676 0.935658 0.0929303 0.955392 0.0640888 0.979679 0.0484031 0.996883 0.0372713 0.998047 0.0355256 0.998047 0
0 0.507084 0.665712 0.494434 0.695565 0.504554 0.705685 0.518216 0.687976
0 0.898721 0.19514 0.878481 0.203742 0.884553 0.217404 0.906817 0.210826 0.909347 0.19514
0 0.9392 0.148083 0.92655 0.152637 0.929586 0.164781 0.943248 0.159721
0 0.910359 0.380333 0.897709 0.392477 0.904287 0.402597 0.913395 0.392983
0 0.71707 0.351998 0.698854 0.362623 0.679121 0.370719 0.677097 0.389441 0.686711 0.407657 0.689241 0.420812 0.718082 0.415247 0.73478 0.415247 0.748948 0.395513 0.753501 0.370213 0.744394 0.357564 0.728708 0.35048
0 0.568309 0.598415 0.558695 0.606511 0.556165 0.629787 0.577417 0.635353 0.580453 0.619161 0.572863 0.603981
0 0.529347 0.638389 0.508602 0.645472 0.519228 0.660652 0.536937 0.655086
0 0.902263 0.820545 0.888095 0.827629 0.898721 0.839267 0.910865 0.829147
0 0.721461 0.422355 0.707053 0.432494 0.723062 0.439432 0.729466 0.43036
0 0.721995 0.461845 0.711855 0.469316 0.716658 0.479455 0.726264 0.47145
0 0.729999 0.485859 0.709721 0.48319 0.701183 0.501334 0.704918 0.521079 0.717725 0.531218 0.721461 0.511473 0.727865 0.491195
0 0.987748 0.743073 0.998047 0.75652 0.998047 0.741472
