2 0.388393 0.142072 0.388393 0.154279 0.403216 0.156895 0.404088 0.139457
2 0.405831 0.139457 0.405831 0.156023 0.42763 0.156895 0.425014 0.140329
2 0.370954 0.16823 0.36921 0.185669 0.385777 0.190029 0.393624 0.17259
2 0.402344 0.16823 0.401472 0.183053 0.418039 0.187413 0.41891 0.169974
2 0.593297 0.116786 0.59504 0.135969 0.609863 0.135097 0.609863 0.119402
2 0.777274 0.290301 0.780762 0.316459 0.795585 0.311227 0.796456 0.290301
2 0.333461 0.31733 0.335205 0.336513 0.355259 0.334769 0.352644 0.314715
2 0.343924 0.426322 0.345668 0.442017 0.362235 0.442889 0.363979 0.42545
2 0.508687 0.310095 0.507594 0.327586 0.525085 0.332323 0.523263 0.307544
2 0.57173 0.271363 0.572594 0.287783 0.589878 0.287783 0.589014 0.273092
2 0.603401 0.350643 0.601633 0.368319 0.61489 0.368319 0.618425 0.351527
2 0.746571 0.425764 0.745687 0.440788 0.763363 0.444323 0.768665 0.431066
2 0.770433 0.594563 0.774852 0.616657 0.788992 0.614006 0.788992 0.596331
2 0.799597 0.58219 0.796946 0.598982 0.810202 0.606052 0.816389 0.587493
2 0.829645 0.599866 0.830529 0.61489 0.84732 0.61489 0.849088 0.595447
2 0.849972 0.597214 0.850855 0.616657 0.862344 0.620192 0.864112 0.600749
2 0.973699 0.62903 0.977234 0.644054 0.990491 0.642286 0.989607 0.623727
2 0.943651 0.667916 0.943651 0.681172 0.958675 0.681172 0.957791 0.665264
2 0.842018 0.641403 0.862344 0.647589 0.857042 0.663497 0.84025 0.661729
2 0.842902 0.637868 0.859693 0.648473 0.862344 0.634333 0.848204 0.628146
2 0.813737 0.623727 0.81904 0.637868 0.835831 0.635216 0.831413 0.618425
2 0.812854 0.623727 0.818156 0.638751 0.801365 0.644054 0.797829 0.62903
2 0.716523 0.689126 0.715639 0.703266 0.731547 0.707685 0.737733 0.692661
2 0.754525 0.721826 0.758944 0.735966 0.777503 0.739501 0.775735 0.717407
2 0.733314 0.732431 0.729779 0.747455 0.745687 0.747455 0.748339 0.733314
2 0.733314 0.729779 0.729779 0.743036 0.716523 0.74392 0.71829 0.727128
2 0.838483 0.693545 0.838483 0.709453 0.852623 0.709453 0.857042 0.693545
2 0.42488 0.734198 0.427531 0.755409 0.447858 0.756292 0.445206 0.740385
2 0.300269 0.954256 0.299385 0.977234 0.321479 0.971932 0.31706 0.952489
2 0.1951 0.795178 0.197752 0.814621 0.214543 0.816389 0.21366 0.798713
2 0.0802107 0.750106 0.0855133 0.766898 0.0996536 0.76513 0.0970023 0.746571
2 0.0236496 0.750106 0.0209983 0.768665 0.0369061 0.7722 0.0413249 0.753641
2 0.60782 0.924208 0.60782 0.940116 0.624611 0.941 0.625495 0.924208
2 0.694429 0.870298 0.693545 0.887974 0.710337 0.890625 0.71122 0.872066
2 0.760711 0.891509 0.756292 0.907417 0.776619 0.907417 0.777503 0.89416
2 0.755409 0.9083 0.776619 0.910068 0.777503 0.927743 0.758944 0.926859
2 0.67587 0.881787 0.677637 0.910952 0.693545 0.912719 0.695312 0.886206
2 0.84732 0.872066 0.849088 0.890625 0.864112 0.890625 0.866763 0.873833
2 0.866763 0.885322 0.86588 0.902998 0.883555 0.902998 0.886206 0.883555
2 0.845553 0.74392 0.843785 0.762479 0.863228 0.758944 0.863228 0.74392
2 0.855274 0.762479 0.855274 0.780154 0.87295 0.777503 0.87295 0.762479
2 0.886206 0.720942 0.886206 0.738617 0.900346 0.737733 0.902114 0.717407
2 0.884439 0.767781 0.884439 0.794294 0.902114 0.795178 0.902114 0.767781
2 0.895928 0.82611 0.897695 0.844669 0.913603 0.839367 0.913603 0.823459
2 0.924208 0.848204 0.925092 0.86588 0.943651 0.866763 0.941883 0.848204
2 0.899463 0.973699 0.902114 0.993142 0.918906 0.993142 0.919789 0.97635
2 0.967513 0.330317 0.964861 0.345341 0.984304 0.353295 0.984304 0.330317
2 0.906533 0.330317 0.9083 0.345341 0.922441 0.346225 0.926859 0.330317
2 0.867647 0.275523 0.866763 0.287896 0.88002 0.290547 0.881787 0.271104
2 0.0669542 0.363016 0.0696055 0.379808 0.0881646 0.377156 0.0819782 0.357714
2 0.619309 0.497349 0.618425 0.512373 0.631681 0.513257 0.631681 0.497349
2 0.570701 0.656427 0.570701 0.672335 0.587493 0.673218 0.588377 0.653775
