0 0.123543 0 0.100773 0 0.103303 0.0276575 0.120001 0.0382833 0.146818 0.0382833 0.149854 0.0241155
0 0.17313 0.00134594 0.167058 0.0266455 0.171612 0.0478971 0.187298 0.0453671 0.206525 0.0468851 0.232331 0.0473911 0.223729 0.0286694
0 0.244475 0.0377773 0.240427 0.055487 0.249534 0.0671248 0.269774 0.0635828 0.2804 0.0468851 0.264714 0.0306934 0.247005 0.0327174
0 0.437763 0.294821 0.431691 0.32012 0.441811 0.33024 0.454967 0.329734 0.469641 0.322144 0.466099 0.303929
0 0.50253 0.306964 0.497976 0.323662 0.521252 0.337324 0.551611 0.351998 0.572863 0.347444 0.586018 0.324674 0.572357 0.314554 0.537443 0.32012 0.52024 0.31
0 0.463063 0.341372 0.465087 0.368189 0.473182 0.381345 0.487856 0.358576 0.48735 0.339854 0.470147 0.338336
0 0.349721 0.0691487 0.339601 0.0706667 0.345673 0.0802805 0.351745 0.0777506
0 0.28799 0.122278 0.268256 0.118736 0.267244 0.126326 0.279894 0.132904 0.289508 0.130374
0 0.342637 0.185527 0.327963 0.188057 0.331505 0.2002 0.339601 0.201212
0 0.436245 0.233596 0.423089 0.237138 0.439787 0.257377 0.445353 0.24574
0 0.347191 0.229548 0.333529 0.231066 0.342131 0.243716 0.351745 0.249281 0.357311 0.242704
0 0.508602 0.270027 0.495446 0.274075 0.509614 0.286219
0 0.486844 0.299881 0.475206 0.302411 0.473182 0.310506 0.489374 0.314554
0 0.413982 0.236632 0.401838 0.241186 0.400826 0.258389 0.390706 0.264967 0.388176 0.281159 0.412464 0.294315 0.429667 0.302411 0.440799 0.295833 0.452943 0.295833 0.467617 0.293303 0.465087 0.278629 0.451425 0.268003 0.434221 0.257883 0.423089 0.24574
0 0.600692 0.250293 0.586524 0.255859 0.596138 0.261931 0.60474 0.262437
0 0.601704 0.284195 0.589054 0.284195 0.595126 0.295833 0.603222 0.297351
0 0.60727 0.263449 0.593608 0.265473 0.598668 0.276099 0.605752 0.275087
