0 0.0753826 0.0010601 0.0842583 0.0398012 0.0933661 0.052957 0.119678 0.0372713 0.140929 0.0175376 0.150037 0.00792382 0.153999 0
0 0.0990022 0.0833165 0.111146 0.0990022 0.13341 0.102038 0.149805 0.0867187 0.164453 0.0908203 0.162251 0.0782566 0.159721 0.054981 0.153143 0.051439 0.135156 0.0320312 0.116797 0.0423828 0.119748 0.0666188 0.104062 0.0772446
0 0.19514 0.139987 0.2002 0.159721 0.21538 0.164781 0.232078 0.147577 0.223476 0.138975 0.209308 0.137457
0 0.329734 0.144541 0.328722 0.168323 0.3353 0.178443 0.341878 0.168323 0.344408 0.158203 0.34036 0.151119
0 0.360094 0.122278 0.347444 0.124302 0.344408 0.12835 0.347444 0.140493 0.363635 0.138975 0.372743 0.138975 0.378815 0.129362
0 0.315039 0 0.330664 0.0123047 0.332813 0.0277344 0.349974 0.0301874 0.370719 0.0261395 0.386405 0.0160197 0.395513 0.00438188 0.389441 0.000839945 0.356683 0
0 0.367683 0.0706667 0.372237 0.0858464 0.381851 0.0858464 0.383369 0.0737026 0.378309 0.0671248
0 0.42233 0.0210796 0.408163 0.0276575 0.411199 0.0418252 0.415753 0.0473911 0.424354 0.0448612 0.426378 0.0332234 0.426378 0.0256335
0 0.396019 0.0473911 0.389441 0.0575109 0.405633 0.0635828 0.410187 0.0585229 0.406645 0.050933 0.403103 0.0478971
0 0.214258 0.113867 0.233984 0.11543 0.243359 0.121289 0.236133 0.127344 0.219922 0.122266 0.211914 0.120508
0 0.251367 0.102344 0.250586 0.111328 0.25957 0.112109 0.259961 0.102539
0 0.272266 0.104688 0.267773 0.113477 0.26875 0.135156 0.282813 0.133203 0.281445 0.108984
0 0.292773 0.108398 0.293164 0.117969 0.30293 0.117188 0.300977 0.107227
0 0.297461 0.123633 0.297266 0.138477 0.306641 0.137891 0.305469 0.123047
0 0.308203 0.140039 0.308594 0.148047 0.317773 0.148242 0.316797 0.139063
0 0.380469 0.0482422 0.380664 0.0576172 0.389062 0.0554687 0.388672 0.0464844
0 0.224219 0.0150391 0.224023 0.0246094 0.236133 0.0246094 0.238672 0.0201172 0.246289 0.0263672 0.259766 0.0261719 0.260937 0.01875 0.249414 0.0181641 0.241211 0.009375 0.235156 0.0103516 0.23418 0.0148437
0 0.223438 0.0355469 0.223242 0.0453125 0.232617 0.0441406 0.232031 0.0347656
0 0.182812 0.0482422 0.17832 0.0535156 0.181445 0.0625 0.192578 0.0599609 0.190625 0.0498047
0 0.183594 0.0730469 0.178711 0.0767578 0.171094 0.0779297 0.171094 0.0865234 0.181055 0.0865234 0.181836 0.0921875 0.19082 0.0914062 0.185938 0.0800781 0.189648 0.0763672
0 0.0919922 0.100977 0.0958984 0.110937 0.0939453 0.118555 0.104883 0.118359 0.104492 0.100977 0.0984375 0.0966797
