0 0.306711 0.351492 0.324927 0.358576 0.327963 0.349468 0.322397 0.338842
0 0.330999 0.357564 0.318349 0.368189 0.330999 0.376285 0.342131 0.368695
0 0.439787 0.351492 0.432703 0.360094 0.442823 0.368695 0.451931 0.362623
0 0.444341 0.384887 0.439787 0.393489 0.462051 0.397031 0.461039 0.387417
0 0.399308 0.46787 0.398296 0.482037 0.41297 0.486085 0.416006 0.471918
0 0.84205 0.218922 0.839014 0.234102 0.854194 0.237138 0.850146 0.218416
0 0.704926 0.360599 0.699866 0.369707 0.709986 0.376791 0.719094 0.373249
0 0.577417 0.573116 0.566791 0.5802 0.567803 0.593355 0.587536 0.597403
0 0.429161 0.533648 0.439281 0.569574 0.442317 0.589307 0.459521 0.601451 0.473182 0.591331 0.466099 0.565526 0.459015 0.53466 0.442823 0.523529
0 0.618402 0.600945 0.605752 0.607523 0.62245 0.622703 0.6351 0.617643
0 0.664447 0.90707 0.651291 0.921743 0.675073 0.929333 0.682157 0.911624
0 0.698348 0.885818 0.692277 0.90201 0.711504 0.90201 0.710492 0.888854
0 0.661917 0.953115 0.650785 0.974366 0.662929 0.992076 0.675073 0.976896 0.677603 0.957163
0 0.742876 0.673302 0.754007 0.689494 0.768681 0.688482 0.797523 0.69 0.813208 0.706697 0.808654 0.718841 0.790439 0.705685 0.784367 0.718335 0.757043 0.719347 0.739334 0.709733 0.726178 0.686458
0 0.444341 0.452184 0.435739 0.473941 0.454967 0.469894 0.455979 0.456232
0 0.376032 0.348962 0.367936 0.365153 0.38261 0.368189 0.38767 0.357564
0 0.314301 0.323662 0.308735 0.336312 0.324421 0.338842 0.324927 0.33024
0 0.797523 0.236126 0.785379 0.244222 0.789933 0.251811 0.794487 0.247258
0 0.849134 0.276099 0.84205 0.280653 0.846604 0.290267 0.856218 0.287737
0 0.850652 0.364141 0.840532 0.364647 0.842556 0.378815 0.851664 0.376791
0 0.665965 0.997136 0.674061 0.98651 0.680043 0.998047
0 0.526312 0.591331 0.5253 0.602463 0.50253 0.599933 0.49747 0.613089 0.519734 0.620173 0.535925 0.615619 0.543009 0.601451 0.539467 0.586777
0 0.485832 0.592343 0.470653 0.597909 0.470147 0.609547 0.482796 0.610559
0 0.651291 0.528082 0.642689 0.535672 0.643701 0.549334 0.659893 0.565526 0.663941 0.55237
0 0.613848 0.479507 0.600186 0.483049 0.605246 0.495193 0.615366 0.493675
0 0.643701 0.493169 0.630546 0.498229 0.640159 0.509361 0.646231 0.504301
0 0.493928 0.547816 0.481278 0.557936 0.491398 0.569068
0 0.454967 0.484061 0.444341 0.486085 0.446365 0.497723 0.459521 0.498229
0 0.419547 0.487097 0.405886 0.494687 0.408922 0.509361 0.420053 0.501771
0 0.423595 0.363129 0.417017 0.373249 0.426125 0.391465 0.436751 0.393489 0.437257 0.378815 0.430679 0.366671
0 0.443329 0.399055 0.432703 0.398549 0.437763 0.411705 0.447377 0.410693
