0 0.756031 0.0605469 0.731238 0.0580169 0.721624 0.0706667 0.741864 0.0893884 0.760585 0.0984962 0.779307 0.0762326 0.762609 0.0585229
0 0.658375 0.177937 0.652809 0.189069 0.650785 0.203236 0.661917 0.213862 0.667483 0.198682 0.667483 0.189069
0 0.447377 0.402091 0.434221 0.406645 0.452943 0.421824 0.462051 0.410187
0 0.405886 0.477483 0.403356 0.506831 0.434221 0.512903 0.440293 0.492663 0.434727 0.4704 0.41297 0.473941
0 0.313795 0.77197 0.309241 0.794234 0.333023 0.798788 0.338083 0.781584 0.323409 0.773488
0 0.341625 0.636871 0.339601 0.655086 0.350227 0.66217 0.359335 0.648002 0.352251 0.637377
0 0.0820515 0.000839945 0.0653538 0.0170317 0.0850874 0.0347413 0.117977 0.0306934 0.127085 0.0155137 0.103809 0.00741783
0 0.247005 0.00589985 0.245993 0.0291754 0.261172 0.0494151 0.278376 0.055993 0.284448 0.0418252 0.276858 0.0281635 0.274834 0.00691184 0.271798 0.00185193
0 0.455473 0.00286391 0.467111 0.0190556 0.478242 0.0317054 0.488362 0.0241155 0.491904 0.0119717 0.476218 0.00134594
0 0.735286 0.00792382 0.718082 0.00994778 0.721118 0.0210796 0.733768 0.0225976
0 0.629028 0.406139 0.628016 0.424354 0.635606 0.43245 0.646231 0.43498 0.650785 0.423342 0.649773 0.418282 0.641677 0.4198 0.639148 0.410187 0.642183 0.407151 0.640159 0.401585
0 0.624474 0.438522 0.61486 0.444594 0.624474 0.45269 0.629534 0.446618
0 0.623462 0.46028 0.606764 0.452184 0.603728 0.461292 0.615872 0.468376 0.625486 0.465846
0 0.558189 0.34036 0.538455 0.351998 0.550093 0.360599 0.577923 0.358576 0.579441 0.349974
0 0.574887 0.365153 0.598668 0.359082 0.623462 0.355034 0.653315 0.365153 0.673555 0.370719 0.70189 0.373249 0.715552 0.382863 0.71707 0.400573 0.710492 0.408669 0.697842 0.405127 0.688229 0.396019 0.665965 0.399055 0.648255 0.400573 0.642689 0.390959 0.62751 0.380839 0.6098 0.386405 0.59209 0.392983 0.572357 0.377297 0.567297 0.374261
0 0.699866 0.412717 0.697336 0.439028 0.683169 0.456232 0.671025 0.473435 0.642183 0.465846 0.628522 0.46534 0.62245 0.481531 0.63763 0.491145 0.660905 0.495193 0.684181 0.493169 0.698854 0.485579 0.70695 0.472929 0.714034 0.447124 0.719094 0.419294 0.716564 0.412211 0.707962 0.408163
0 0.466605 0.426378 0.49494 0.42233 0.516192 0.428402 0.548575 0.452184 0.568815 0.454714 0.580959 0.46534 0.590066 0.483555 0.586524 0.502277 0.572863 0.517963 0.530865 0.530106 0.506578 0.513409 0.490386 0.483555 0.466605 0.481531 0.452437 0.460786 0.442823 0.448642 0.456485 0.436498
0 0.435739 0.525047 0.427643 0.533142 0.433715 0.538708 0.442317 0.538708
0 0.422583 0.538708 0.414488 0.535166 0.411452 0.54478 0.420559 0.551358 0.427137 0.54984
0 0.418535 0.568562 0.433209 0.573622 0.467111 0.555406 0.47723 0.559454 0.476218 0.569068 0.449401 0.590825 0.443329 0.603981 0.423595 0.606005 0.41044 0.590825 0.404874 0.577164
0 0.383116 0.602969 0.396272 0.616125 0.412464 0.629787 0.417523 0.623209 0.409934 0.604487 0.396272 0.591331 0.38514 0.590825
0 0.352757 0.479001 0.341625 0.479507 0.346685 0.493169 0.357311 0.490639
0 0.336059 0.623715 0.324927 0.625739 0.328469 0.636871 0.336565 0.637883
0 0.336565 0.68494 0.319867 0.701637 0.333023 0.716311 0.353769 0.718841 0.361864 0.698601 0.354275 0.681398
0 0.399814 0.708215 0.383116 0.708215 0.38767 0.721371 0.396272 0.724913
0 0.284448 0.715299 0.30064 0.715299 0.310759 0.723901 0.317843 0.714287 0.325939 0.717829 0.326951 0.730985 0.323409 0.744647 0.309241 0.743635 0.300134 0.735539 0.283942 0.741611 0.274328 0.733009 0.279388 0.716817
0 0.433209 0.821557 0.444341 0.821557 0.444847 0.833195 0.434727 0.835725
0 0.510626 0.800812 0.52277 0.801318 0.52783 0.805872 0.521252 0.815485 0.512144 0.812955
0 0.455473 0.969307 0.450919 0.946031 0.460027 0.937429 0.470653 0.921237 0.48229 0.920731 0.503542 0.931863 0.501518 0.945019 0.489374 0.952103 0.474194 0.969307 0.465087 0.973861
0 0.517204 0.948055 0.506072 0.946031 0.502024 0.959187 0.508602 0.966271 0.513156 0.959693
0 0.391718 0.97639 0.403356 0.992582 0.417017 0.998047 0.435739 0.991064 0.433715 0.976896 0.411958 0.961717 0.394754 0.961211 0.389694 0.970319
0 0.376538 0.995112 0.388682 0.992582 0.399308 0.996124 0.395676 0.998047 0.376538 0.998047
0 0.237391 0.821051 0.229295 0.821051 0.229295 0.833195 0.239921 0.835219
0 0.419547 0.453702 0.409934 0.46281 0.416511 0.46787
0 0.439281 0.0656068 0.449401 0.0656068 0.449401 0.0737026 0.439281 0.0762326
0 0.516698 0.0478971 0.526818 0.0478971 0.526312 0.0570049 0.518216 0.0595349
