0 0.408416 0.99663 0.414488 0.984992 0.424607 0.967283 0.433209 0.954127 0.441811 0.945019 0.451931 0.927309 0.464581 0.918707 0.4747 0.908588 0.491398 0.905552 0.501012 0.909094 0.496964 0.921237 0.483808 0.946031 0.465087 0.961211 0.464075 0.965765 0.468123 0.982968 0.456485 0.98651 0.438269 0.982968 0.431185 0.99157 0.431185 0.998047
0 0.508096 0.878734 0.503036 0.862037 0.504554 0.841797 0.516192 0.835219 0.526818 0.845339 0.521252 0.860013 0.521252 0.876204
0 0.544021 0.847869 0.531371 0.839773 0.519734 0.826111 0.530865 0.818015 0.546551 0.811437 0.562743 0.801824 0.577923 0.7998 0.585512 0.7998 0.574887 0.821051 0.566285 0.839773 0.548575 0.850399
0 0.600692 0.847363 0.5845 0.832689 0.583994 0.818521 0.5845 0.801824 0.592596 0.790186 0.619414 0.783608 0.610812 0.79727 0.61486 0.809919 0.613342 0.827123 0.608282 0.837749
0 0.723648 0.736551 0.735286 0.728455 0.744394 0.722383 0.756537 0.720359 0.772729 0.715805 0.787403 0.717829 0.811184 0.708215 0.798535 0.698095 0.780825 0.698095 0.767669 0.697083 0.756537 0.697083 0.73984 0.699613 0.718588 0.707203 0.710998 0.727443
0 0.692277 0.869626 0.683169 0.885312 0.690253 0.897962 0.70189 0.888854 0.700372 0.877216
0 0.61992 0.800306 0.635606 0.79727 0.645219 0.786644 0.644713 0.773488 0.634088 0.773488 0.628522 0.785126 0.620426 0.790692
0 0.654327 0.762356 0.653821 0.75173 0.643701 0.750719 0.645725 0.762356
0 0.651291 0.747683 0.667989 0.744647 0.671531 0.733515 0.657869 0.729467 0.644207 0.738069
0 0.801065 0.724913 0.787403 0.724913 0.790945 0.731997 0.796511 0.738069
0 0.828894 0.688482 0.835978 0.684434 0.84964 0.69506 0.853688 0.690506 0.841544 0.675326 0.828388 0.67229 0.821304 0.678868 0.820798 0.687976
0 0.645725 0.823581 0.654833 0.820545 0.652303 0.811437 0.640665 0.813461
