0 0.903781 0.0231035 0.897203 0.0387893 0.903275 0.0463791 0.912889 0.0433432 0.914913 0.0286694
0 0.979173 0.156685 0.96956 0.167311 0.984233 0.176925 0.991823 0.168829 0.984739 0.158709
0 0.798838 0.0586689 0.792264 0.0680589 0.796725 0.0746319 0.806584 0.0699369 0.806115 0.0628944
0 0.813862 0.0556171 0.814096 0.0647724 0.823956 0.0628944 0.822313 0.0572604
0 0.820435 0.0645376 0.819496 0.0725192 0.827712 0.0751014 0.82912 0.0689979
0 0.835928 0.0650071 0.830764 0.0715802 0.836632 0.0748667 0.846727 0.0758057 0.849309 0.0720497
0 0.863159 0.0586689 0.850717 0.0671199 0.851656 0.0729887 0.866915 0.0751014 0.869497 0.0661809 0.870906 0.0610164
0 0.944383 0.0600774 0.934054 0.0760404 0.945791 0.098107 0.960346 0.0891864 0.958937 0.0795617 0.963867 0.0732234 0.963867 0.0631291 0.951425 0.0600774
0 0.966449 0.0776837 0.959407 0.0826134 0.96152 0.0884822 0.967858 0.0896559
0 0.940627 0.103037 0.934054 0.111488 0.951425 0.139188 0.96598 0.140597 0.972083 0.135432 0.981004 0.14717 0.992037 0.142005 0.984056 0.127451 0.973492 0.121347 0.961754 0.124869 0.950956 0.113366 0.947435 0.111723
0 0.998047 0.127989 0.990254 0.135022 0.998047 0.142415
0 0.792229 0.00813802 0.7889 0.020715 0.797778 0.0181256 0.802217 0.0118371
0 0.798147 0.0462388 0.78964 0.0573361 0.802586 0.0606652 0.804436 0.0510476
0 0.801107 0.0218247 0.792969 0.0262636 0.798517 0.032922 0.804066 0.0314424
0 0.997159 0.214918 0.986062 0.222686 0.998047 0.227145
0 0.964977 0.237112 0.956839 0.24488 0.967196 0.253758 0.971265 0.244511
0 0.924357 0.340652 0.917694 0.350646 0.929354 0.356477 0.932686 0.346482 0.928105 0.342734
0 0.979328 0.273604 0.972248 0.286514 0.979744 0.289845 0.985158 0.282349
0 0.926439 0.198228 0.918527 0.206557 0.922275 0.216551 0.93102 0.211137
0 0.90062 0.210305 0.890209 0.234042 0.922275 0.253615 0.932269 0.216968
0 0.949344 0.244453 0.943097 0.254448 0.957673 0.263609 0.960588 0.253198
0 0.9685 0.261111 0.954757 0.267774 0.964336 0.278601 0.97433 0.26944
