2 0.543515 0.605499 0.530865 0.614607 0.535419 0.625739
2 0.978161 0.624221 0.957922 0.632317 0.963488 0.660146 0.970066 0.65458
2 0.93161 0.659134 0.924526 0.666218 0.926044 0.675832 0.932622 0.676338
2 0.847616 0.610053 0.830918 0.614101 0.838508 0.630799 0.844074 0.622703
2 0.73225 0.518975 0.723142 0.523529 0.728202 0.531624 0.73731 0.530106
2 0.660399 0.379321 0.654327 0.379827 0.654327 0.387923 0.661917 0.390959
2 0.891131 0.261425 0.880505 0.265979 0.884047 0.276099 0.891131 0.274075
2 0.888601 0.340866 0.878987 0.340866 0.882529 0.356552 0.889613 0.356046
2 0.653821 0.841797 0.645219 0.844327 0.647749 0.854953 0.654327 0.855459
2 0.788921 0.846857 0.773741 0.852929 0.786897 0.860519
2 0.736831 0.301471 0.721627 0.304395 0.728644 0.317845 0.739755 0.311997
2 0.995298 0.661688 0.983018 0.662273 0.985942 0.675138 0.998047 0.67417
