2 0.251558 0.132398 0.235367 0.139987 0.235367 0.149601 0.247511 0.149095
2 0.244475 0.185021 0.232331 0.193622 0.232331 0.204248 0.245993 0.20526
2 0.277364 0.213356 0.26522 0.21791 0.269774 0.226512 0.279894 0.23056
2 0.299628 0.221958 0.283436 0.223476 0.292038 0.23309
2 0.372996 0.202224 0.36237 0.20526 0.348203 0.221452 0.351745 0.230054 0.366418 0.230054 0.37249 0.218416 0.37755 0.20779
2 0.490892 0.104568 0.480772 0.106086 0.483808 0.117218 0.493422 0.116206
2 0.400826 0.19767 0.391718 0.20273 0.400826 0.20779
2 0.573369 0.227018 0.557177 0.237138 0.567297 0.24574 0.579947 0.23562
2 0.684181 0.164781 0.675579 0.163263 0.673049 0.172371 0.682157 0.175407
2 0.30317 0.87165 0.292544 0.873674 0.293556 0.882782 0.301652 0.883794
2 0.120507 0.853941 0.109881 0.856471 0.118989 0.866084 0.125567 0.862543
2 0.0623178 0.851411 0.051692 0.851411 0.0486561 0.859001 0.056246 0.86406
2 0.0638358 0.727949 0.053716 0.727949 0.0506801 0.734021 0.0572579 0.736551
