0 0.827344 0.025 0.826953 0.0330078 0.835547 0.0335937 0.836719 0.0253906
0 0.770898 0.0572266 0.771289 0.0648438 0.778516 0.0652344 0.785352 0.08125 0.792578 0.0808594 0.785937 0.0671875 0.776563 0.0564453
0 0.79668 0.0826172 0.796875 0.0900391 0.801953 0.0900391 0.806836 0.0939453 0.808789 0.0875 0.804883 0.0855469 0.803906 0.0824219
0 0.796484 0.112109 0.796875 0.118555 0.803516 0.118555 0.803125 0.111523
0 0.833984 0.131836 0.833984 0.138477 0.842773 0.138086 0.842578 0.13125
0 0.786719 0.136523 0.786523 0.142383 0.800195 0.147461 0.800781 0.141211
0 0.793945 0.158789 0.79668 0.163672 0.79668 0.175391 0.809961 0.174805 0.803906 0.166211 0.802539 0.160156
0 0.812695 0.166602 0.813086 0.176172 0.820312 0.176563 0.825781 0.170703 0.820898 0.166406
0 0.823633 0.145898 0.823438 0.155469 0.830859 0.155664 0.835742 0.150391 0.836133 0.145703
0 0.791957 0.00792382 0.778295 0.0155137 0.783861 0.0236095 0.789427 0.0225976
0 0.807642 0.0458731 0.801065 0.0499211 0.807642 0.0600409 0.813714 0.0504271
