2 0.0448612 0.0570049 0.0311994 0.0595349 0.0372713 0.0666188 0.0458731 0.0691487
2 0.0372713 0.137963 0.0261395 0.144035 0.0296814 0.153649 0.0372713 0.154155
2 0.112158 0.129362 0.10052 0.13341 0.107098 0.144541 0.114182 0.143023
2 0.00387589 0.218922 4.33681e-19 0.217953 0 0.217953 0 0.244926 0.00539386 0.244728
2 0.203742 0.206272 0.196152 0.206272 0.197164 0.21791 0.20526 0.220946
2 0.0215856 0.244222 0.0119717 0.244728 0.0129837 0.254341
2 0.268509 0.216392 0.257883 0.218922 0.265473 0.231066 0.272051 0.230054
2 0.257883 0.223982 0.246246 0.227524 0.252823 0.242198 0.261931 0.242198
2 0.285207 0.213862 0.277111 0.213862 0.278123 0.22044 0.284701 0.22297
2 0.206778 0.258389 0.198682 0.258389 0.199694 0.272051 0.209308 0.273569
2 0.174901 0.244728 0.162757 0.245234 0.167311 0.254341 0.175407 0.254847
2 0.191093 0.269015 0.180467 0.272051 0.186033 0.284195 0.196152 0.280653
2 0.258389 0.259401 0.245234 0.257377 0.247258 0.270533 0.258895 0.271545
2 0.271545 0.251811 0.263449 0.253329 0.262437 0.267497 0.271545 0.271039
2 0.285713 0.249787 0.276605 0.258389 0.284701 0.277617 0.291785 0.285713 0.311012 0.288749 0.32012 0.282171 0.318602 0.256871 0.31 0.252823 0.306964 0.262943 0.304435 0.271545 0.294315 0.270533 0.291279 0.258389
2 0.367683 0.0995082 0.354022 0.102544 0.364647 0.13594 0.370213 0.13594 0.375273 0.131892
2 0.42992 0.0342353 0.416259 0.0327174 0.41727 0.0438492 0.428402 0.0443552
2 0.42486 0.0934363 0.45016 0.0878704 0.456738 0.0914123 0.44763 0.0969782 0.430426 0.106086
2 0.413223 0.134422 0.398549 0.134422 0.398043 0.145553 0.408669 0.147577
2 0.497217 0.162251 0.484567 0.174901 0.490639 0.196152 0.506831 0.209814 0.512397 0.19767
2 0.518975 0.214874 0.512397 0.214874 0.510879 0.223476 0.517963 0.227524
2 0.519481 0.241692 0.509867 0.241186 0.513409 0.266485 0.524541 0.270533 0.525553 0.246246
2 0.499241 0.264461 0.489121 0.266991 0.492663 0.289255 0.498735 0.290267
2 0.423342 0.247258 0.412717 0.249281 0.417776 0.257377 0.428908 0.257883
2 0.520493 0.299881 0.498735 0.303423 0.504807 0.318602 0.516951 0.32012
2 0.53466 0.314554 0.522011 0.319108 0.529094 0.349974 0.539214 0.348456
2 0.970319 0.348962 0.950079 0.348962 0.950079 0.362117 0.964247 0.362117
2 0.994606 0.459268 0.979426 0.463316 0.99157 0.471918
2 0.877216 0.509361 0.859001 0.510879 0.86406 0.521505 0.87165 0.519987
2 0.808907 0.33024 0.801318 0.338336 0.805366 0.345926 0.816497 0.338336
2 0.702143 0.384887 0.692024 0.385899 0.695565 0.394501 0.706191 0.395513
2 0.473941 0.376285 0.464834 0.375779 0.472423 0.410187 0.482543 0.406139 0.481531 0.388935
2 0.658122 0.437004 0.651038 0.438016 0.653568 0.4451 0.663182 0.446112
2 0.601957 0.481025 0.590825 0.490639 0.610559 0.510373 0.615619 0.504301
2 0.614607 0.515939 0.605499 0.511891 0.602463 0.522517 0.613089 0.524035
2 0.586777 0.351998 0.574634 0.351998 0.573116 0.364141 0.586271 0.362117
2 0.339348 0.467364 0.329228 0.473941 0.336818 0.487097 0.349468 0.498229 0.353516 0.492157
2 0.344914 0.498735 0.334288 0.498229 0.339348 0.511891 0.348456 0.509361
2 0.300387 0.34036 0.283689 0.347444 0.291785 0.358576 0.298363 0.356046
2 0.20779 0.296845 0.19767 0.300893 0.20273 0.309494 0.211332 0.311012
2 0.24574 0.67229 0.233596 0.66976 0.232584 0.67988 0.241692 0.681398
2 0.366671 0.592849 0.349468 0.596391 0.352504 0.606005 0.361611 0.603475
2 0.506325 0.819027 0.480013 0.795752 0.473941 0.806884 0.495193 0.829147
2 0.492157 0.827123 0.484061 0.824087 0.482543 0.833195 0.490639 0.841291
2 0.375779 0.815991 0.368695 0.820039 0.374767 0.829147 0.401585 0.860013 0.410187 0.853435
2 0.0909063 0.78209 0.0843284 0.776524 0.0797745 0.78715 0.0904003 0.790186
2 0.217404 0.801824 0.202224 0.803342 0.193116 0.809919 0.201212 0.833195 0.212344 0.834713 0.22297 0.824087
2 0.226006 0.760838 0.213862 0.75932 0.21285 0.772476 0.221452 0.773488
2 0.376791 0.759826 0.365659 0.761344 0.368695 0.768934 0.375273 0.768428
2 0.45016 0.820039 0.441052 0.817003 0.442064 0.827123 0.449148 0.827629
2 0.483049 0.860519 0.475965 0.862543 0.475965 0.870638 0.483049 0.869626
2 0.163769 0.56249 0.154155 0.556924 0.150107 0.566538 0.155673 0.574634
2 0.264967 0.811437 0.257883 0.812449 0.255353 0.820039 0.263955 0.820545 0.272557 0.817003
2 0.253835 0.833701 0.246752 0.831677 0.241692 0.837749 0.247764 0.841797
2 0.31506 0.880252 0.300893 0.880758 0.304435 0.892396 0.311012 0.893914
2 0.291279 0.890372 0.284701 0.897456 0.284701 0.911624 0.290267 0.919719 0.295833 0.926803 0.308988 0.929839 0.305446 0.915166
2 0.433462 0.872156 0.425872 0.877216 0.435992 0.903022 0.446112 0.90707 0.450666 0.900492
2 0.45775 0.865578 0.44763 0.86406 0.444594 0.873168 0.45269 0.883794 0.467364 0.894926 0.471412 0.888348
2 0.584247 0.930345 0.575646 0.934393 0.5802 0.946537 0.589813 0.942995
2 0.330746 0.924779 0.317084 0.934393 0.328722 0.949067 0.333782 0.948055
2 0.35301 0.945019 0.342384 0.949067 0.358576 0.979932 0.366671 0.984486 0.369201 0.981956
2 0.316578 0.958175 0.303423 0.956657 0.311518 0.969813 0.31759 0.971331
2 0.237644 0.882276 0.23056 0.885818 0.232078 0.891384 0.240174 0.890878
2 0.520493 0.762862 0.514927 0.757802 0.510879 0.766404 0.520493 0.76944
2 0.4451 0.699613 0.435992 0.699613 0.437004 0.706697 0.4451 0.707709
2 0.873674 0.964753 0.863048 0.967283 0.86659 0.980438 0.874686 0.980944
2 0.876204 0.944007 0.885312 0.947549 0.88177 0.935405 0.873674 0.934899
2 0.91719 0.930345 0.905552 0.935405 0.919719 0.951597 0.928321 0.955139 0.931863 0.950585
2 0.566032 0.478495 0.553888 0.482543 0.563502 0.492157
2 0.3353 0.540732 0.323662 0.546804 0.3353 0.562996 0.340866 0.56249
2 0.354022 0.578176 0.343902 0.579188 0.349974 0.588801
