0 0.990811 0.44763 0.984739 0.466352 0.992329 0.472423 0.998047 0.473096 0.998047 0.452184
0 0.973102 0.475459 0.944766 0.502277 0.940718 0.509867 0.919466 0.527071 0.900745 0.535672 0.891131 0.543768 0.900239 0.555406 0.920984 0.547816 0.961464 0.528588 0.975631 0.504807 0.986257 0.488615 0.987269 0.475459
0 0.916431 0.599933 0.906817 0.613595 0.897709 0.627257 0.907323 0.637883 0.928068 0.625739 0.93161 0.604993 0.922502 0.599427
0 0.8547 0.753754 0.858748 0.775512 0.861278 0.797776 0.86229 0.815485 0.883035 0.824593 0.894167 0.800812 0.895685 0.7745 0.875445 0.750213 0.860772 0.740093
0 0.885565 0.843315 0.896191 0.87165 0.923514 0.8843 0.952356 0.882782 0.977149 0.885818 0.998047 0.888744 0.998047 0.863048 0.978161 0.856977 0.945778 0.852929 0.929586 0.854953 0.919466 0.844327 0.906817 0.829653 0.885059 0.827629
0 0.757043 0.609547 0.772729 0.612077 0.780825 0.617137 0.780825 0.632317 0.773235 0.640918 0.764127 0.639906 0.755525 0.625233 0.750466 0.614607
0 0.710998 0.688482 0.723142 0.69253 0.72972 0.697589 0.727696 0.705685 0.711504 0.706191
0 0.748442 0.684434 0.741864 0.68241 0.738828 0.69253 0.74743 0.69506
0 0.927562 0.667736 0.914913 0.67482 0.912889 0.684434 0.925538 0.688988 0.933634 0.68241
0 0.741864 0.648002 0.733262 0.653062 0.734274 0.665206 0.743382 0.662676
0 0.761091 0.667736 0.752489 0.667736 0.74996 0.675326 0.760079 0.67988
0 0.810678 0.596391 0.793475 0.601451 0.798535 0.610053 0.807136 0.610053
