0 0.723648 0.209308 0.705938 0.214874 0.707456 0.234608 0.749454 0.236126 0.775259 0.218922 0.770199 0.20526
0 0.784873 0.255353 0.756537 0.274075 0.743382 0.300387 0.733262 0.31506 0.736298 0.342384 0.796005 0.315566 0.826364 0.290773 0.841544 0.268003 0.81928 0.263955 0.790439 0.252823
0 0.796005 0.585259 0.790439 0.608029 0.793475 0.633835 0.809666 0.660146 0.84458 0.64952 0.84711 0.615619 0.822822 0.579694 0.803595 0.573116
0 0.352757 0.54731 0.345167 0.564514 0.355287 0.583236 0.371984 0.562996 0.38008 0.541744 0.361864 0.543262
0 0.461039 0.448136 0.442823 0.468882 0.455473 0.484061 0.479254 0.476471 0.490386 0.457244
0 0.416511 0.382863 0.411958 0.398549 0.428149 0.406139 0.436245 0.395007
0 0.449907 0.418788 0.408922 0.415247 0.4155 0.43498 0.441811 0.449148 0.453955 0.444594
0 0.344661 0.432956 0.356299 0.448136 0.352757 0.46787 0.336565 0.505819 0.348709 0.518975 0.36237 0.508855 0.381598 0.483555 0.388682 0.458762 0.393742 0.42992 0.38261 0.417776 0.361864 0.412717 0.347191 0.425366
0 0.551105 0.715805 0.557683 0.741105 0.575899 0.75173 0.60474 0.739587 0.616884 0.710745 0.600186 0.68241 0.565779 0.685446
0 0.51265 0.739081 0.510626 0.763874 0.49747 0.783608 0.495952 0.80486 0.510626 0.819533 0.554141 0.808907 0.569827 0.770958 0.563755 0.75173 0.548575 0.740599 0.531877 0.729973
0 0.631052 0.958681 0.616378 0.965259 0.623968 0.988028 0.637124 0.987522
0 0.446365 0.848881 0.444847 0.873168 0.459015 0.872662 0.456991 0.844833
0 0.508096 0.962729 0.498482 0.979932 0.501518 0.994606 0.508096 0.998047 0.511132 0.98398 0.537443 0.962223
0 0.843675 0.430827 0.828025 0.448981 0.848057 0.457745 0.856195 0.435835
0 0.59209 0.588295 0.579947 0.594367 0.588042 0.602969 0.593102 0.597403
0 0.556165 0.570586 0.541997 0.565526 0.535925 0.573622 0.547563 0.5802
0 0.418029 0.680386 0.407404 0.681904 0.41297 0.69
0 0.354275 0.847869 0.339095 0.853435 0.352757 0.862543 0.360852 0.857483
0 0.506072 0.825099 0.495446 0.832183 0.501518 0.841291 0.51012 0.832689
0 0.406898 0.764886 0.396272 0.765898 0.401332 0.775512
0 0.328975 0.76691 0.316831 0.768428 0.321891 0.779054
0 0.992329 0.417776 0.982209 0.410693 0.975631 0.421318 0.984233 0.426378 0.993847 0.427896
0 0.902263 0.238656 0.886577 0.23815 0.888601 0.248776 0.897203 0.245234
0 0.827882 0.475459 0.819786 0.469388 0.810678 0.474953 0.820798 0.482037
0 0.942236 0.425872 0.932622 0.425872 0.938694 0.434474
0 0.914407 0.446112 0.904793 0.4451 0.906817 0.451172
0 0.476724 0.848375 0.498482 0.839773 0.49241 0.830665 0.472676 0.840785
0 0.392224 0.850399 0.378562 0.855459 0.386152 0.862037 0.391718 0.855459
