0 0.0478971 0.365153 0.0362593 0.397031 0.0362593 0.421824 0.0337294 0.441558 0.0504271 0.455726 0.055993 0.474447 0.0706667 0.491145 0.0719317 0.507843 0.054222 0.527577 0.0572579 0.544274 0.0691487 0.550346 0.0909063 0.555406 0.109881 0.537696 0.0990022 0.519481 0.102038 0.507337 0.0964722 0.490639 0.106086 0.482037 0.112664 0.469894 0.1157 0.443582 0.111146 0.427896 0.0979902 0.405633 0.0853404 0.387417 0.0777506 0.369707 0.0625708 0.368189
0 0.118736 0.479507 0.129868 0.482543 0.141505 0.474953 0.148589 0.463316 0.164781 0.466352 0.167311 0.480519 0.18831 0.503795 0.193369 0.5296 0.143782 0.556418 0.112411 0.545792 0.115447 0.516445 0.104568 0.501771 0.113676 0.484061
0 0.0661128 0.291279 0.0762326 0.284195 0.0802805 0.270027 0.0909063 0.261425 0.111146 0.282171 0.10811 0.294315 0.102038 0.295833 0.0954602 0.308482 0.0823045 0.308988 0.0777506 0.30747 0.0726907 0.303423 0.0681367 0.297857
0 0.0585229 0.271039 0.0564989 0.281159 0.0438492 0.289255 0.0220916 0.273569 0.0129837 0.255353 0.0124777 0.232584 0.0225976 0.215886 0.0332234 0.22297 0.0357533 0.241692 0.0423312 0.253329 0.0494151 0.251811 0.0575109 0.252317 0.0620648 0.265473
0 0.241692 0.314048 0.237644 0.32518 0.248776 0.334794 0.256365 0.325686 0.256365 0.321132
0 0.896444 0.281159 0.903528 0.285713 0.909094 0.303423 0.921743 0.301399 0.935911 0.310506 0.961211 0.30747 0.960199 0.292797 0.939959 0.291785 0.930851 0.283183 0.920225 0.270027 0.905046 0.265473 0.882276 0.272051 0.881264 0.281159 0.88936 0.285713
0 0.541744 0.899986 0.531118 0.913648 0.541744 0.920225 0.551358 0.91213
0 0.483302 0.0919183 0.481025 0.0807865 0.465846 0.0696547 0.480519 0.055487 0.508855 0.0706667 0.501771 0.0904003
0 0.458256 0.0812925 0.446112 0.0898943 0.433209 0.11064 0.419041 0.11317 0.4198 0.0969782 0.422836 0.0737026 0.43245 0.0620648 0.446618 0.054981 0.46028 0.0635828
0 0.397031 0.0873644 0.372996 0.0990022 0.361358 0.0742086 0.373755 0.0564989 0.401079 0.0651008 0.409175 0.0762326 0.400067 0.0919183
0 0.237644 0.0306934 0.259907 0.0377773 0.263449 0.055487 0.279135 0.0666188 0.286725 0.0494151 0.30494 0.0352473 0.328216 0.0443552 0.336818 0.0382833 0.344914 0.052451 0.355034 0.0620648 0.369201 0.0605469 0.364647 0.0403072 0.356552 0.0271515 0.336312 0.0170317 0.316578 0.0139957 0.285207 0.0139957 0.267497 0.0089358 0.238656 0.0109598 0.236632 0.0236095
0 0.145553 0.0246215 0.158709 0.0165257 0.162251 0.000839945 0.152172 0 0.135434 0 0.113676 0.00286391 0.107098 0.0170317 0.102038 0.0332234 0.112158 0.051439 0.112664 0.0676307 0.122278 0.0747146 0.129868 0.0438492 0.122278 0.0367653 0.125314 0.0241155 0.136952 0.0241155
0 0.00994778 0.0747146 0.00589985 0.0812925 0 0.0772446 0 0.0661128 0.00944179 0.0640888
0 0.203995 0.507337 0.195393 0.508349 0.191346 0.517963 0.200453 0.524541 0.214115 0.527577 0.219681 0.516951
0 0.240427 0.568056 0.229801 0.57261 0.241945 0.583236 0.247511 0.589307 0.253076 0.584753
0 0.625486 0.765392 0.656351 0.765392 0.656351 0.78968 0.625486 0.78968
0 0.189828 0.193622 0.201971 0.193622 0.201971 0.205766 0.189828 0.205766
0 0.118483 0.195646 0.130627 0.195646 0.130627 0.218922 0.118483 0.218922
0 0.791957 0.265473 0.802077 0.265473 0.802077 0.277617 0.791957 0.277617
0 0.793475 0.281159 0.805619 0.281159 0.805619 0.294821 0.793475 0.294821
0 0.875951 0.322144 0.885059 0.322144 0.885059 0.329734 0.875951 0.329734
0 0.9392 0.397031 0.958934 0.397031 0.958934 0.411199 0.9392 0.411199
0 0.550599 0.973861 0.560719 0.973861 0.560719 0.987016 0.550599 0.987016
0 0.577417 0.616631 0.58956 0.616631 0.58956 0.627763 0.577417 0.627763
0 0.580453 0.685952 0.590066 0.685952 0.590066 0.696071 0.580453 0.696071
0 0.624474 0.817509 0.6351 0.817509 0.6351 0.826111 0.624474 0.826111
0 0.421571 0.814979 0.435739 0.814979 0.435739 0.829653 0.421571 0.829653
0 0.493928 0.781078 0.505566 0.781078 0.505566 0.792716 0.493928 0.792716
0 0.499494 0.755272 0.516192 0.755272 0.516192 0.766404 0.499494 0.766404
0 0.214621 0.5802 0.228789 0.5802 0.228789 0.588295 0.214621 0.588295
0 0.127085 0.0873644 0.138722 0.0873644 0.138722 0.10052 0.127085 0.10052
0 0.214115 0.0089358 0.223729 0.0089358 0.223729 0.0200676 0.214115 0.0200676
0 0.131639 0.0721847 0.140746 0.0721847 0.140746 0.0858464 0.131639 0.0858464
0 0.0218386 0.054475 0.0370183 0.054475 0.0370183 0.0635828 0.0218386 0.0635828
0 0.0157667 0.212344 0.0208266 0.200706 0.0329704 0.193622 0.0360063 0.187045 0.0435962 0.174901 0.052198 0.163263 0.0709197 0.150613 0.0855934 0.144035 0.0845814 0.155673 0.109375 0.151625 0.117977 0.134422 0.117977 0.107604 0.104821 0.103556 0.0891354 0.126832 0.0744616 0.129362 0.052704 0.129362 0.0410662 0.134422 0.0193086 0.145553 0.00463488 0.157191 0.0031169 0.176419 0.00412889 0.198176 0.00817681 0.213862
0 0.141758 0.162251 0.126579 0.164275 0.123037 0.172877 0.134169 0.174395
0 0.821304 0.264461 0.841038 0.267497 0.851664 0.277111 0.861278 0.285207 0.869373 0.271545 0.85976 0.263449 0.847616 0.254847 0.828894 0.248776 0.817256 0.248776
