2 0.163516 0.126832 0.159468 0.147577 0.172118 0.153143 0.17819 0.137457 0.168576 0.129362
2 0.0678837 0.304435 0.0714257 0.321132 0.0881234 0.324168 0.0876174 0.302917
2 0.0365123 0.294821 0.0274045 0.306964 0.0415722 0.318602 0.0441022 0.306458
2 0.754513 0.0914123 0.742876 0.106592 0.760079 0.116206 0.768175 0.103556
2 0.841038 0.23056 0.840532 0.247258 0.851158 0.250799 0.855206 0.234608
2 0.788415 0.346432 0.782849 0.362623 0.792463 0.366671 0.800559 0.348962
2 0.495952 0.380333 0.485832 0.389947 0.49747 0.402597 0.513662 0.387923
2 0.418535 0.214874 0.409934 0.231066 0.435233 0.247764 0.441305 0.227018
2 0.339095 0.448136 0.329987 0.469388 0.344155 0.483049 0.353263 0.469388
2 0.360347 0.595885 0.350227 0.613595 0.359335 0.621691 0.372996 0.619667
2 0.388176 0.703155 0.385646 0.716311 0.403356 0.722889 0.420053 0.714793
2 0.566791 0.574128 0.563755 0.594873 0.575899 0.595379 0.579441 0.585765
2 0.401838 0.64446 0.404874 0.665712 0.41297 0.654074 0.412464 0.642436
2 0.851158 0.661664 0.855712 0.682916 0.865325 0.673302
2 0.0992552 0.685446 0.0886294 0.698095 0.108363 0.702649 0.108869 0.691518
2 0.694339 0.143591 0.68938 0.146898 0.693159 0.152093 0.699771 0.149023
2 0.247656 0.220312 0.247266 0.22793 0.254102 0.227734 0.253906 0.220117
2 0.258594 0.241406 0.258398 0.247266 0.266211 0.247461 0.266211 0.241602
2 0.259961 0.279102 0.260156 0.286328 0.267578 0.285547 0.266797 0.277734
2 0.04375 0.452734 0.0429688 0.461328 0.0498047 0.461719 0.0505859 0.45293
2 0.134766 0.50957 0.13457 0.516992 0.141797 0.517383 0.141602 0.509766
2 0.102148 0.620898 0.101953 0.62832 0.109766 0.627734 0.10957 0.619922
2 0.0767518 0.844782 0.0765386 0.851605 0.0842147 0.851605 0.0846411 0.844995
2 0.551174 0.886787 0.55096 0.894463 0.559916 0.894889 0.560555 0.886787
2 0.678894 0.88828 0.678681 0.896808 0.687423 0.897022 0.68785 0.888493
2 0.874846 0.54499 0.874846 0.554159 0.884015 0.554372 0.884228 0.543711
2 0.89668 0.323242 0.896484 0.330664 0.908008 0.330078 0.906836 0.32207
2 0.682031 0.798438 0.681836 0.80625 0.688477 0.80625 0.688867 0.79707
