0 0.148083 0.695565 0.13594 0.717323 0.131386 0.731997 0.12835 0.746671 0.130374 0.768934 0.137963 0.785126 0.155673 0.78462 0.152637 0.768934 0.152131 0.752742 0.163769 0.737057 0.176925 0.721371 0.178949 0.703155 0.172371 0.693036 0.158709 0.69
0 0.5549 0.913648 0.531371 0.910106 0.526818 0.924779 0.53972 0.932875 0.552876 0.937935 0.56502 0.928827
0 0.160227 0.801318 0.185274 0.789174 0.204501 0.782596 0.208043 0.766404 0.195899 0.763368 0.184262 0.762862 0.1706 0.77197 0.162251 0.780572 0.157697 0.786138 0.153649 0.798788
0 0.448642 0.901504 0.44763 0.920225 0.46281 0.930851 0.474953 0.913648 0.46534 0.903022
0 0.225247 0.772982 0.235873 0.766404 0.252064 0.753248 0.258642 0.741105 0.266232 0.730985 0.272304 0.717829 0.274834 0.705685 0.254594 0.706191 0.236885 0.707203 0.230307 0.701637 0.219681 0.695565 0.206525 0.691518 0.202477 0.681904 0.210067 0.676844 0.234861 0.676844 0.256618 0.677856 0.274328 0.680386 0.289508 0.685952 0.298616 0.701637 0.315819 0.702143 0.327963 0.711251 0.317843 0.721877 0.30064 0.727443 0.289508 0.737057 0.273822 0.751224 0.260666 0.765898 0.259654 0.778042 0.235367 0.787656 0.222717 0.787656
0 0.217657 0.751224 0.210573 0.757296 0.214621 0.766404 0.220187 0.75932
0 0.243463 0.739081 0.26269 0.728961 0.263196 0.711251 0.254088 0.709733 0.240933 0.718841 0.239415 0.730985
0 0.429667 0.9941 0.442494 0.998047 0.449401 0.98651 0.439787 0.967789 0.429161 0.969307 0.428655 0.98904
0 0.451425 0.942995 0.445353 0.951091 0.447883 0.959693 0.457497 0.955645
0 0.473182 0.934899 0.465087 0.935405 0.467617 0.945525 0.475206 0.949067
0 0.480772 0.916684 0.500506 0.916684 0.504048 0.905046 0.482796 0.904034 0.47723 0.905552
