0 0.159468 0.855459 0.15289 0.86659 0.153902 0.873168 0.151372 0.884806 0.151372 0.897962 0.15542 0.909094 0.179708 0.90707 0.182238 0.895938 0.182744 0.88177 0.182744 0.87165 0.182744 0.864566 0.17566 0.855965 0.167564 0.850905
0 0.189828 0.889866 0.208043 0.888348 0.230307 0.881264 0.240933 0.876204 0.240427 0.865578 0.229295 0.860519 0.222717 0.850905 0.211585 0.847363 0.202477 0.850905 0.200959 0.857989 0.195899 0.867096 0.192864 0.86912 0.188816 0.879746
0 0.230813 0.709227 0.228789 0.726431 0.224741 0.742117 0.217657 0.75679 0.215127 0.78462 0.215633 0.795246 0.219175 0.815485 0.223729 0.833701 0.245993 0.851411 0.256112 0.836737 0.269774 0.830159 0.284954 0.817509 0.291026 0.79474 0.294062 0.771464 0.294568 0.740093 0.294062 0.718335 0.291026 0.705179 0.291026 0.688482 0.274328 0.686964 0.257124 0.690506 0.244981 0.697589 0.234355 0.702143
0 0.37249 0.69253 0.372996 0.709733 0.376538 0.722889 0.368948 0.729973 0.365912 0.736045 0.366418 0.751224 0.356805 0.768428 0.349721 0.776524 0.325433 0.777536 0.318855 0.785632 0.329987 0.795246 0.348709 0.799294 0.36237 0.797776 0.375526 0.791704 0.393236 0.786644 0.39779 0.797776 0.41044 0.798282 0.426125 0.780066 0.421571 0.76438 0.412464 0.756284 0.409428 0.745659 0.409934 0.720865 0.413476 0.708215 0.416511 0.692024 0.408416 0.678868 0.39779 0.678868 0.390706 0.68241 0.38261 0.685446
0 0.250546 0.873168 0.245993 0.887842 0.254627 0.894228 0.263729 0.888539 0.263196 0.872662
0 0.514675 0.800432 0.514675 0.81966 0.518723 0.832816 0.531372 0.837876 0.533396 0.82219 0.532384 0.804986 0.523277 0.79942
0 0.471159 0.936417 0.463063 0.945525 0.463063 0.957669 0.4747 0.958175 0.483302 0.948055
0 0.0217688 0.854407 0.0138046 0.863888 0.0232858 0.869956 0.0274575 0.86806 0.0304915 0.858199
0 0.0407312 0.854407 0.0346632 0.862371 0.0354217 0.871473 0.0460407 0.869198
0 0.147679 0.789556 0.139336 0.794106 0.14237 0.800174 0.158298 0.798657 0.161332 0.788418 0.152988 0.786901
0 0.185983 0.80245 0.165504 0.808897 0.166641 0.822929 0.158677 0.825963 0.163228 0.833548 0.178398 0.835824 0.180294 0.824067 0.195843 0.821033 0.196981 0.809276 0.190913 0.802071
0 0.113926 0.835824 0.0998938 0.83772 0.0964806 0.843788 0.100652 0.851373 0.119994 0.849856 0.1272 0.856682 0.136302 0.851752 0.129475 0.841512 0.119994 0.836582
0 0.0130461 0.948081 0.0248028 0.950736 0.0168386 0.959458 0.00659891 0.961355
0 0.026699 0.960975 0.0119084 0.966285 0.0194933 0.977283 0.0289745 0.972732
0 0.372194 0.83241 0.362333 0.839616 0.369918 0.848339 0.378641 0.839995
0 0.399499 0.814586 0.393052 0.822929 0.400258 0.83241 0.40405 0.82255
0 0.503792 0.816482 0.496587 0.822171 0.500379 0.82748 0.506826 0.828618 0.507585 0.821792
0 0.506826 0.83279 0.492794 0.833169 0.496587 0.840375 0.503792 0.844167 0.507585 0.839616
0 0.598604 0.724704 0.5804 0.730014 0.581538 0.748218 0.582297 0.763008 0.572436 0.770972 0.566368 0.784246 0.552715 0.792969 0.548544 0.794865 0.552336 0.802829 0.566748 0.810035 0.591778 0.814586 0.608844 0.800554 0.613774 0.785763 0.617188 0.772869 0.621738 0.759595 0.609603 0.750493 0.609982 0.734185
0 0.548164 0.803208 0.538683 0.810793 0.547785 0.825205 0.559542 0.829756 0.563714 0.819137 0.561059 0.806622
0 0.573195 0.810414 0.56068 0.818758 0.569023 0.828239 0.573953 0.835065 0.582297 0.830514 0.582676 0.822171
0 0.616808 0.77742 0.611499 0.795623 0.607706 0.813069 0.599742 0.826343 0.583055 0.831273 0.57547 0.841512 0.584193 0.851752 0.603155 0.84265 0.607327 0.846443 0.602018 0.857441 0.599742 0.867301 0.602776 0.879058 0.616808 0.885884 0.613016 0.890435 0.601259 0.907881 0.603535 0.927981 0.606948 0.9386 0.631978 0.930256 0.626289 0.942392 0.627048 0.953011 0.628186 0.965147 0.625531 0.979938 0.625152 0.997004 0.627759 0.998047 0.650182 0.998047 0.650182 0.994349 0.66649 0.98373 0.673695 0.960217 0.675212 0.940496 0.665731 0.915086 0.659284 0.891573 0.660042 0.874128 0.668765 0.855545 0.665731 0.841512 0.642976 0.831652 0.637288 0.816482 0.641839 0.802071 0.64639 0.780833 0.641459 0.774006 0.627806 0.771731 0.623255 0.774386
0 0.50986 0.857062 0.505309 0.870715 0.517066 0.879437 0.523134 0.869577
0 0.567127 0.861992 0.554612 0.861233 0.56068 0.877541 0.570919 0.874507
0 0.391535 0.897641 0.376745 0.902951 0.384329 0.913569 0.396845 0.909019
0 0.465488 0.902192 0.450698 0.909398 0.463592 0.919258 0.468522 0.909398
0 0.49507 0.84758 0.483313 0.848718 0.485968 0.86275 0.495449 0.857062
0 0.511757 0.881333 0.503034 0.882092 0.508723 0.891952
0 0.415807 0.829756 0.402154 0.834686 0.412394 0.850994
0 0.292552 0.944668 0.281553 0.946943 0.289138 0.956045
0 0.442353 0.923647 0.419122 0.919345 0.423424 0.937414 0.43676 0.943867 0.447945 0.936123
