0 0.0666188 0.292291 0.0605469 0.31759 0.0747146 0.323662 0.0883764 0.325686 0.100014 0.309494 0.0904003 0.290773 0.0711727 0.289255
0 0.119748 0.342384 0.126832 0.358576 0.13088 0.370213 0.144541 0.368189 0.156685 0.356552 0.155167 0.344914 0.138975 0.334794 0.131892 0.331252 0.121772 0.3353
0 0.0863524 0.383875 0.0919183 0.390959 0.10052 0.408163 0.11064 0.400573 0.113676 0.386405 0.103556 0.381851 0.0964722 0.380333
0 0.181985 0.431438 0.187045 0.45016 0.199694 0.439028 0.194634 0.434474
0 0.635859 0.90201 0.625739 0.933381 0.635859 0.952103 0.651038 0.950079 0.650026 0.934899 0.64952 0.925285 0.652556 0.911118 0.649014 0.90201
0 0.650532 0.998047 0.652556 0.98904 0.66723 0.988028 0.670266 0.997642 0.661664 0.998047
0 0.695565 0.970319 0.699613 0.958681 0.704673 0.947549 0.698601 0.932369 0.693542 0.917696 0.688988 0.900492 0.697589 0.895938 0.712769 0.89442 0.721371 0.903022 0.724913 0.91466 0.727443 0.925285 0.738069 0.941983 0.734527 0.953115 0.715299 0.964753 0.706191 0.973861
0 0.726937 0.895432 0.735033 0.875698 0.717829 0.866084 0.710745 0.874686 0.703408 0.893408
0 0.742117 0.901504 0.746671 0.882276 0.73225 0.875192 0.724154 0.866084 0.723142 0.849893 0.748695 0.861025 0.765392 0.868614 0.772982 0.87671 0.765898 0.891384 0.758308 0.898468 0.755778 0.910612
0 0.791704 0.905552 0.7998 0.898468 0.802836 0.877216 0.806884 0.86912 0.814979 0.89189 0.821557 0.904034 0.812955 0.915166 0.810931 0.926297 0.810931 0.935911 0.826617 0.944007 0.833701 0.932369 0.847869 0.923261 0.851411 0.911118 0.842303 0.893408 0.827629 0.867602 0.807389 0.844833 0.795752 0.845845 0.784114 0.857989 0.781584 0.86912 0.77956 0.883288 0.773741 0.906564
0 0.172624 0.374767 0.159974 0.374261 0.158456 0.384887 0.166552 0.393489 0.174142 0.392477
0 0.17313 0.403103 0.164528 0.400067 0.158962 0.405127 0.165034 0.417776 0.172118 0.421824
0 0.0334764 0.290773 0.0208266 0.297351 0.0274045 0.305446 0.0380303 0.30494
0 0.0188026 0.343396 0.0122247 0.345926 0.0152607 0.354022 0.0263925 0.351998
0 0.05321 0.306964 0.0451142 0.30747 0.0395483 0.307976 0.0405602 0.316072 0.0496681 0.318602
0 0.563755 0.997642 0.572357 0.989546 0.576911 0.993088 0.576911 0.998047
0 0.665459 0.951091 0.655339 0.953621 0.660905 0.964753 0.669507 0.967283
0 0.684181 0.968801 0.679627 0.970825 0.681651 0.979932 0.690253 0.974872
0 0.691771 0.953621 0.684181 0.954633 0.684181 0.962729 0.692277 0.963235
0 0.740852 0.826617 0.732756 0.834207 0.743888 0.840785 0.746418 0.838761
0 0.661411 0.870132 0.656351 0.870132 0.655845 0.878734 0.661917 0.881264
0 0.201465 0.569068 0.203489 0.583741 0.214115 0.583741 0.215127 0.573116
