0 0.685952 0.790186 0.681398 0.804354 0.688482 0.811437 0.700119 0.806884 0.701131 0.795752 0.693036 0.785126
0 0.664194 0.841797 0.657616 0.852423 0.66976 0.862543 0.675832 0.854447 0.670266 0.845339
0 0.679374 0.886324 0.669254 0.89695 0.666218 0.913648 0.654074 0.928321 0.653062 0.942489 0.663688 0.943501 0.680386 0.924273 0.684434 0.91719 0.69 0.903022 0.694554 0.89442 0.693036 0.884806
0 0.686711 0.543768 0.680639 0.560466 0.688229 0.566032 0.690759 0.553382
0 0.751983 0.608535 0.740852 0.613089 0.740852 0.615619 0.745912 0.624221 0.752489 0.624727
0 0.736298 0.587283 0.728708 0.591331 0.731238 0.601957 0.736804 0.603475 0.741864 0.598921
0 0.669001 0.655086 0.680133 0.648002 0.686205 0.640412 0.690759 0.648002 0.685699 0.660146 0.677603 0.663688
0 0.704926 0.650532 0.7196 0.650532 0.730732 0.646484 0.73478 0.636365 0.731238 0.632317 0.721624 0.636365 0.709986 0.640918
0 0.681145 0.713781 0.673555 0.722383 0.677603 0.731997 0.687217 0.730985 0.688229 0.715299
0 0.658881 0.747177 0.649773 0.754766 0.655339 0.762862 0.661917 0.75932
0 0.695312 0.747683 0.683675 0.746671 0.684687 0.75932 0.696324 0.762356
