2 0.0033045 0.416367 0.0180932 0.416367 0.030842 0.419937 0.0257425 0.432686 0.000244778 0.435236
2 0.0170733 0.310807 0.00381446 0.315397 0.0104439 0.325596 0.0191131 0.325596
2 0.0522601 0.395459 0.0390013 0.396989 0.0395113 0.404639 0.0512402 0.404129
2 0.0548099 0.411778 0.0359416 0.410758 0.0344117 0.419937 0.0405312 0.430646 0.0405312 0.442885 0.0390013 0.453594 0.0548099 0.454614 0.0609293 0.436256 0.0609293 0.419427
2 0.05328 0.529577 0.0395113 0.535187 0.0415511 0.544366 0.0481805 0.543346
2 0.242983 0.505609 0.222075 0.507649 0.228194 0.519378 0.240433 0.516828
2 0.357213 0.405658 0.346504 0.403619 0.347524 0.411268 0.352623 0.414328
2 0.0466506 0.861048 0.0277823 0.857478 0.0267624 0.866657 0.0349217 0.875836 0.0486904 0.869717
2 0.637178 0.145072 0.627489 0.144562 0.626469 0.153741 0.635138 0.157821
2 0.39393 0.102746 0.380671 0.103256 0.38322 0.118554 0.39036 0.115494
2 0.424017 0.128243 0.406678 0.133343 0.403109 0.156291 0.416367 0.156291 0.422487 0.135383
