0 0.533142 0.276099 0.531624 0.295833 0.546804 0.303929 0.559454 0.317084 0.581718 0.308482 0.592596 0.306458 0.598162 0.306458 0.601704 0.296845 0.593608 0.286725 0.585765 0.287231 0.56249 0.289255 0.555912 0.281159 0.54225 0.272557
0 0.518469 0.326192 0.511891 0.351492 0.522011 0.360094 0.530612 0.354528 0.530612 0.34542 0.53213 0.333276 0.530106 0.323662
0 0.52783 0.409175 0.521758 0.42739 0.519734 0.441052 0.526818 0.446112 0.527577 0.453702 0.535672 0.468882 0.553382 0.500253 0.55996 0.523529 0.564008 0.532636 0.568562 0.541238 0.587536 0.542756 0.59209 0.522517 0.592596 0.500759 0.583489 0.491145 0.568056 0.484567 0.560972 0.46534 0.552876 0.45016 0.546298 0.438522 0.537443 0.431438 0.543515 0.411705 0.543515 0.399561
0 0.608535 0.498735 0.610559 0.516445 0.619161 0.53213 0.630293 0.535672 0.635353 0.544274 0.629787 0.561984 0.621185 0.569068 0.612583 0.591331 0.627257 0.603475 0.656604 0.602463 0.655592 0.576658 0.651544 0.565526 0.658122 0.550852 0.651544 0.522011 0.646484 0.505313 0.639906 0.490133 0.615619 0.484567 0.606005 0.491651
0 0.612077 0.271039 0.615366 0.290773 0.622197 0.299375 0.634847 0.301399 0.647496 0.316072 0.65458 0.31253 0.656604 0.295833 0.645978 0.273063 0.640412 0.262437 0.623209 0.257883 0.613089 0.265979
0 0.645472 0.336818 0.642436 0.362623 0.640412 0.385899 0.64446 0.41727 0.653062 0.43245 0.645978 0.446112 0.640412 0.471918 0.63763 0.481025 0.648255 0.500759 0.670266 0.447124 0.676844 0.429414 0.673808 0.407151 0.66976 0.389441 0.672796 0.375779 0.672796 0.350986 0.672796 0.331758 0.66217 0.329734 0.655592 0.331758
0 0.620932 0.548828 0.606764 0.55743 0.612836 0.566032 0.626498 0.558948
0 0.576405 0.318096 0.559707 0.331252 0.572863 0.336818 0.582477 0.32518
0 0.563755 0.341372 0.551611 0.349468 0.560719 0.359082 0.568309 0.351998
0 0.567803 0.430932 0.557177 0.431944 0.563249 0.442064 0.571851 0.444594
0 0.608788 0.422836 0.600186 0.426378 0.60221 0.433968 0.611824 0.435992
0 0.617896 0.386911 0.612836 0.390453 0.61486 0.404621 0.621438 0.408669 0.625992 0.399561
0 0.650785 0.31759 0.639148 0.326698 0.646231 0.3353 0.653315 0.331758
0 0.604234 0.287231 0.601704 0.299881 0.603728 0.309494 0.61739 0.314048 0.624474 0.31 0.620932 0.297857 0.613848 0.289761
