0 0.473941 0.208802 0.446112 0.223476 0.431944 0.23056 0.445606 0.246752 0.466858 0.236632 0.479507 0.224994 0.479001 0.211332
0 0.372996 0.255859 0.362117 0.260919 0.353516 0.275593 0.356046 0.288749 0.38767 0.277617 0.401332 0.276605 0.420559 0.264461 0.416511 0.254847 0.382357 0.262437
0 0.403609 0.328722 0.399055 0.336312 0.415247 0.344408 0.430173 0.354528 0.433968 0.367177 0.45016 0.379321 0.454714 0.387417 0.462304 0.391971 0.468882 0.380839 0.464328 0.363129 0.449148 0.353516 0.441052 0.341372 0.427896 0.330746 0.420306 0.32265 0.407657 0.323156
0 0.552876 0.352504 0.548828 0.360599 0.554394 0.368189 0.561984 0.369707 0.576658 0.381345 0.591837 0.390453 0.592849 0.400067 0.592849 0.421318 0.593861 0.433968 0.597403 0.4451 0.608029 0.455726 0.615113 0.473941 0.616631 0.480519 0.610053 0.495193 0.610053 0.516445 0.611571 0.538202 0.603222 0.567044 0.607776 0.578682 0.629028 0.586777 0.630799 0.551358 0.636365 0.527577 0.640412 0.499747 0.638895 0.470906 0.629281 0.445606 0.624727 0.431438 0.621185 0.414741 0.617137 0.400573 0.606005 0.377803 0.594873 0.362623 0.566032 0.345926
0 0.766151 0.456232 0.751983 0.46028 0.74996 0.470906 0.762609 0.476471 0.775512 0.477483 0.773235 0.482543 0.783861 0.490639 0.792969 0.482543 0.791198 0.470906 0.781584 0.455726
0 0.655592 0.573622 0.640918 0.581718 0.634341 0.594873 0.635859 0.610053 0.655086 0.598415 0.666724 0.578682
0 0.704167 0.795752 0.696071 0.803848 0.694807 0.820039 0.713022 0.819027 0.716817 0.805366
0 0.758814 0.792716 0.748442 0.781584 0.738322 0.786138 0.739587 0.797776 0.746671 0.807389 0.758308 0.806378
0 0.480772 0.184009 0.474194 0.194634 0.480266 0.203236 0.488362 0.196658
0 0.611318 0.584753 0.602716 0.590319 0.611824 0.603475 0.61992 0.604993 0.620932 0.588295
0 0.677603 0.5802 0.693289 0.57008 0.697336 0.55996 0.690253 0.553382 0.672037 0.563502 0.672543 0.574128
0 0.680133 0.657616 0.670519 0.656098 0.666471 0.666724 0.667989 0.675326 0.674567 0.680386 0.681651 0.679374 0.687723 0.667736 0.685699 0.658122
0 0.718588 0.655086 0.73225 0.666218 0.73731 0.6647 0.732756 0.649014 0.720106 0.645472 0.71201 0.649014
0 0.711504 0.702143 0.726684 0.696577 0.72213 0.682916 0.7196 0.666724 0.70695 0.669254 0.704926 0.684434 0.70189 0.698601
0 0.726178 0.728455 0.736298 0.726937 0.732756 0.717323 0.72466 0.715299
0 0.745912 0.721877 0.754007 0.712263 0.749454 0.700625 0.738322 0.708215 0.737816 0.718841
0 0.751477 0.679374 0.740852 0.682916 0.745912 0.693542 0.754007 0.691518
0 0.771717 0.495193 0.763115 0.510373 0.772729 0.517457 0.781331 0.506325 0.778801 0.494181
0 0.700878 0.57008 0.687217 0.578682 0.695818 0.585765 0.700878 0.576658
0 0.424607 0.354528 0.416006 0.351492 0.41297 0.360599 0.418029 0.364141
0 0.103809 0.545792 0.0957132 0.55237 0.0997612 0.561984 0.109375 0.563502 0.112917 0.5549
