2 0.0557742 0.262835 0.057977 0.279723 0.0741306 0.280457 0.0711936 0.264303
2 0.122592 0.311296 0.122592 0.325247 0.146088 0.327449 0.149025 0.311296
2 0.141682 0.333324 0.142417 0.345806 0.160039 0.350946 0.161507 0.332589
2 0.107906 0.3414 0.109375 0.358288 0.135074 0.360491 0.135808 0.343603
2 0.128466 0.0565085 0.124794 0.0822075 0.151228 0.0792704 0.155633 0.0616483
2 0.147556 0.0910186 0.145354 0.107906 0.162242 0.107906 0.164444 0.0917528
2 0.122592 0.143885 0.121857 0.160039 0.138745 0.160039 0.138745 0.142417
2 0.0873473 0.142417 0.0873473 0.15857 0.103501 0.157102 0.104235 0.142417
2 0.144619 0.13948 0.145354 0.15857 0.165913 0.156367 0.159305 0.141682
2 0.209968 0.108641 0.211437 0.122592 0.225388 0.123326 0.226856 0.107172
2 0.268709 0.141682 0.270912 0.160773 0.280457 0.171787 0.292205 0.159305 0.279723 0.138745
2 0.327449 0.114515 0.330387 0.132137 0.345072 0.1292 0.340666 0.113781
2 0.259164 0.000704887 0.259898 0.0117188 0.28266 0.0139215 0.28266 0.0021734
2 0.295876 0.00584469 0.292205 0.0197956 0.306156 0.0212641 0.309093 0.0109845
2 0.316436 0.0557742 0.316436 0.0726621 0.331855 0.0726621 0.331855 0.0565085
2 0.406749 0.057977 0.406749 0.0741306 0.426574 0.0719279 0.424371 0.0557742
2 0.384722 0.0660538 0.383987 0.0800047 0.397204 0.080739 0.397938 0.063851
2 0.412623 0.00657895 0.408952 0.0197956 0.4207 0.0183271 0.424371 0.00584469
2 0.481644 0.0190613 0.480909 0.0337465 0.496329 0.0337465 0.500734 0.0168586
2 0.533776 0.0300752 0.533776 0.0425576 0.546992 0.0440261 0.54993 0.0315437
2 0.556538 0.0410891 0.555804 0.0550399 0.571223 0.057977 0.571957 0.0432918
2 0.392064 0.110109 0.392064 0.126263 0.404547 0.126997 0.407484 0.112312
2 0.407484 0.126263 0.406749 0.141682 0.42584 0.142417 0.42584 0.126263
2 0.453008 0.200423 0.46035 0.218045 0.472098 0.214374 0.47063 0.197486
2 0.373708 0.185004 0.373708 0.200423 0.388393 0.204828 0.389861 0.189409
2 0.393533 0.234933 0.393533 0.254024 0.408218 0.253289 0.409686 0.23787
2 0.475035 0.309827 0.47577 0.325981 0.490455 0.327449 0.491189 0.309827
2 0.54993 0.31203 0.54993 0.329652 0.56388 0.330387 0.567552 0.313499
2 0.552867 0.289268 0.546992 0.300282 0.566817 0.307625 0.573426 0.292205
2 0.580768 0.270177 0.585174 0.290737 0.605733 0.285597 0.602796 0.271646
2 0.558741 0.201891 0.554335 0.222451 0.571957 0.228325 0.576363 0.207031
2 0.612341 0.188675 0.607202 0.20336 0.622621 0.217311 0.627027 0.196752
2 0.629964 0.206297 0.629964 0.223919 0.643914 0.226122 0.643914 0.20336
2 0.599859 0.225388 0.600593 0.251087 0.62409 0.256227 0.632166 0.247415 0.615278 0.224653
2 0.638775 0.301016 0.649789 0.320107 0.665208 0.320107 0.65346 0.297345
2 0.716606 0.199689 0.716606 0.215842 0.729088 0.220248 0.734228 0.201157
2 0.763598 0.00364192 0.762864 0.0183271 0.778284 0.0212641 0.782689 0.00584469
2 0.824542 0.0396205 0.823808 0.0601797 0.839961 0.0572427 0.845101 0.0396205
2 0.032278 0.343603 0.0168586 0.364162 0.00437617 0.350211 0.0168586 0.328918
2 0.0315437 0.344337 0.0175928 0.360491 0.0271382 0.368568 0.0410891 0.359757
2 0.060914 0.357554 0.063851 0.372239 0.0873473 0.366365 0.0873473 0.349477
2 0.0521029 0.371505 0.0484316 0.389861 0.0733964 0.388393 0.0748649 0.372239
2 0.0822075 0.387659 0.0828865 0.399472 0.0968926 0.403812 0.0990954 0.384722
2 0.106438 0.383253 0.106438 0.403078 0.123326 0.403812 0.12406 0.383987
2 0.0675223 0.428777 0.0748649 0.448602 0.0880815 0.444931 0.0880815 0.428043
2 0.000704887 0.535979 0 0.552191 0.0146558 0.553601 0.0190613 0.535979
2 0.0227326 0.541853 0.0286067 0.557272 0.0476974 0.552867 0.0396205 0.538916
2 0.146088 0.564615 0.146088 0.582237 0.160773 0.580034 0.16371 0.563146
2 0.0308094 0.46549 0.0454946 0.488252 0.0594455 0.483112 0.0476974 0.459616
2 0.0109845 0.477972 0.0102502 0.491923 0.0240629 0.491496 0.0242011 0.472098
2 0.01539 0.60867 0.01539 0.627027 0.0396205 0.621152 0.0359492 0.604265
2 0.00364192 0.581503 0.00290766 0.598391 0.0205298 0.595453 0.0219984 0.578566
2 0.0425576 0.643914 0.0425576 0.664474 0.0594455 0.666676 0.0594455 0.646852
2 0.0168586 0.696047 0.0190613 0.713669 0.0337465 0.713669 0.0337465 0.69825
2 0.0286067 0.763598 0.0264039 0.777549 0.0418233 0.778284 0.0432918 0.764333
2 0.112312 0.775347 0.114515 0.790032 0.129934 0.790766 0.131403 0.771675
2 0.100564 0.649789 0.0946898 0.667411 0.111578 0.670348 0.113046 0.654928
2 0.166647 0.739368 0.175458 0.759927 0.185738 0.754787 0.186472 0.736431
2 0.198954 0.674753 0.202626 0.68797 0.219514 0.685767 0.220248 0.671082
2 0.253289 0.635838 0.252555 0.656397 0.268709 0.655663 0.27238 0.638775
2 0.217311 0.547727 0.215842 0.563146 0.229793 0.567552 0.234199 0.54993
2 0.2085 0.513217 0.212905 0.532307 0.22759 0.530839 0.226122 0.514685
2 0.2085 0.492657 0.207031 0.50514 0.222451 0.511014 0.229059 0.494126
2 0.331855 0.686501 0.333324 0.699718 0.348009 0.697515 0.350211 0.681362
2 0.303953 0.596188 0.306156 0.617481 0.323044 0.612341 0.321575 0.599125
2 0.290737 0.553601 0.290002 0.565349 0.302485 0.56902 0.308359 0.553601
2 0.154165 0.430246 0.159305 0.447868 0.172521 0.447133 0.175458 0.428043
2 0.251821 0.395735 0.253289 0.414826 0.264303 0.417029 0.266506 0.394267
2 0.255492 0.334058 0.257695 0.350946 0.27238 0.361225 0.281926 0.347274
2 0.384722 0.807654 0.38619 0.828213 0.401609 0.828947 0.403078 0.809122
2 0.178395 0.953771 0.177661 0.972862 0.190878 0.975065 0.195283 0.953037
2 0.157836 0.965519 0.160039 0.987547 0.176192 0.98461 0.174724 0.966254
2 0.204828 0.938352 0.205563 0.961114 0.220248 0.959645 0.222451 0.937617
2 0.273849 0.958911 0.269443 0.971393 0.284863 0.975065 0.292205 0.957442
2 0.242276 0.98461 0.241541 0.997827 0.263569 0.997827 0.261366 0.98461
2 0.503671 0.763598 0.499266 0.783423 0.515419 0.781221 0.519091 0.764333
2 0.54993 0.696047 0.552132 0.715137 0.567552 0.712935 0.564615 0.695312
2 0.518356 0.687236 0.511748 0.701187 0.527168 0.705592 0.535244 0.691641
2 0.333324 0.885485 0.336261 0.903842 0.356086 0.896499 0.35168 0.880345
2 0.569754 0.922198 0.56902 0.93468 0.588845 0.937617 0.585174 0.919995
2 0.450805 0.908981 0.450805 0.927338 0.464021 0.925869 0.463287 0.906044
2 0.642446 0.964785 0.646852 0.983876 0.661537 0.980939 0.662271 0.964051
2 0.701921 0.922932 0.696781 0.937617 0.707795 0.9501 0.721012 0.9501 0.721012 0.930275
2 0.740836 0.916324 0.739368 0.93468 0.754053 0.93982 0.752585 0.919995
2 0.241541 0.45007 0.240807 0.464021 0.256227 0.466224 0.256961 0.446399
2 0.30175 0.404547 0.297345 0.417029 0.311296 0.426574 0.318638 0.413358
2 0.255492 0.469161 0.250352 0.483846 0.27238 0.486049 0.270177 0.469161
2 0.268709 0.461819 0.273114 0.480909 0.283394 0.483846 0.289268 0.464021
2 0.312764 0.469895 0.312764 0.48972 0.326715 0.488986 0.334058 0.472098
2 0.334792 0.477972 0.334792 0.495594 0.348009 0.496329 0.348743 0.477238
2 0.364162 0.566817 0.364897 0.582237 0.381785 0.583705 0.383253 0.566817
2 0.491923 0.469895 0.493392 0.486783 0.51028 0.487518 0.507343 0.466224
2 0.582237 0.493392 0.581503 0.51028 0.599125 0.511014 0.599125 0.493392
2 0.598391 0.478707 0.597656 0.492657 0.616013 0.497063 0.617481 0.483112
2 0.600593 0.502937 0.596922 0.528636 0.614544 0.535979 0.615278 0.508077
2 0.800311 0.469895 0.808388 0.492657 0.823808 0.48972 0.819402 0.463287
2 0.831884 0.424371 0.835556 0.440525 0.848772 0.441994 0.848772 0.422169
2 0.815731 0.516154 0.820136 0.530105 0.837024 0.532307 0.835556 0.509545
2 0.710732 0.331121 0.711466 0.348009 0.723949 0.350211 0.726151 0.334058
2 0.588111 0.356086 0.581503 0.370036 0.596188 0.373708 0.601328 0.360491
2 0.810591 0.326715 0.808388 0.342869 0.820871 0.348743 0.827479 0.333324
2 0.787829 0.379582 0.783423 0.395735 0.807654 0.400141 0.801046 0.379582
2 0.520559 0.497797 0.519825 0.516888 0.542587 0.516154 0.543321 0.496329
2 0.651991 0.710732 0.650523 0.734228 0.667411 0.734228 0.668145 0.712935
2 0.397938 0.370771 0.397938 0.384722 0.414092 0.386924 0.418497 0.370771
2 0.175458 0.483846 0.178395 0.495594 0.190878 0.503671 0.19308 0.486783
2 0.521293 0.925869 0.522028 0.943492 0.536713 0.942757 0.537447 0.926604
2 0.839961 0.375176 0.836502 0.387048 0.849507 0.394267 0.855381 0.38105
