2 0.214621 0.359082 0.206019 0.363635 0.215633 0.396019 0.232837 0.396525 0.229295 0.373755
2 0.187298 0.384887 0.200453 0.386405 0.199947 0.405633 0.18072 0.401585
2 0.156938 0.348456 0.134675 0.363635 0.150866 0.376285 0.169588 0.370719
2 0.131639 0.335806 0.119495 0.341878 0.128603 0.351492 0.13771 0.344408
2 0.479254 0.21791 0.508096 0.21538 0.513156 0.232078 0.496458 0.238656 0.483808 0.233596
2 0.536431 0.110134 0.511638 0.110134 0.511638 0.124808 0.529853 0.126326
2 0.650279 0.0271515 0.672543 0.0236095 0.673049 0.0403072 0.663435 0.0489091 0.651291 0.0403072
2 0.629534 0.00994778 0.616378 0.0246215 0.639148 0.0332234
2 0.980691 0.0473911 0.997389 0.051439 0.984233 0.0706667 0.978161 0.0635828
2 0.740852 0.180467 0.763621 0.178949 0.758561 0.202224 0.744394 0.19767
2 0.661411 0.181479 0.641677 0.194128 0.648255 0.209308 0.672543 0.204248
2 0.680639 0.21538 0.662423 0.218922 0.662929 0.24068 0.676591 0.240174
2 0.695312 0.223476 0.684181 0.22803 0.688229 0.238656 0.697842 0.235114 0.698854 0.232078
2 0.705432 0.216898 0.7196 0.218922 0.712516 0.23562 0.700372 0.237138
2 0.723648 0.2255 0.735792 0.2255 0.735792 0.238656 0.725166 0.238656
2 0.852676 0.1157 0.840026 0.117724 0.840532 0.126832 0.850652 0.13088
2 0.761091 0.4704 0.776777 0.472929 0.782343 0.488109 0.769693 0.491145 0.750972 0.481025
2 0.59462 0.478495 0.609294 0.480013 0.608282 0.495699 0.601704 0.493675
2 0.559707 0.306964 0.583489 0.301905 0.585512 0.310506 0.569827 0.320626
