2 0.445859 0.219428 0.437257 0.223476 0.441305 0.23562 0.452943 0.23309
2 0.560719 0.451172 0.549081 0.448642 0.548575 0.466858 0.555659 0.480013 0.569321 0.468882
2 0.365912 0.697589 0.352757 0.699613 0.350733 0.712769 0.3649 0.717829
2 0.655339 0.744647 0.644207 0.750719 0.655339 0.762356 0.659893 0.750719
2 0.546289 0.824414 0.543515 0.811943 0.529853 0.828641 0.539973 0.830159
2 0.591078 0.934899 0.577417 0.935911 0.580959 0.949573 0.592596 0.953621
2 0.763621 0.883288 0.745406 0.88936 0.753501 0.902516 0.772223 0.89948
2 0.899733 0.89442 0.887083 0.905552 0.893155 0.914154 0.902769 0.906564
2 0.665965 0.941983 0.656351 0.949573 0.664447 0.957669 0.672037 0.953115
2 0.544195 0.747985 0.525186 0.748936 0.531364 0.762717 0.54372 0.763192
2 0.970443 0.865531 0.957745 0.872787 0.971048 0.880043
2 0.650195 0.420898 0.649805 0.43125 0.661914 0.431055 0.661914 0.421289
2 0.593945 0.517773 0.595313 0.527148 0.602734 0.532813 0.602734 0.517773
2 0.545508 0.783398 0.546875 0.792188 0.556641 0.790625 0.555078 0.781641
2 0.799414 0.508203 0.800391 0.513672 0.807227 0.512891 0.806836 0.506836
2 0.919727 0.361914 0.920898 0.370898 0.92793 0.370508 0.927148 0.361133
2 0.922461 0.409766 0.924414 0.416797 0.933398 0.414258 0.931445 0.40918
2 0.750781 0.947656 0.751172 0.955469 0.759961 0.955664 0.760547 0.947266
2 0.842969 0.954883 0.842773 0.964648 0.851953 0.963867 0.851562 0.951758
2 0.0236328 0.405664 0.0240234 0.414453 0.0335937 0.414648 0.0347656 0.406836
2 0.32793 0.624805 0.327734 0.634375 0.34043 0.633984 0.338281 0.623047
2 0.287695 0.630664 0.286914 0.645508 0.316016 0.645703 0.315625 0.631836
2 0.385937 0.798633 0.385547 0.807227 0.394531 0.807031 0.394922 0.798633
2 0.149219 0.866797 0.148438 0.878711 0.161719 0.87832 0.161328 0.867188
2 0.189453 0.326367 0.189062 0.33418 0.200586 0.33457 0.200977 0.325781
