2 0.499023 0.22168 0.499023 0.237305 0.500977 0.24707 0.493164 0.245117 0.491211 0.22168 0.493164 0.217773
2 0.297098 0.984486 0.274328 0.982968 0.274328 0.99663 0.282626 0.998047 0.301146 0.998047
2 0.440293 0.973861 0.441811 0.955645 0.450919 0.945525 0.461545 0.960705 0.455979 0.973355
2 0.455473 0.990558 0.454151 0.998047 0.471159 0.997642 0.471159 0.988028 0.469135 0.980944 0.458003 0.979932
2 0.479254 0.997642 0.511132 0.997136 0.508602 0.984992 0.484314 0.986004
2 0.545033 0.946031 0.536431 0.955645 0.541997 0.962729 0.550093 0.962223 0.552623 0.952609
2 0.780825 0.817003 0.767669 0.825605 0.779813 0.831171 0.788415 0.830159
2 0.463063 0.795246 0.448895 0.795752 0.442317 0.798282 0.444341 0.808907 0.456485 0.812955 0.463063 0.808401
2 0.319867 0.876204 0.303676 0.886324 0.310759 0.890372 0.318349 0.892902 0.322903 0.884806
2 0.426125 0.781584 0.417017 0.791198 0.422077 0.793728 0.430173 0.793222
2 0.844074 0.67229 0.833448 0.673302 0.830918 0.68747 0.843062 0.688988
2 0.990305 0.589813 0.997895 0.587789 0.998047 0.588329 0.998047 0.607523 0.990811 0.596391
2 0.986257 0.618149 0.979173 0.621691 0.976643 0.630293 0.986763 0.631811
2 0.993341 0.626245 0.998047 0.623735 0.998047 0.633835
2 0.432197 0.728455 0.423089 0.726431 0.424101 0.736551 0.434727 0.735539
2 0.320879 0.378309 0.308735 0.383875 0.315313 0.391971 0.323409 0.388429
2 0.425619 0.261425 0.420053 0.263449 0.417523 0.277111 0.424101 0.287231 0.428149 0.277617
2 0.323409 0.31 0.313289 0.314554 0.316325 0.323662 0.328469 0.321638
2 0.289508 0.186539 0.277364 0.193116 0.279894 0.203742 0.289508 0.2002
2 0.6351 0.124302 0.620932 0.127844 0.63257 0.141505
2 0.781331 0.157191 0.771717 0.157697 0.767163 0.170347 0.779307 0.175407
2 0.541997 0.188057 0.528335 0.189575 0.531877 0.201212 0.540985 0.20273
2 0.901251 0.0853404 0.894167 0.0797745 0.883541 0.0909063 0.885565 0.0974842 0.895685 0.0969782
2 0.952862 0.20779 0.935152 0.20779 0.9392 0.21791 0.94932 0.22297
2 0.935658 0.0499211 0.92655 0.055487 0.92908 0.0645948 0.936164 0.0615589
2 0.940212 0.0332234 0.932622 0.0332234 0.932116 0.0433432 0.940212 0.0392953
2 0.921996 0.0291754 0.910359 0.0317054 0.918455 0.0377773
2 0.549081 0.0817985 0.539467 0.0838225 0.545033 0.0919183
2 0.84711 0.143023 0.838002 0.143023 0.835978 0.150613 0.843568 0.152637
2 0.436245 0.234608 0.424607 0.238656 0.433209 0.253329 0.438775 0.24827
2 0.423089 0.45016 0.412464 0.456738 0.409934 0.467364 0.421571 0.471412
2 0.0810395 0.714287 0.0739556 0.714793 0.0724377 0.723395 0.0825575 0.721877
