2 0.848828 0.738086 0.849414 0.753125 0.875195 0.753906 0.873828 0.737891
2 0.80293 0.582617 0.802344 0.591797 0.812305 0.592187 0.811328 0.58125
2 0.655469 0.0585938 0.654883 0.0699219 0.667188 0.0691406 0.666797 0.0572266
2 0.187695 0.00214844 0.187891 0.0144531 0.202344 0.0132812 0.200977 0.00175781
2 0.2375 0.151367 0.235742 0.166406 0.24707 0.166211 0.247266 0.150586
2 0.314258 0.166211 0.314063 0.174609 0.321875 0.174219 0.321289 0.167773
2 0.323828 0.0580078 0.323437 0.0669922 0.332813 0.0671875 0.333008 0.0576172
2 0.400586 0.33418 0.400391 0.344531 0.410156 0.34375 0.409766 0.33418
2 0.538867 0.539453 0.538477 0.549414 0.548438 0.548828 0.548047 0.540234
2 0.597021 0.107542 0.596722 0.120123 0.609603 0.119824 0.610801 0.107242
2 0.364063 0.168359 0.363281 0.175781 0.374023 0.175195 0.374023 0.167187
2 0.273047 0.161328 0.26875 0.166992 0.277344 0.168555 0.276953 0.162695
2 0.273242 0.881055 0.272656 0.891406 0.282031 0.890039 0.281445 0.880859
