0 0.684434 0.234102 0.676844 0.254341 0.696071 0.259401 0.714287 0.255859 0.741105 0.270027 0.772476 0.266991 0.787656 0.256871 0.777536 0.248776 0.791198 0.246752 0.802836 0.264967 0.817003 0.272051 0.827629 0.273063 0.826617 0.256365 0.811437 0.251305 0.803848 0.24574 0.802836 0.23815 0.798788 0.219934 0.790692 0.210826 0.76944 0.208802 0.748189 0.218922 0.733009 0.22803 0.705685 0.230054
0 0.953115 0.21032 0.947549 0.22803 0.960705 0.23815 0.972343 0.249281 0.97892 0.258895 0.988534 0.265979 0.9941 0.249787 0.98398 0.240174 0.977402 0.226006 0.968801 0.208802
0 0.961211 0.461292 0.947549 0.475965 0.962729 0.487097 0.981956 0.474953 0.97639 0.456738
0 0.533648 0.700625 0.511891 0.713275 0.512397 0.728961 0.506831 0.738575 0.503795 0.758308 0.522011 0.763368 0.554394 0.763874 0.579694 0.739587 0.55743 0.721371 0.56755 0.720865 0.575899 0.698601 0.54731 0.705685 0.540732 0.701131
0 0.486591 0.809413 0.450666 0.798788 0.426884 0.798788 0.407151 0.814979 0.396525 0.825099 0.396525 0.842809 0.401079 0.857989 0.398043 0.878228 0.380586 0.89189 0.394248 0.908588 0.407657 0.90454 0.428908 0.899986 0.4451 0.883288 0.4451 0.860013 0.439028 0.830159 0.43245 0.822569 0.454208 0.817509 0.480519 0.824593 0.496205 0.813461
0 0.525553 0.850399 0.551864 0.845339 0.569574 0.841291 0.599427 0.833701 0.631811 0.818015 0.639906 0.807389 0.64699 0.800306 0.680892 0.822063 0.673808 0.840785 0.672796 0.860013 0.668748 0.866084 0.654074 0.861531 0.647496 0.850905 0.636871 0.845339 0.621185 0.839267 0.583741 0.845339 0.562996 0.851411 0.535672 0.872156 0.531624 0.895938 0.540226 0.921743 0.55743 0.946537 0.57514 0.958681 0.56755 0.970319 0.540226 0.998047 0.704167 0.998047 0.709227 0.985498 0.733515 0.980438 0.757802 0.965765 0.782596 0.956151 0.811943 0.936923 0.78968 0.915166 0.808907 0.900998 0.823075 0.893914 0.840785 0.875698 0.819533 0.855459 0.78968 0.831677 0.781584 0.817509 0.782596 0.808907 0.76944 0.793222 0.750213 0.806378 0.735033 0.810425 0.708215 0.799294 0.68494 0.797776 0.661158 0.765898 0.639906 0.750213 0.609547 0.767416 0.57514 0.786644 0.546804 0.804354 0.535672 0.823075 0.514421 0.836231
0 0.590825 0.742117 0.575899 0.750213 0.573369 0.762862 0.581465 0.76438 0.589813 0.761344 0.596897 0.760332 0.599933 0.748189
0 0.696324 0.298869 0.690759 0.30494 0.696324 0.312024 0.704926 0.309494
0 0.710492 0.31 0.698854 0.316578 0.704926 0.320626 0.711504 0.322144
0 0.722636 0.311518 0.714034 0.321132 0.719094 0.329228 0.727696 0.330746
0 0.459521 0.888348 0.475206 0.878228 0.468629 0.863048 0.454461 0.880252
0 0.47976 0.863554 0.487856 0.859507 0.497976 0.864566 0.50506 0.859001 0.498988 0.848375 0.480266 0.847869 0.478748 0.855459
0 0.746924 0.651544 0.738322 0.651544 0.738828 0.661664 0.746924 0.663182
0 0.738322 0.761344 0.726684 0.768934 0.734274 0.776524 0.740852 0.7745
0 0.506578 0.723901 0.49747 0.729973 0.502024 0.737563 0.509108 0.733515
0 0.592596 0.709733 0.577417 0.715299 0.581465 0.723395 0.58703 0.719853
0 0.636112 0.714287 0.625992 0.721877 0.634088 0.727443 0.640665 0.725419
0 0.51265 0.814979 0.508602 0.829653 0.518216 0.833701 0.523276 0.825605
