0 0.16807 0.800306 0.159468 0.815991 0.153902 0.832689 0.175154 0.839267 0.176672 0.827629 0.184262 0.823581 0.193875 0.820039 0.202983 0.809919 0.193875 0.7998 0.180214 0.798282
0 0.159468 0.855459 0.15289 0.86659 0.153902 0.873168 0.151372 0.884806 0.151372 0.897962 0.15542 0.909094 0.179708 0.90707 0.182238 0.895938 0.182744 0.88177 0.182744 0.87165 0.182744 0.864566 0.17566 0.855965 0.167564 0.850905
0 0.189828 0.889866 0.208043 0.888348 0.230307 0.881264 0.240933 0.876204 0.240427 0.865578 0.229295 0.860519 0.222717 0.850905 0.211585 0.847363 0.202477 0.850905 0.200959 0.857989 0.195899 0.867096 0.192864 0.86912 0.188816 0.879746
0 0.230813 0.709227 0.228789 0.726431 0.224741 0.742117 0.217657 0.75679 0.215127 0.78462 0.215633 0.795246 0.219175 0.815485 0.223729 0.833701 0.245993 0.851411 0.256112 0.836737 0.269774 0.830159 0.284954 0.817509 0.291026 0.79474 0.294062 0.771464 0.294568 0.740093 0.294062 0.718335 0.291026 0.705179 0.291026 0.688482 0.274328 0.686964 0.257124 0.690506 0.244981 0.697589 0.234355 0.702143
0 0.37249 0.69253 0.372996 0.709733 0.376538 0.722889 0.368948 0.729973 0.365912 0.736045 0.366418 0.751224 0.356805 0.768428 0.349721 0.776524 0.325433 0.777536 0.318855 0.785632 0.329987 0.795246 0.348709 0.799294 0.36237 0.797776 0.375526 0.791704 0.393236 0.786644 0.39779 0.797776 0.41044 0.798282 0.426125 0.780066 0.421571 0.76438 0.412464 0.756284 0.409428 0.745659 0.409934 0.720865 0.413476 0.708215 0.416511 0.692024 0.408416 0.678868 0.39779 0.678868 0.390706 0.68241 0.38261 0.685446
0 0.250546 0.873168 0.245993 0.887842 0.257124 0.895938 0.267244 0.887336 0.263196 0.872662
0 0.49747 0.814473 0.491904 0.828641 0.491398 0.846351 0.503542 0.849893 0.509108 0.834207 0.509108 0.821557
0 0.516192 0.800812 0.516192 0.820039 0.52024 0.833195 0.532889 0.838255 0.534913 0.822569 0.533901 0.805366 0.524794 0.7998
0 0.578429 0.734527 0.577923 0.753248 0.582983 0.767922 0.568309 0.76691 0.571851 0.792716 0.575899 0.803848 0.567803 0.809413 0.562743 0.820545 0.568309 0.832689 0.575393 0.837243 0.578935 0.846351 0.583994 0.855459 0.58956 0.870638 0.609294 0.885818 0.60727 0.899986 0.603728 0.91719 0.605752 0.936417 0.631052 0.930851 0.636618 0.945019 0.639653 0.961717 0.623968 0.974366 0.619414 0.98651 0.623968 0.997642 0.6295 0.998047 0.639148 0.998047 0.641677 0.988028 0.646737 0.988534 0.657363 0.992076 0.667483 0.979932 0.670519 0.964247 0.666471 0.946031 0.665965 0.930851 0.662929 0.914154 0.658375 0.886324 0.657363 0.873168 0.665459 0.861531 0.666977 0.847363 0.659387 0.840785 0.640665 0.826617 0.637124 0.813461 0.641171 0.793728 0.642183 0.77956 0.638642 0.767922 0.623968 0.76944 0.61992 0.767416 0.613848 0.743635 0.59968 0.721877 0.59209 0.724913 0.585006 0.728455
0 0.471159 0.936417 0.463063 0.945525 0.463063 0.957669 0.4747 0.958175 0.483302 0.948055
0 0.0086828 0.949067 0.0147547 0.967789 0.0223446 0.97892 0.0314524 0.975884 0.0248745 0.959693 0.0213326 0.949067
