2 0.198415 0.419896 0.19184 0.430013 0.207031 0.443034 0.222222 0.430013 0.208116 0.414822
2 0.202691 0.537435 0.197266 0.550456 0.208116 0.563477 0.225477 0.561306 0.218967 0.54286
2 0.2999 0.424364 0.296071 0.433938 0.305645 0.441598 0.313943 0.435215 0.309475 0.423088
2 0.668186 0.722982 0.65191 0.721897 0.646484 0.738173 0.66276 0.745768 0.674696 0.733832
2 0.711589 0.830404 0.690972 0.832574 0.694227 0.847765 0.713759 0.849935
2 0.535807 0.398546 0.535807 0.426758 0.558594 0.443034 0.57487 0.425673 0.568359 0.396376
2 0.489149 0.281359 0.489149 0.30523 0.519635 0.311921 0.534722 0.304145 0.520616 0.280273
2 0.157118 0.781576 0.143012 0.798937 0.159288 0.816298 0.170139 0.813043 0.168191 0.782426
2 0.204861 0.760959 0.210286 0.777235 0.238498 0.765299 0.231988 0.751194
2 0.452257 0.975803 0.435981 0.988824 0.442437 0.998047 0.462023 0.998047 0.465278 0.987739
2 0.508681 0.526584 0.503255 0.537435 0.513021 0.552626 0.523872 0.543945 0.523872 0.530924
2 0.556424 0.53635 0.541233 0.54503 0.552083 0.554796 0.565104 0.556966 0.567274 0.546115
2 0.18316 0.877062 0.184245 0.893338 0.196181 0.899848 0.202691 0.886827 0.200521 0.871636
2 0.213542 0.896593 0.207031 0.907444 0.214627 0.919379 0.226562 0.918294 0.226562 0.904188
2 0.250434 0.882487 0.241753 0.891168 0.245009 0.909614 0.267795 0.906359 0.26454 0.892253
2 0.166622 0.235991 0.159926 0.242417 0.160373 0.252062 0.170999 0.249798 0.173357 0.243063
2 0.4273 0.329102 0.409939 0.332357 0.419705 0.347548 0.435981 0.352973 0.439236 0.342122
2 0.557509 0.317166 0.550998 0.321506 0.558594 0.333442 0.57487 0.328016 0.569444 0.320421
2 0.663845 0.0317925 0.66276 0.0632595 0.688802 0.0621745 0.694227 0.0437283 0.679036 0.0296224
2 0.690972 0.00141059 0.690972 0.0144314 0.705078 0.0209418 0.714844 0.0122613 0.707691 0
2 0.390408 0.128364 0.390408 0.152235 0.417535 0.150065 0.406684 0.126194
2 0.157771 0.553962 0.156907 0.569517 0.16987 0.571246 0.170734 0.553962
2 0.0399306 0.61773 0.0399306 0.636176 0.0551215 0.639431 0.0562066 0.6199
2 0.588976 0.929145 0.584635 0.945421 0.607422 0.948676 0.603082 0.929145
2 0.473958 0.967122 0.472873 0.983398 0.49349 0.986654 0.491319 0.968207
0 0.932972 0.182349 0.933836 0.195312 0.946799 0.196177 0.946799 0.180621
2 0.450349 0.279725 0.446509 0.298378 0.466259 0.302767 0.467905 0.283017
2 0.395799 0.398386 0.394505 0.422962 0.40744 0.422315 0.41132 0.398386
2 0.388038 0.518678 0.388038 0.543253 0.400973 0.544547 0.402266 0.515444
2 0.0523851 0.91771 0.0491515 0.939699 0.0730805 0.939699 0.071787 0.916417
2 0.17782 0.785809 0.177534 0.797551 0.186125 0.796978 0.184693 0.784664
