0 0.968548 0.000333954 0.968042 0.0139957 0.975125 0.0418252 0.988281 0.0625708 0.998047 0.0606928 0.998047 0.00134594
0 0.998047 0.0737026 0.980691 0.0914123 0.991317 0.10052 0.998047 0.094127
0 0.955898 0.0347413 0.94426 0.0575109 0.949826 0.0706667 0.973102 0.0615589 0.977149 0.0458731 0.963488 0.0342353
0 0.817762 0.0726907 0.81928 0.0969782 0.839014 0.0990022 0.840026 0.0838225 0.830665 0.0706667
0 0.839014 0.0635828 0.845086 0.0898943 0.860772 0.142011 0.890625 0.156685 0.900745 0.147071 0.885565 0.132904 0.881517 0.111146 0.875445 0.0858464 0.865325 0.0686427 0.851158 0.0590289
0 0.83446 0.45016 0.804607 0.468882 0.813208 0.490133 0.84964 0.495699 0.869879 0.485073 0.868361 0.463822 0.852676 0.455726
0 0.769693 0.480013 0.757043 0.493169 0.779307 0.524541 0.808148 0.519987 0.795499 0.502277 0.778801 0.484567
0 0.569827 0.223982 0.549081 0.236632 0.544021 0.246246 0.561225 0.246752 0.579441 0.236126
0 0.541997 0.262943 0.529347 0.275593 0.538961 0.285713 0.546551 0.275087
0 0.938188 0.164781 0.92655 0.171865 0.928574 0.181985 0.942236 0.181985
0 0.997895 0.265473 0.984233 0.265979 0.987775 0.278123 0.998047 0.309494
0 0.909853 0.0696547 0.899733 0.0762326 0.923514 0.0909063 0.929586 0.0833165 0.924526 0.0777506
0 0.935658 0.0605469 0.924526 0.0605469 0.932116 0.0742086 0.938694 0.0701607
0 0.853435 0.00134594 0.863048 0.0104538 0.872156 0.000333954
0 0.87671 0.152131 0.865578 0.149601 0.865072 0.163769 0.87418 0.166299
