0 0.0800275 0.187551 0.0820515 0.209308 0.0967252 0.207284 0.100267 0.193116
0 0.0638358 0.243716 0.056246 0.252823 0.0597879 0.264967 0.0785096 0.268003 0.0724377 0.253329
0 0.0289224 0.226512 0.0188026 0.246752 0.0400542 0.253329 0.0435962 0.239668
0 0.111905 0.310506 0.106339 0.33783 0.110387 0.354022 0.131639 0.364647 0.152384 0.353516 0.153902 0.32771 0.1453 0.309494 0.133157 0.302411
0 0.305193 0.277111 0.299122 0.306964 0.324927 0.30747 0.328469 0.288243
0 0.343143 0.283183 0.336565 0.308482 0.325433 0.336312 0.343143 0.363635 0.357311 0.360094 0.362876 0.331758 0.36743 0.329228 0.39273 0.342384 0.40791 0.32518 0.404368 0.31506 0.392224 0.309494 0.37755 0.291279 0.360852 0.285207 0.344155 0.277111
0 0.280906 0.395007 0.294568 0.384381 0.320879 0.373755 0.336059 0.385899 0.328469 0.404621 0.306711 0.4198 0.286978 0.416764 0.27534 0.411705
0 0.395766 0.182997 0.413982 0.180973 0.429161 0.187045 0.432197 0.173889 0.406898 0.158203 0.390706 0.172877
0 0.450919 0.185527 0.465087 0.180467 0.478242 0.159721 0.464581 0.141505 0.450919 0.146059 0.446365 0.160733
0 0.432197 0.0489091 0.427137 0.0777506 0.442823 0.0873644 0.461039 0.0747146 0.453449 0.0585229 0.438775 0.0478971
0 0.606258 0.055993 0.59715 0.0737026 0.620932 0.0711727 0.618908 0.0600409
0 0.8294 0.0210796 0.816244 0.0372713 0.794993 0.0651008 0.782343 0.0898943 0.782343 0.117724 0.787403 0.138975 0.782343 0.162757 0.771717 0.193622 0.769187 0.21538 0.771717 0.247764 0.770199 0.269015 0.770199 0.291279 0.766657 0.300893 0.775259 0.30747 0.777283 0.319108 0.763621 0.331252 0.766151 0.344408 0.780825 0.348456 0.797017 0.328216 0.805619 0.305952 0.802583 0.280147 0.801065 0.254847 0.800053 0.22297 0.807136 0.191093 0.820292 0.159215 0.820798 0.127844 0.818774 0.0974842 0.825858 0.0797745 0.83952 0.0640888 0.853182 0.0423312 0.84964 0.0150077 0.833448 0.0180436
0 0.83193 0.206778 0.817762 0.228536 0.807136 0.22803 0.800559 0.243716 0.806125 0.286219 0.819786 0.301905 0.837496 0.314554 0.86229 0.331758 0.867855 0.311518 0.85217 0.285713 0.834966 0.269015 0.83699 0.245234 0.84964 0.232078 0.840026 0.208296
0 0.868361 0.256871 0.8547 0.249787 0.856724 0.274075 0.866337 0.274581
0 0.803595 0.324168 0.811184 0.348456 0.803595 0.368695 0.791451 0.396525 0.781331 0.414235 0.757043 0.408669 0.762103 0.378815 0.773741 0.361611 0.774247 0.349468 0.788921 0.342384
0 0.816244 0.362623 0.832436 0.351998 0.82434 0.336312 0.812702 0.345926 0.813208 0.35807
0 0.833954 0.33783 0.840026 0.354022 0.849134 0.367683 0.840026 0.379827 0.860266 0.400067 0.882023 0.397031 0.886071 0.383369 0.874433 0.365153 0.861784 0.343902 0.845086 0.331252
0 0.893155 0.33783 0.882023 0.349468 0.897709 0.35554 0.935152 0.385393 0.933634 0.368189 0.925538 0.349974 0.912889 0.339348
0 0.942742 0.35048 0.938694 0.366165 0.945272 0.388429 0.957922 0.384887 0.961464 0.364141 0.955392 0.35048
0 0.943754 0.391465 0.954886 0.408163 0.976643 0.412717 0.978667 0.387417 0.95944 0.385393
0 0.976643 0.430426 0.989293 0.420812 0.998047 0.420415 0.998047 0.449148 0.988787 0.46028 0.978161 0.471918 0.976137 0.487097 0.9645 0.495193 0.949826 0.480013 0.930598 0.462304 0.943248 0.482543 0.941224 0.499241 0.92908 0.516951 0.938188 0.534154 0.933128 0.547816 0.913901 0.540226 0.888095 0.503289 0.871397 0.493169 0.848628 0.484061 0.851158 0.45775 0.871397 0.449148 0.890119 0.44763 0.919466 0.433968 0.943754 0.430932 0.962476 0.438522
0 0.84205 0.402597 0.84458 0.416259 0.856218 0.42739 0.867855 0.420812 0.867855 0.407151
0 0.877975 0.405633 0.889613 0.426884 0.902769 0.43245 0.915925 0.413223 0.907829 0.399055 0.898215 0.405633 0.884553 0.397031
0 0.697842 0.402597 0.725166 0.384381 0.743888 0.380839 0.754513 0.357058 0.752489 0.339854 0.735792 0.334794 0.71201 0.306458 0.703914 0.303929 0.70189 0.336818 0.676591 0.356552 0.670519 0.380839 0.691265 0.406139
0 0.738322 0.305446 0.766657 0.307976 0.775765 0.311518 0.776271 0.32012 0.755525 0.325686 0.735792 0.326192 0.72719 0.311012
0 0.662423 0.332264 0.684687 0.324674 0.697842 0.30747 0.705432 0.284701 0.722636 0.279135 0.743382 0.274581 0.745912 0.254341 0.744394 0.231572 0.729214 0.236126 0.70695 0.236632 0.689747 0.257883 0.678615 0.284195 0.661917 0.30747 0.652809 0.315566
0 0.6351 0.331252 0.645219 0.315566 0.651291 0.296339 0.633582 0.290773 0.615366 0.302917 0.62245 0.328722
0 0.617896 0.273063 0.633582 0.284195 0.655845 0.273569 0.656351 0.243716 0.645219 0.235114 0.616378 0.250799
0 0.577417 0.222464 0.598162 0.24321 0.61486 0.237644 0.610812 0.202224 0.610812 0.181985 0.58703 0.180467 0.579441 0.200706
0 0.552623 0.187551 0.537949 0.202224 0.530359 0.21538 0.535925 0.234102 0.559201 0.246246 0.565779 0.232584 0.568309 0.208802 0.563249 0.185527
0 0.549587 0.275087 0.546045 0.299375 0.532889 0.324168 0.521252 0.336312 0.510626 0.356046 0.518216 0.378815 0.532889 0.376285 0.545033 0.359082 0.555659 0.333276 0.570839 0.30747 0.572357 0.275593
0 0.575393 0.365153 0.585006 0.392983 0.6098 0.413223 0.639148 0.420812 0.650279 0.411705 0.637124 0.389947 0.623968 0.367177 0.608788 0.344914 0.58703 0.336818 0.571345 0.345926 0.573369 0.358576
0 0.51265 0.430932 0.532383 0.429414 0.539973 0.409681 0.513662 0.393995 0.501012 0.408669 0.509108 0.425872
0 0.482796 0.416259 0.476218 0.439028 0.463063 0.452184 0.430679 0.447124 0.406392 0.452184 0.400826 0.464328 0.386658 0.459268 0.352757 0.452184 0.325939 0.458256 0.311265 0.467364 0.305193 0.481025 0.318349 0.498735 0.352757 0.502277 0.37502 0.518975 0.40538 0.53213 0.438775 0.533648 0.441811 0.512903 0.448895 0.494687 0.48482 0.486085 0.498482 0.471412 0.50506 0.457244 0.504048 0.438522 0.506072 0.420812 0.492916 0.413729
0 0.301146 0.424354 0.299122 0.452184 0.312783 0.457244 0.324927 0.441558 0.314807 0.428402
0 0.286472 0.607523 0.298616 0.637883 0.316325 0.639401 0.316325 0.614607 0.304688 0.608029
0 0.325433 0.64699 0.322903 0.666218 0.337071 0.678868 0.349721 0.673808 0.341625 0.650026
0 0.130121 0.197164 0.131133 0.215886 0.144794 0.217404 0.151878 0.213862 0.14277 0.203742
0 0.398802 0.35554 0.383622 0.362117 0.393742 0.371225 0.399308 0.363129
0 0.360852 0.201212 0.350733 0.201212 0.351239 0.208802 0.359841 0.21285
0 0.432197 0.0904003 0.423089 0.0949543 0.427643 0.104568 0.435739 0.10305 0.435233 0.0979902
0 0.423595 0.12329 0.420053 0.118736 0.406898 0.12076 0.414488 0.130374 0.424101 0.131386
0 0.594114 0.0984962 0.581971 0.102038 0.581465 0.11064 0.591078 0.114182
0 0.500506 0.0590289 0.485832 0.0645948 0.48988 0.0726907 0.501518 0.0731966
0 0.761597 0.0387893 0.754007 0.0362593 0.752995 0.0468851 0.760585 0.050933
0 0.893155 0.319614 0.872915 0.31506 0.870891 0.323662 0.891131 0.32771
0 0.528335 0.127338 0.515686 0.128856 0.519734 0.139481 0.531371 0.138469
0 0.5 0.187045 0.488868 0.187045 0.491904 0.192611 0.5 0.194634
0 0.62498 0.0215856 0.613342 0.0225976 0.614354 0.0317054 0.623462 0.0327174
0 0.0491621 0.272051 0.0344883 0.272051 0.0405602 0.285713 0.0486561 0.283689
0 0.0501741 0.331758 0.0349943 0.33277 0.0319584 0.346938 0.0319584 0.35554 0.0451142 0.353516
0 0.051692 0.54478 0.0385363 0.543262 0.0385363 0.553382 0.0486561 0.55743
0 0.0734496 0.510373 0.0618119 0.510373 0.0648478 0.522011 0.0734496 0.523529 0.0734496 0.515939
0 0.866843 0.441052 0.858748 0.444594 0.862795 0.451678 0.869373 0.449148
0 0.909853 0.419294 0.915419 0.438522 0.92402 0.436498 0.923514 0.414235 0.916937 0.412717
