0 0.0478971 0.365153 0.0362593 0.397031 0.0362593 0.421824 0.0337294 0.441558 0.0504271 0.455726 0.055993 0.474447 0.0706667 0.491145 0.0696547 0.507337 0.0590289 0.526059 0.0691487 0.550346 0.0909063 0.555406 0.0979902 0.533142 0.0990022 0.519481 0.102038 0.507337 0.0964722 0.490639 0.106086 0.482037 0.112664 0.469894 0.1157 0.443582 0.111146 0.427896 0.0979902 0.405633 0.0853404 0.387417 0.0777506 0.369707 0.0625708 0.368189
0 0.118736 0.479507 0.129868 0.482543 0.141505 0.474953 0.148589 0.463316 0.164781 0.466352 0.167311 0.480519 0.156179 0.490639 0.151119 0.499241 0.130374 0.512903 0.119242 0.513409 0.104568 0.501771 0.113676 0.484061
0 0.0661128 0.291279 0.0762326 0.284195 0.0802805 0.270027 0.0909063 0.261425 0.111146 0.282171 0.10811 0.294315 0.102038 0.295833 0.0954602 0.308482 0.0823045 0.308988 0.0777506 0.30747 0.0726907 0.303423 0.0681367 0.297857
0 0.0585229 0.271039 0.0564989 0.281159 0.0438492 0.289255 0.0220916 0.273569 0.0129837 0.255353 0.0124777 0.232584 0.0225976 0.215886 0.0332234 0.22297 0.0357533 0.241692 0.0423312 0.253329 0.0494151 0.251811 0.0575109 0.252317 0.0620648 0.265473
0 0.00589985 0.219428 0.00792382 0.19767 0.00994778 0.181985 0.0225976 0.178443 0.0225976 0.200706 0.0165257 0.212344
0 0.241692 0.314048 0.237644 0.32518 0.248776 0.334794 0.256365 0.325686 0.256365 0.321132
0 0.896444 0.281159 0.903528 0.285713 0.909094 0.303423 0.921743 0.301399 0.935911 0.310506 0.961211 0.30747 0.960199 0.292797 0.939959 0.291785 0.930851 0.283183 0.920225 0.270027 0.905046 0.265473 0.882276 0.272051 0.881264 0.281159 0.88936 0.285713
0 0.640918 0.77197 0.634847 0.780066 0.646484 0.786644 0.655086 0.777536 0.649014 0.76944
0 0.541744 0.899986 0.531118 0.913648 0.541744 0.920225 0.551358 0.91213
0 0.486085 0.0893884 0.481025 0.0807865 0.465846 0.0696547 0.480519 0.055487 0.508855 0.0706667 0.501771 0.0904003
0 0.458256 0.0812925 0.446112 0.0898943 0.424354 0.10811 0.4198 0.0969782 0.422836 0.0737026 0.43245 0.0620648 0.446618 0.054981 0.46028 0.0635828
0 0.397031 0.0873644 0.383369 0.0853404 0.373249 0.0737026 0.373755 0.0564989 0.401079 0.0651008 0.409175 0.0762326 0.400067 0.0919183
0 0.237644 0.0306934 0.259907 0.0377773 0.263449 0.055487 0.279135 0.0666188 0.286725 0.0494151 0.30494 0.0352473 0.328216 0.0443552 0.336818 0.0382833 0.344914 0.052451 0.355034 0.0620648 0.369201 0.0605469 0.364647 0.0403072 0.356552 0.0271515 0.336312 0.0170317 0.316578 0.0139957 0.285207 0.0139957 0.267497 0.0089358 0.238656 0.0109598 0.236632 0.0236095
0 0.145553 0.0246215 0.158709 0.0165257 0.162251 0.000839945 0.152172 0 0.135434 0 0.113676 0.00286391 0.107098 0.0170317 0.102038 0.0332234 0.112158 0.051439 0.112664 0.0676307 0.122278 0.0747146 0.129868 0.0438492 0.122278 0.0367653 0.125314 0.0241155 0.136952 0.0241155
0 0.00994778 0.0747146 0.00589985 0.0812925 0 0.0772446 0 0.0661128 0.00944179 0.0640888
0 0.174395 0.515939 0.196658 0.519987 0.217404 0.5296 0.22297 0.511385 0.202224 0.502783 0.195646 0.505313 0.182491 0.498229 0.171865 0.502277
