2 0.92149 0.0180436 0.901757 0.0271515 0.907829 0.0418252 0.92149 0.0372713
2 0.849134 0.325686 0.826364 0.334794 0.82181 0.346432 0.83699 0.358576 0.856724 0.34542 0.860266 0.328216
2 0.881011 0.294821 0.872409 0.301905 0.876457 0.314554 0.885565 0.31
2 0.81422 0.290267 0.834966 0.291279 0.834966 0.306458 0.822316 0.301905
2 0.860772 0.229042 0.848122 0.229548 0.848122 0.244222 0.859254 0.24321
2 0.448895 0.615113 0.432703 0.624727 0.431185 0.633835 0.444847 0.636871
2 0.433715 0.649014 0.418535 0.643448 0.411452 0.65458 0.405886 0.664194 0.419041 0.668748 0.428149 0.655592
2 0.394248 0.644966 0.379068 0.64446 0.38008 0.655592 0.393236 0.65964
2 0.356069 0.637549 0.343941 0.634357 0.346685 0.644966 0.354275 0.647496
2 0.0790155 0.817003 0.0688957 0.817509 0.0699077 0.829653 0.0820515 0.822063
2 0.848437 0.30625 0.848047 0.316016 0.857617 0.316016 0.857227 0.305469
