0 0.0142487 0.658628 0.00109294 0.67482 0.00817681 0.689494 0.0208266 0.673302
0 0.0132367 0.636871 0.0152607 0.614101 0.00159893 0.608535 0 0.608535 0 0.640412
0 0.0102008 0.536178 0.0031169 0.547816 0.0112128 0.556418 0.0228506 0.546298 0.0228506 0.535672
0 0.718082 0.620173 0.721118 0.645978 0.738828 0.65711 0.743888 0.642942 0.730732 0.620679 0.723142 0.619667
0 0.768681 0.613595 0.754513 0.627257 0.766657 0.638389 0.791451 0.632823
0 0.747936 0.659134 0.730226 0.658628 0.736804 0.672796 0.754513 0.68241
0 0.0222531 0.893757 0.0205448 0.909701 0.0336416 0.915964 0.0410441 0.90002
0 0.839014 0.862037 0.825858 0.86912 0.833448 0.880758 0.841038 0.87924
0 0.836484 0.894926 0.824846 0.898468 0.837496 0.911624 0.843062 0.906058
0 0.861278 0.928321 0.851158 0.932369 0.85723 0.944007 0.865325 0.941983
0 0.946284 0.466352 0.932622 0.474447 0.933128 0.482543 0.94173 0.484567
0 0.790945 0.634847 0.777283 0.64446 0.786391 0.64952 0.792969 0.643448
0 0.85217 0.246752 0.861784 0.247764 0.863807 0.255859 0.8547 0.257377
