0 0.720865 0.116712 0.760332 0.109628 0.773488 0.107098 0.78209 0.116206 0.779054 0.13088 0.767922 0.131386 0.760332 0.122784 0.742623 0.125314 0.719347 0.131892 0.710239 0.12329
0 0.780572 0.138975 0.788162 0.139987 0.78209 0.151625 0.778548 0.161745 0.783102 0.179961 0.799294 0.186539 0.814473 0.175913 0.835219 0.167817 0.843821 0.167817 0.863048 0.173383 0.867096 0.181985 0.869626 0.192105 0.87671 0.202224 0.880252 0.214874 0.895432 0.227018 0.897962 0.216392 0.892396 0.193116 0.891384 0.177937 0.891384 0.164275 0.873674 0.155673 0.860013 0.147071 0.839267 0.143023 0.812955 0.149601 0.804354 0.159215 0.808907 0.149601 0.810931 0.136952 0.800306 0.12582 0.795752 0.122278 0.782596 0.129868
0 0.946537 0.421318 0.928321 0.444594 0.936923 0.459268 0.956657 0.441052 0.963235 0.423342 0.955645 0.413729
0 0.998047 0.591331 0.97892 0.605499 0.980944 0.618655 0.996124 0.624727 0.998047 0.619161
0 0.915166 0.629281 0.905046 0.644966 0.90454 0.65711 0.917696 0.655592 0.923767 0.644966 0.926297 0.633329 0.920225 0.627763
0 0.942489 0.655592 0.934393 0.670772 0.945525 0.672796 0.940465 0.679374 0.930851 0.692024 0.927309 0.701637 0.937429 0.717829 0.953115 0.717829 0.953115 0.706191 0.957163 0.694554 0.968801 0.68241 0.979932 0.668748 0.976896 0.660146 0.963741 0.65711 0.951597 0.655592
0 0.945525 0.794234 0.927309 0.807389 0.90454 0.813461 0.903022 0.824087 0.910612 0.831171 0.931863 0.824087 0.942489 0.813967 0.948561 0.808907
0 0.149854 0.466858 0.128603 0.474447 0.135687 0.485579 0.14783 0.486085
0 0.226259 0.544274 0.215633 0.550852 0.215127 0.562996 0.225753 0.564008 0.227777 0.549334
0 0.882529 0.23309 0.873927 0.218922 0.860772 0.230054 0.858748 0.246246 0.878987 0.254847 0.885059 0.239668
0 0.708468 0.127844 0.694807 0.131892 0.679627 0.134422 0.668495 0.140999 0.661917 0.159721 0.674567 0.166805 0.678615 0.153143 0.70948 0.144035 0.717576 0.140493
0 0.83193 0.963741 0.835978 0.942489 0.816244 0.942489 0.808148 0.956151 0.804101 0.973355 0.829906 0.984992 0.834966 0.972849
0 0.965006 0.779054 0.955898 0.777536 0.945778 0.79727 0.957922 0.801318 0.966018 0.791198
0 0.770199 0.744141 0.758055 0.745659 0.760585 0.757296 0.771211 0.757802
0 0.749454 0.682916 0.739334 0.680892 0.736298 0.69 0.744394 0.693542
0 0.776271 0.647496 0.779813 0.64193 0.771211 0.638895 0.766657 0.644966
0 0.923008 0.661664 0.911371 0.663688 0.899227 0.670266 0.904287 0.674314 0.913901 0.673808
0 0.916937 0.68241 0.907323 0.686964 0.913901 0.69506 0.917949 0.690506
0 0.965512 0.620173 0.956404 0.617643 0.949826 0.622703 0.958428 0.628269 0.965006 0.626751
0 0.977149 0.491145 0.973102 0.488615 0.968042 0.490639 0.971584 0.499241 0.976643 0.501771
0 0.996377 0.468882 0.990305 0.46787 0.982715 0.475459 0.993341 0.481025
