0 0.172877 0.764886 0.187045 0.772982 0.204248 0.784114 0.211838 0.791198 0.222464 0.790692 0.22803 0.770452 0.238656 0.767922 0.254847 0.776018 0.261931 0.766404 0.255353 0.746671 0.236719 0.737891 0.22832 0.741406 0.211838 0.750213 0.20779 0.763368 0.198828 0.75957 0.182422 0.751563
0 0.0580169 0.97616 0.0600409 0.993869 0.0628744 0.998828 0.155673 0.998828 0.160227 0.985268 0.148589 0.966546 0.129868 0.95845 0.11064 0.952884 0.0807865 0.956932 0.0716787 0.962498 0.0625708 0.972112
0 0.283398 0.972656 0.280078 0.990234 0.305078 0.992383 0.318164 0.994336 0.332021 0.998047 0.391465 0.998047 0.398549 0.980944 0.398549 0.959693 0.369707 0.938947 0.34795 0.935405 0.330746 0.938441 0.31253 0.951597 0.311518 0.969813 0.299881 0.973861
0 0.150586 0.651953 0.150977 0.662109 0.161914 0.661133 0.160352 0.649219
0 0.163867 0.642188 0.175781 0.634961 0.180273 0.618164 0.191602 0.608008 0.212305 0.600781 0.226953 0.602539 0.216406 0.610352 0.198437 0.613086 0.191016 0.626172 0.177539 0.648828 0.168555 0.648047
0 0.188281 0.650586 0.186914 0.659961 0.194727 0.65957 0.196484 0.649219
0 0.212305 0.618555 0.212891 0.628711 0.226562 0.638867 0.234375 0.647266 0.239844 0.63125 0.232422 0.624219
0 0.245117 0.640039 0.240234 0.648047 0.247656 0.656445 0.256641 0.654102 0.250391 0.643945
0 0.223828 0.680664 0.245703 0.675 0.248438 0.681836 0.225195 0.688867
0 0.263477 0.638672 0.264648 0.648438 0.276367 0.646094 0.275977 0.639062
0 0.266406 0.742383 0.275195 0.758984 0.288672 0.755273 0.292187 0.746289 0.278711 0.741406
0 0.133398 0.711719 0.133398 0.719531 0.141992 0.719141 0.141016 0.710742
0 0.336914 0.920508 0.337305 0.931641 0.348438 0.931445 0.347852 0.920703
0 0.208984 0.956445 0.209375 0.970313 0.22168 0.976562 0.221094 0.963672 0.217383 0.954102
0 0.246484 0.967969 0.247461 0.980078 0.256445 0.979102 0.254492 0.966602
0 0.202539 0.979492 0.202344 0.988477 0.210156 0.988867 0.210156 0.979492
