0 0.614354 0.00691184 0.58703 0.0134897 0.592596 0.0296814 0.634088 0.0190556
0 0.554647 0.0858464 0.546551 0.102544 0.553129 0.126832 0.569321 0.10052
0 0.488868 0.226512 0.48229 0.244222 0.485326 0.257377 0.513156 0.276605 0.543515 0.261425 0.540479 0.238656 0.526818 0.229548 0.505566 0.224994
0 0.37249 0.32771 0.360347 0.34795 0.376032 0.358576 0.388176 0.347444 0.38767 0.331252
0 0.323915 0.324168 0.355287 0.306964 0.37755 0.304435 0.38514 0.290267 0.367936 0.283689 0.330493 0.290267 0.324421 0.303423 0.325433 0.319108
0 0.27281 0.483555 0.265726 0.511891 0.263196 0.516445 0.269774 0.53719 0.284448 0.551864 0.304688 0.54478 0.294568 0.514421 0.304182 0.486085 0.303676 0.474953 0.288496 0.469388 0.278376 0.481531
0 0.421065 0.554394 0.41297 0.566538 0.422077 0.57767 0.433209 0.57514 0.437257 0.56249 0.426631 0.555912
0 0.393742 0.291279 0.386152 0.306964 0.400826 0.31 0.411958 0.303423 0.40032 0.292291
0 0.270786 0.368189 0.254088 0.373249 0.26016 0.384887 0.26775 0.380333
0 0.451931 0.282171 0.435739 0.289255 0.438775 0.296845 0.445859 0.297351 0.455473 0.291785
0 0.303676 0.522011 0.29811 0.537696 0.310253 0.541238 0.313795 0.529094
0 0.311771 0.554394 0.295074 0.55996 0.29305 0.57767 0.306711 0.579694 0.312277 0.569574
0 0.322397 0.574634 0.315819 0.576658 0.309241 0.585765 0.322397 0.586271
0 0.344661 0.575646 0.337071 0.563502 0.331505 0.565526 0.328469 0.574128
0 0.398296 0.315566 0.386658 0.314048 0.385646 0.324168 0.394248 0.32771
0 0.576405 0.280147 0.558695 0.280147 0.552623 0.293809 0.558189 0.304435 0.568815 0.302411 0.572863 0.292797
0 0.553635 0.239668 0.543009 0.242198 0.549081 0.251305 0.557177 0.247764
0 0.801571 0.157191 0.789933 0.155167 0.790945 0.168323 0.799041 0.169841
0 0.578429 0.11064 0.565273 0.115194 0.567803 0.124302 0.576911 0.124808
0 0.685699 0.000839945 0.693289 0.00589985 0.703408 0.000333954
0 0.876963 0.239668 0.885059 0.241186 0.888095 0.252317 0.876963 0.252823
