2 0.29558 0.331758 0.28546 0.336312 0.29305 0.348456 0.303676 0.342384
2 0.436245 0.285207 0.41297 0.307976 0.414994 0.328216 0.452943 0.318602 0.455473 0.295327
2 0.426631 0.193622 0.412464 0.20526 0.421065 0.215886 0.440293 0.216392 0.442317 0.204754
2 0.696324 0.303423 0.686711 0.316072 0.676085 0.333276 0.677097 0.354022 0.689241 0.35048 0.713528 0.328216 0.723142 0.318602 0.718588 0.300387 0.71454 0.295833
2 0.556671 0.290773 0.541491 0.294315 0.539973 0.306458 0.554141 0.30747
2 0.224741 0.319614 0.215127 0.32518 0.227271 0.333782 0.233343 0.328216
2 0.295074 0.265979 0.281412 0.267497 0.28799 0.279135 0.298616 0.276605
2 0.404874 0.143529 0.390706 0.143529 0.388176 0.153649 0.40791 0.155167
2 0.659387 0.199694 0.644713 0.206778 0.654327 0.216898
2 0.189322 0.463822 0.17566 0.461798 0.17566 0.480519 0.187298 0.494687 0.195393 0.488109
2 0.328975 0.420306 0.310759 0.420306 0.315313 0.436498 0.335047 0.44004
2 0.421289 0.7625 0.420703 0.772266 0.430273 0.772461 0.431055 0.763672
2 0.872461 0.937109 0.87207 0.943945 0.879883 0.944336 0.880469 0.936719
2 0.935156 0.898633 0.935156 0.910352 0.945898 0.909961 0.946289 0.898047
2 0.376758 0.0646484 0.376563 0.0730469 0.386133 0.0732422 0.385937 0.0640625
2 0.183398 0.881836 0.183398 0.890625 0.190039 0.890234 0.190039 0.881445
2 0.172266 0.445117 0.171875 0.455469 0.182422 0.454883 0.180859 0.444531
2 0.492188 0.340039 0.492578 0.348438 0.50332 0.348047 0.502344 0.338672
