0 0 0.489121 0.0155137 0.503289 0.0134897 0.519481 0.00539386 0.525047 0 0.523023
0 0.0145017 0.389947 0.00741783 0.405127 0.00994778 0.418788 0.00741783 0.431438 0.00944179 0.446618 0.0246215 0.449654 0.0362593 0.435486 0.054981 0.42233 0.0595349 0.412717 0.0575109 0.401079 0.0656068 0.400067 0.0640888 0.389441
0 0.0443552 0.329734 0.0444413 0.346613 0.0521106 0.363486 0.0752206 0.348456 0.0868584 0.344408 0.110134 0.34542 0.126326 0.341878 0.121266 0.325686 0.111146 0.319614 0.0984962 0.316578 0.0873644 0.316578 0.0767386 0.316578 0.0691487 0.324168 0.0620648 0.321638 0.0504271 0.317084 0.0468851 0.32265
0 0.0848344 0.285713 0.0995082 0.276099 0.113676 0.265979 0.127844 0.263449 0.131386 0.252823 0.142517 0.237138 0.160733 0.226006 0.198176 0.221958 0.200706 0.213356 0.216392 0.192611 0.228536 0.181985 0.243716 0.194128 0.249787 0.196658 0.264461 0.189069 0.281665 0.187045 0.299881 0.199694 0.324168 0.205766 0.325686 0.231572 0.321132 0.236632 0.307976 0.240174 0.299881 0.24321 0.272051 0.230054 0.259401 0.230054 0.239162 0.239668 0.221958 0.24827 0.213356 0.258389 0.199694 0.258895 0.193622 0.275593 0.182997 0.286725 0.198851 0.290371 0.201918 0.3098 0.208054 0.297529 0.214368 0.310506 0.223982 0.314048 0.239668 0.310506 0.252317 0.310506 0.260919 0.323662 0.257883 0.340866 0.246752 0.346938 0.227524 0.34795 0.20779 0.363129 0.176419 0.365153 0.169841 0.361611 0.143529 0.355034 0.140493 0.349468 0.12835 0.3353 0.124808 0.323662 0.115194 0.313542 0.0954602 0.302917 0.0878704 0.291785
0 0.370644 0.206009 0.356328 0.22646 0.375757 0.245889 0.391607 0.264296 0.407457 0.275544 0.421773 0.262762 0.416149 0.247423 0.420239 0.229017 0.414741 0.218416 0.402597 0.205766 0.389947 0.194634 0.377297 0.198682
0 0.371225 0.479001 0.359082 0.495193 0.358576 0.504301 0.383369 0.509361 0.397031 0.494181 0.396019 0.479507
0 0.457244 0.433968 0.45522 0.449148 0.461798 0.46534 0.461798 0.481025 0.4704 0.495193 0.476471 0.500253 0.474447 0.518469 0.472423 0.527577 0.480519 0.537696 0.487603 0.550346 0.481025 0.571598 0.481025 0.587283 0.496205 0.607017 0.514927 0.598415 0.522011 0.591837 0.518975 0.571092 0.517457 0.557936 0.517457 0.53719 0.517457 0.522011 0.516951 0.503289 0.504807 0.472929 0.492157 0.459774 0.479507 0.44257 0.468882 0.43245
0 0.501771 0.615619 0.501771 0.631811 0.506325 0.661158 0.502277 0.674314 0.500759 0.694554 0.525553 0.691012 0.530612 0.707709 0.528588 0.722383 0.524035 0.739081 0.532636 0.755272 0.555912 0.76438 0.566538 0.757802 0.567044 0.731997 0.570586 0.717829 0.566032 0.693036 0.563502 0.683928 0.55996 0.672796 0.551864 0.662676 0.54478 0.637883 0.54478 0.619667 0.529094 0.608535 0.518469 0.607017 0.504807 0.607017
0 0.338842 0.901504 0.341878 0.923767 0.350986 0.934393 0.35048 0.944007 0.34795 0.960705 0.354022 0.977402 0.359588 0.98904 0.375779 0.997642 0.379422 0.998047 0.380333 0.985498 0.377803 0.966271 0.375779 0.957669 0.377803 0.952609 0.384381 0.939453 0.383369 0.924779 0.374261 0.920225 0.362623 0.903022 0.357564 0.892902 0.35048 0.892902 0.34542 0.902516
0 0.469894 0.840785 0.458762 0.864566 0.440546 0.88683 0.431944 0.897456 0.418788 0.918707 0.415247 0.928827 0.437004 0.941983 0.456232 0.950079 0.455726 0.945525 0.461292 0.941983 0.4704 0.931863 0.477483 0.922249 0.489627 0.920225 0.511385 0.924779 0.518975 0.9096 0.53466 0.8843 0.525553 0.86659 0.517457 0.86659 0.512903 0.857483 0.506325 0.845339 0.494181 0.834713 0.485579 0.834713
0 0.606005 0.798282 0.620173 0.790692 0.636365 0.780066 0.647496 0.7745 0.650532 0.7745 0.66668 0.78939 0.675832 0.78715 0.693779 0.801661 0.729569 0.786322 0.722922 0.767404 0.700119 0.75932 0.68241 0.75679 0.660146 0.750719 0.64446 0.747177 0.630293 0.742117 0.615113 0.748189 0.600945 0.760332 0.595379 0.768934 0.595379 0.78209 0.598415 0.78715
0 0.715299 0.748695 0.734682 0.770472 0.743129 0.760332 0.749707 0.761344 0.767416 0.783102 0.795246 0.775512 0.820067 0.791946 0.829653 0.786138 0.835725 0.78715 0.848188 0.772006 0.867106 0.756667 0.86864 0.718832 0.839267 0.705685 0.79474 0.698095 0.763368 0.705179 0.761344 0.720359 0.781584 0.735539 0.793222 0.740093 0.765898 0.745659 0.760838 0.744141 0.752742 0.738575 0.724913 0.738069 0.718335 0.738575
0 0.958681 0.764886 0.951091 0.784114 0.947549 0.801824 0.953115 0.813967 0.965765 0.807895 0.972849 0.788668 0.977908 0.78209 0.97639 0.766404
0 0.969307 0.932875 0.952103 0.941983 0.948561 0.954127 0.955645 0.977908 0.959693 0.992076 0.983576 0.998047 0.995618 0.992076 0.997642 0.974872 0.982462 0.951091 0.992582 0.941477 0.988028 0.924779
0 0.0919183 0.849387 0.0833165 0.863554 0.0732422 0.871094 0.0851563 0.885352 0.0972656 0.879492 0.101026 0.880252 0.106592 0.859507
0 0.0853404 0.369707 0.0787625 0.379827 0.0898943 0.395513 0.0990022 0.396019 0.101532 0.379321 0.0939423 0.370719
0 0.107604 0.440546 0.106086 0.45522 0.115194 0.462304 0.126326 0.454714
0 0.739283 0.797059 0.745419 0.810353 0.736216 0.824157 0.746953 0.830293 0.753599 0.823646 0.752577 0.844609 0.768427 0.848188 0.791946 0.840007 0.808819 0.836428 0.822624 0.848188 0.835406 0.841541 0.851256 0.827225 0.84512 0.803195 0.822624 0.793991 0.817511 0.787856 0.798593 0.791435 0.784788 0.802172 0.775585 0.810353 0.768427 0.798082 0.753088 0.796548
0 0.879377 0.719854 0.875798 0.733659 0.888069 0.73775 0.905964 0.734682 0.905964 0.721388 0.894715 0.719854
0 0.893181 0.74593 0.867617 0.763314 0.851767 0.77763 0.854323 0.802683 0.861993 0.826714 0.883467 0.834894 0.896249 0.807796 0.909031 0.799616 0.906475 0.780698 0.904941 0.748487
0 0.935618 0.754111 0.911588 0.759735 0.90852 0.764848 0.911588 0.778141 0.929483 0.791946 0.943799 0.798593 0.954536 0.764337 0.945333 0.752066
0 0.920791 0.891648 0.915678 0.902385 0.939197 0.910054 0.939197 0.897783
0 0.869151 0.921302 0.869662 0.934085 0.881422 0.934596 0.881933 0.920791
0 0.417171 0.75002 0.417171 0.763825 0.428931 0.763825 0.42842 0.749509
0 0.340989 0.985214 0.340989 0.998047 0.352237 0.997484 0.351726 0.984702
0 0.10733 0.413592 0.107841 0.427397 0.119601 0.427908 0.118067 0.413592
0 0.217768 0.26992 0.207543 0.279123 0.219302 0.301108 0.22646 0.308267 0.245889 0.300597 0.260717 0.285259 0.247423 0.261739 0.226972 0.259183
0 0.203452 0.390073 0.201407 0.403366 0.215212 0.402855 0.216234 0.387005
0 0.23822 0.380358 0.237197 0.390584 0.251002 0.392629 0.252025 0.378313
0 0.323094 0.42075 0.323094 0.43251 0.333831 0.43251 0.333831 0.419216
0 0.36911 0.443247 0.367065 0.459097 0.376268 0.467277 0.40081 0.467789 0.395186 0.446315
0 0.439668 0.407457 0.437111 0.433021 0.435066 0.445803 0.447848 0.445292 0.447848 0.423307 0.460119 0.416149 0.458586 0.406945
0 0.356328 0.611972 0.339966 0.630379 0.34917 0.637537 0.365531 0.616063
0 0.385352 0.54707 0.385156 0.555859 0.393945 0.556836 0.39375 0.546094
0 0.0128906 0.934961 0.0123047 0.949805 0.0248047 0.948828 0.0240234 0.935547
0 0.0410156 0.874414 0.0410156 0.8875 0.0603516 0.903906 0.0693359 0.889062 0.0564453 0.883203 0.0462891 0.870703
0 0.034375 0.838867 0.0341797 0.851172 0.0453125 0.850391 0.0445313 0.839453
