0 0.857643 0.916649 0.851975 0.931594 0.871558 0.931079 0.868981 0.918711
0 0.792463 0.616631 0.784367 0.635353 0.797523 0.642942 0.800053 0.632317
0 0.757043 0.524035 0.744394 0.534154 0.750466 0.547816 0.757549 0.550852
0 0.837496 0.91719 0.824846 0.925791 0.838002 0.936417 0.841038 0.926297
0 0.877469 0.871144 0.864819 0.881264 0.876457 0.890878 0.883035 0.883288
0 0.931104 0.782596 0.913901 0.79221 0.932116 0.802836 0.937682 0.792716
0 0.996883 0.781584 0.986763 0.781584 0.988787 0.79474 0.994353 0.796258 0.998047 0.789522
0 0.839014 0.958681 0.830412 0.971837 0.838508 0.97892 0.842556 0.968801
0 0.893155 0.324674 0.907323 0.322144 0.910865 0.336818 0.901757 0.340866
0 0.776271 0.453196 0.768175 0.463316 0.780319 0.477989 0.790439 0.482037 0.788415 0.466352
0 0.764127 0.474447 0.756031 0.479507 0.738322 0.488615 0.738322 0.498229 0.738322 0.508855 0.74743 0.510373 0.752995 0.497723 0.769187 0.491145 0.775259 0.483555
