0 0.0137427 0.388935 0.0117187 0.406645 0.0334764 0.416259 0.0339824 0.426378 0.0501741 0.432956 0.0688957 0.427896 0.0850874 0.415247 0.100773 0.409681 0.104821 0.414741 0.112411 0.426884 0.138722 0.431944 0.146312 0.435992 0.149854 0.44257 0.156938 0.455726 0.166046 0.456232 0.174648 0.440546 0.179708 0.44004 0.191346 0.455726 0.206019 0.461798 0.220693 0.470906 0.224741 0.483049 0.222211 0.508349 0.210573 0.512397 0.195899 0.518975 0.199441 0.533142 0.216139 0.528588 0.224235 0.535672 0.242451 0.539214 0.25004 0.534154 0.251052 0.511385 0.261172 0.499747 0.271292 0.479507 0.270786 0.463316 0.263196 0.433462 0.255606 0.411705 0.193875 0.400067 0.181732 0.405127 0.156432 0.409175 0.145806 0.407657 0.133157 0.402091 0.105327 0.390959 0.0896414 0.386405 0.0810395 0.389441
0 0.0172847 0.436498 0.00564686 0.45522 0.00665884 0.471918 0.0198146 0.474447 0.0410662 0.470906 0.0587759 0.465846 0.0724377 0.46028 0.0850874 0.455726 0.0754736 0.44257 0.0678837 0.439534 0.055234 0.444088 0.0395483 0.453196 0.0365123 0.45269 0.0375243 0.444088 0.0289224 0.435992
0 0.238909 0.549334 0.224741 0.56249 0.227271 0.581718 0.236885 0.595379 0.253582 0.600439 0.265726 0.590825 0.26775 0.584247 0.260666 0.568056 0.252064 0.556924
0 0.189828 0.603475 0.181732 0.623209 0.181732 0.638389 0.190334 0.642942 0.206019 0.64193 0.208043 0.625233 0.203489 0.607523
0 0.251052 0.602463 0.235873 0.621185 0.225247 0.616631 0.211585 0.621185 0.215127 0.628775 0.227271 0.635859 0.237391 0.645472 0.245487 0.644966 0.25763 0.654074 0.276858 0.634847 0.276858 0.618149 0.270786 0.609041 0.265726 0.597909 0.243463 0.603981
0 0.225753 0.718841 0.232331 0.737057 0.238909 0.750213 0.248017 0.768934 0.26016 0.773488 0.275846 0.746165 0.263702 0.736551 0.277364 0.735033 0.288496 0.721877 0.26775 0.718335 0.245487 0.719853 0.236885 0.709227
0 0.0420782 0.901504 0.0461261 0.880252 0.053716 0.870638 0.0754736 0.867602 0.0840755 0.864566 0.0921713 0.851917 0.0911593 0.836737 0.0947013 0.829147 0.110893 0.829653 0.124555 0.833195 0.154408 0.832689 0.1706 0.836231 0.153902 0.852423 0.143276 0.863048 0.166552 0.861531 0.176672 0.87165 0.148336 0.880252 0.114435 0.888854 0.0941953 0.888348 0.0643418 0.888348 0.0699077 0.900998 0.0648478 0.911118 0.0456201 0.921237 0.0344883 0.910612
0 0.258642 0.837243 0.247511 0.843821 0.25763 0.855965 0.267244 0.855459 0.269774 0.844327
0 0.299122 0.980438 0.292321 0.998047 0.307217 0.998047
0 0.328469 0.808907 0.343649 0.825605 0.351239 0.818015 0.341625 0.803342
0 0.306711 0.808401 0.295074 0.819533 0.313795 0.830159 0.316325 0.808907
0 0.0896414 0.465846 0.101279 0.467364 0.101279 0.455726 0.0840755 0.456738
0 0.167058 0.506831 0.192358 0.506325 0.183756 0.486591 0.171106 0.489627 0.161998 0.499241
0 0.216139 0.674314 0.204501 0.669254 0.202477 0.677856 0.208043 0.680892
0 0.0147547 0.830665 0.0349943 0.843315 0.0400542 0.829147 0.0339824 0.821051 0.0167787 0.819533
0 0.0400542 0.922249 0.0289224 0.920225 0.0218386 0.930851 0.0344883 0.933887
0 0.179708 0.856471 0.193875 0.844833 0.199441 0.839267 0.194887 0.835219 0.181226 0.839267 0.17313 0.845845
0 0.359335 0.962223 0.379574 0.957669 0.383116 0.949067 0.3649 0.949067 0.351745 0.951597
0 0.318855 0.994606 0.327801 0.998047 0.339095 0.994606 0.327457 0.984486 0.317337 0.981956
0 0.224741 0.997136 0.241945 0.997136 0.235873 0.987522 0.226765 0.98651
0 0.324421 0.832183 0.314301 0.838255 0.321385 0.844833 0.330999 0.845339
0 0.0405602 0.612077 0.052704 0.609041 0.05321 0.617137 0.0456201 0.621185
0 0.18831 0.861025 0.201971 0.857483 0.199441 0.864566 0.191852 0.870638
