2 0.100773 0.0924243 0.0860994 0.0934363 0.0845814 0.112158 0.0962192 0.11317
2 0.0289224 0.143023 0.0107068 0.139987 0.0167787 0.150613 0.0238625 0.163263 0.0304404 0.163769 0.0375243 0.148589
2 0.130121 0.0888824 0.111905 0.0838225 0.111399 0.0954602 0.131639 0.103556 0.134169 0.0944483
2 0.159468 0.0909063 0.143782 0.0914123 0.143276 0.0979902 0.155926 0.106086 0.15795 0.0979902
2 0.165034 0.124808 0.154914 0.119242 0.15036 0.122278 0.14783 0.129362 0.15289 0.131892
2 0.132145 0.154661 0.120001 0.145047 0.109375 0.148589 0.107351 0.158203 0.115447 0.162757 0.126073 0.163769
2 0.136699 0.276605 0.126073 0.279641 0.129615 0.286219 0.13771 0.287737
2 0.15036 0.302411 0.137205 0.299881 0.140746 0.31759 0.14783 0.31253
2 0.176166 0.339854 0.165034 0.344914 0.17313 0.351998 0.182238 0.349974 0.181732 0.341372
2 0.166552 0.32518 0.159974 0.32771 0.159974 0.3353 0.16807 0.335806
2 0.308229 0.310506 0.289508 0.312024 0.29052 0.317084 0.29811 0.331758 0.305193 0.332264
2 0.247511 0.381851 0.233343 0.383369 0.233343 0.395513 0.240427 0.391971
2 0.225753 0.397537 0.212091 0.404115 0.217151 0.410187 0.225247 0.410187
2 0.51012 0.384887 0.503036 0.391465 0.513156 0.418282 0.52277 0.420812 0.521758 0.403609
2 0.502024 0.391971 0.49494 0.388429 0.493422 0.409681 0.501518 0.413223
2 0.444847 0.445606 0.432197 0.446618 0.431691 0.456738 0.438269 0.459268
2 0.433209 0.43498 0.419041 0.438522 0.420053 0.449654 0.430679 0.44763
2 0.476218 0.512397 0.466605 0.512903 0.469135 0.524541 0.47723 0.523529
2 0.471665 0.570586 0.460027 0.571598 0.462051 0.578176 0.475206 0.579694
2 0.72466 0.216392 0.711504 0.21791 0.714034 0.226006
2 0.817256 0.0731966 0.807136 0.0742086 0.805113 0.0878704 0.817762 0.0868584
2 0.82687 0.0296814 0.80916 0.0362593 0.810172 0.0605469 0.831424 0.0610529 0.833448 0.0453671
2 0.940212 0.0640888 0.928068 0.0666188 0.92655 0.0737026 0.950332 0.0737026 0.95185 0.0610529
