2 0.4198 0.420812 0.411199 0.420812 0.407151 0.431438 0.417776 0.431438
2 0.446618 0.436498 0.433462 0.446112 0.446112 0.448136
2 0.425872 0.487097 0.416259 0.490639 0.420306 0.501265 0.428402 0.497723
2 0.496711 0.482037 0.486591 0.482543 0.488615 0.492663 0.498735 0.492157
2 0.64699 0.476977 0.639401 0.482037 0.64699 0.490639 0.650532 0.486085
2 0.76691 0.434474 0.755778 0.43498 0.756284 0.444088 0.765898 0.444088
2 0.639401 0.486085 0.629281 0.484567 0.633329 0.500253 0.639906 0.495193
2 0.662676 0.526565 0.650026 0.529094 0.653568 0.537696 0.664194 0.540226
2 0.533142 0.663182 0.519987 0.674314 0.535672 0.675832
2 0.460786 0.710745 0.446112 0.712769 0.453702 0.718841
2 0.527071 0.769946 0.510879 0.776018 0.525553 0.78462
2 0.505819 0.78715 0.493675 0.788162 0.493675 0.796258 0.504807 0.797776
2 0.957669 0.481025 0.947549 0.484061 0.953621 0.494687 0.959187 0.492663
2 0.948055 0.461292 0.938441 0.459774 0.935911 0.46787 0.947549 0.470906
2 0.449148 0.302917 0.440546 0.301905 0.441052 0.311518 0.451678 0.312024
2 0.654074 0.153143 0.64446 0.152131 0.647496 0.161745 0.65458 0.162251
2 0.0405312 0.0354316 0.0293122 0.0435909 0.0395113 0.0527701 0.0435909 0.0435909
2 0.0701085 0.0823474 0.0573597 0.0808176 0.0609293 0.0950963 0.0726583 0.0925465
2 0.210856 0.16955 0.200657 0.172609 0.204736 0.179239 0.214426 0.176689
2 0.0935664 0.185358 0.0818375 0.185358 0.0808176 0.194537 0.086937 0.196577
2 0.667775 0.929382 0.652476 0.930911 0.659106 0.939071
