2 0.802734 0.532422 0.802539 0.541797 0.813281 0.541211 0.812891 0.532422
2 0.90625 0.504492 0.906055 0.51582 0.916797 0.515039 0.914062 0.506055
2 0.91875 0.510156 0.918945 0.518164 0.926562 0.519141 0.925195 0.510938
2 0.867383 0.448242 0.865625 0.457227 0.874609 0.457422 0.873437 0.447852
2 0.730078 0.391992 0.729297 0.400977 0.748828 0.400586 0.747656 0.390625
2 0.852148 0.315039 0.850781 0.326562 0.860938 0.327148 0.858203 0.315039
2 0.88457 0.275391 0.88457 0.28457 0.894922 0.282227 0.892188 0.274023
2 0.727539 0.199414 0.725 0.20918 0.735547 0.20957 0.735352 0.200977
2 0.566602 0.351758 0.564844 0.361719 0.575781 0.362305 0.575781 0.35332
2 0.518555 0.429492 0.517969 0.436719 0.527539 0.437305 0.527148 0.431055
2 0.457227 0.688281 0.457813 0.698242 0.465039 0.697461 0.46543 0.687305
2 0.223633 0.517383 0.222852 0.525391 0.230859 0.525391 0.231055 0.517773
2 0.689063 0.776367 0.681641 0.787695 0.688477 0.791406 0.694922 0.782813
2 0.734375 0.786328 0.733789 0.793359 0.742578 0.793359 0.743164 0.786328
2 0.242188 0.00449219 0.242383 0.0167969 0.253516 0.0164063 0.251953 0.00488281
2 0.879297 0.979883 0.874805 0.984766 0.88457 0.993164 0.8875 0.984375
