0 0.181226 0.0812925 0.175154 0.0904003 0.182744 0.101532 0.195899 0.0979902 0.189322 0.0853404
0 0.264208 0.053463 0.250546 0.0661128 0.263196 0.0812925 0.279894 0.0726907 0.279894 0.0585229
0 0.373502 0.747683 0.385646 0.758308 0.389188 0.770958 0.39779 0.786644 0.406392 0.807895 0.423595 0.822063 0.453449 0.811437 0.468629 0.805872 0.463063 0.791704 0.438775 0.788162 0.424607 0.773488 0.414994 0.76438 0.398802 0.75173 0.388176 0.733009 0.379574 0.730985
0 0.480266 0.815485 0.493928 0.824087 0.528841 0.845845 0.535419 0.848881 0.545539 0.832689 0.545539 0.819533 0.548575 0.807389 0.534407 0.796764 0.51771 0.800812 0.493928 0.796764 0.488051 0.80018 0.479254 0.803342
0 0.641677 0.849387 0.657869 0.847869 0.674567 0.851411 0.681651 0.855965 0.687217 0.839773 0.680639 0.829653 0.667483 0.828641 0.651291 0.829147 0.632064 0.834207 0.626498 0.839267
0 0.596644 0.803848 0.615366 0.800812 0.6351 0.78209 0.648761 0.753248 0.653821 0.737057 0.659387 0.712769 0.652303 0.696577 0.638136 0.710239 0.629028 0.696577 0.623968 0.666724 0.617896 0.649014 0.586018 0.645978 0.554647 0.651544 0.528841 0.646484 0.498988 0.650532 0.486844 0.66217 0.469135 0.673302 0.463063 0.69 0.469135 0.704167 0.485832 0.719853 0.473182 0.726431 0.470147 0.741105 0.506072 0.760838 0.535419 0.760332 0.542503 0.734527 0.556165 0.712263 0.567297 0.714287 0.578935 0.722889 0.606258 0.744647 0.608788 0.755778 0.600692 0.769946 0.59209 0.783608 0.59209 0.801318 0.58956 0.802836
0 0.676085 0.708215 0.665459 0.714793 0.659387 0.731997 0.677603 0.730479 0.680133 0.716817
0 0.48988 0.876204 0.476218 0.87924 0.481278 0.89189 0.491398 0.892396
0 0.467097 0.453318 0.455385 0.460207 0.467785 0.469163 0.471575 0.463996
0 0.108851 0.125041 0.0954172 0.131931 0.104718 0.140887
0 0.110918 0.150187 0.097484 0.153632 0.101618 0.163966 0.107818 0.163277
0 0.160177 0.0747492 0.147776 0.082672 0.146398 0.0936949 0.162588 0.0912836
0 0.156732 0.0313465 0.143643 0.0337577 0.149498 0.0434028 0.156388 0.0447806
0 0.124008 0.0799162 0.108507 0.0885279 0.114018 0.0988619 0.133997 0.0868056 0.13262 0.0778494
0 0.142265 0.106785 0.135375 0.109885 0.135031 0.118152 0.150532 0.118152
0 0.303819 0.0806052 0.296241 0.0868056 0.299686 0.0933504 0.307953 0.0919726
0 0.597656 0.549939 0.589614 0.556832 0.598805 0.562194 0.603018 0.553385
0 0.452895 0.73989 0.442172 0.746783 0.450597 0.754442 0.457491 0.747549
0 0.422641 0.736826 0.412301 0.745251 0.415365 0.752145 0.421875 0.746783
0 0.560509 0.716912 0.547871 0.735294 0.566253 0.744102 0.572763 0.753294 0.585784 0.755208 0.60723 0.747166 0.591146 0.733379 0.573912 0.722273
0 0.577742 0.789675 0.561657 0.793888 0.56587 0.806909 0.584252 0.806143 0.585018 0.792356
0 0.509191 0.780867 0.495787 0.786994 0.50651 0.795803 0.511489 0.787377
0 0.58607 0.7575 0.56337 0.757027 0.542562 0.769796 0.562424 0.789185 0.592218 0.774525 0.592691 0.763175
0 0.392816 0.658584 0.381304 0.663348 0.393213 0.673669 0.398374 0.666127
0 0.478985 0.782461 0.468272 0.791115 0.477749 0.798119 0.48393 0.794411
