2 0.0135039 0.137345 0.0166016 0.145508 0.0210793 0.145579 0.0263491 0.138333 0.0276665 0.130428 0.0177856 0.128452
2 0.0654297 0.135742 0.0654297 0.141602 0.0693359 0.141602 0.0732422 0.141602 0.0732422 0.137695
2 0.742773 0.649023 0.739258 0.657031 0.746094 0.658398 0.750977 0.657227 0.750781 0.651172
2 0.761133 0.664062 0.768555 0.661133 0.77832 0.663086 0.77832 0.668945 0.767383 0.675391
2 0.7375 0.670312 0.742578 0.664062 0.748242 0.666602 0.749023 0.674805 0.739258 0.676562
2 0.492188 0.144141 0.491992 0.15293 0.502148 0.15332 0.503125 0.143359
2 0.00722656 0.200781 0.00722656 0.20918 0.0150391 0.208789 0.0140625 0.200195
2 0.03125 0.213086 0.0314453 0.223047 0.0382813 0.223047 0.0373047 0.2125
2 0.0759766 0.203711 0.0761719 0.213281 0.0839844 0.213086 0.0832031 0.203711
2 0.113672 0.198633 0.123242 0.194141 0.126562 0.200391 0.114453 0.203906
2 0.132617 0.249805 0.133008 0.256055 0.140234 0.255859 0.138867 0.248828
2 0.150391 0.253516 0.150977 0.261914 0.158008 0.261719 0.157422 0.25332
2 0.0679687 0.284766 0.0677734 0.293555 0.0773438 0.292578 0.0765625 0.284961
2 0.000585937 0.310156 0.00078125 0.318945 0.00898437 0.318555 0.00878906 0.30957
2 0.642188 0.877734 0.641797 0.887109 0.651172 0.886328 0.650977 0.87832
2 0.771094 0.55 0.771289 0.55625 0.779492 0.55625 0.779297 0.549414
2 0.25957 0.0578125 0.25918 0.0640625 0.268359 0.0701172 0.268164 0.0582031
