0 0.651291 0.126326 0.644713 0.151119 0.662929 0.177431 0.676085 0.178443 0.674061 0.154155 0.681145 0.161239 0.690253 0.152131 0.679627 0.133916 0.677603 0.113676 0.666977 0.0974842 0.656857 0.12076
0 0.693795 0.168323 0.716058 0.197164 0.755525 0.191599 0.766151 0.187045 0.772729 0.166299 0.780319 0.150107 0.780319 0.142517 0.776271 0.13594 0.779813 0.123796 0.766657 0.114182 0.751983 0.142011 0.750466 0.157697 0.74743 0.167311 0.733262 0.160227 0.713022 0.154661 0.69936 0.154661
0 0.804607 0.143529 0.81675 0.149601 0.83193 0.151119 0.838508 0.13594 0.814726 0.128856 0.803595 0.128856
0 0.846604 0.163263 0.861278 0.165287 0.869373 0.175913 0.877975 0.192611 0.889613 0.196658 0.902769 0.181479 0.910865 0.168829 0.906311 0.154661 0.885565 0.155673 0.879999 0.148589 0.864313 0.145553 0.846098 0.147071 0.840026 0.160733
0 0.795499 0.313036 0.788921 0.327204 0.789427 0.34036 0.806631 0.333782 0.813208 0.322144
0 0.933128 0.168323 0.9392 0.158203 0.945778 0.153649 0.953874 0.169335 0.943754 0.176925
0 0.95185 0.138469 0.961464 0.151625 0.96703 0.166805 0.979679 0.168829 0.977149 0.184515 0.97209 0.199188 0.965512 0.20779 0.96197 0.216392 0.979679 0.227018 0.990811 0.20779 0.994859 0.193622 0.997389 0.164781 0.995365 0.151119 0.983221 0.145553 0.975125 0.13341 0.961464 0.129362 0.950838 0.13341
0 0.541491 0.371731 0.560213 0.369707 0.560719 0.387417 0.551611 0.392477
0 0.772223 0.344914 0.786897 0.344914 0.786391 0.35807 0.776777 0.35807
0 0.673555 0.193622 0.681651 0.196658 0.680639 0.209308 0.685193 0.217404 0.685699 0.227018 0.660905 0.227018 0.661917 0.217404 0.667483 0.204754
0 0.666977 0.23056 0.654833 0.23056 0.655845 0.239162 0.665459 0.239668
0 0.615366 0.238656 0.599174 0.238656 0.603728 0.250293 0.612836 0.250293
0 0.642183 0.241692 0.628522 0.237644 0.621438 0.241692 0.63004 0.253329
0 0.574381 0.298363 0.561225 0.295833 0.566285 0.30747 0.575899 0.308988
0 0.925032 0.183503 0.912383 0.184515 0.912383 0.193116 0.920478 0.191599
0 0.793981 0.121772 0.786391 0.127338 0.786897 0.133916 0.794993 0.139987 0.797523 0.133916
