2 0.321484 0.204687 0.313281 0.210352 0.316016 0.219141 0.326953 0.216797 0.326953 0.206836
2 0.126172 0.342969 0.126172 0.352344 0.137695 0.350977 0.136719 0.342187
2 0.185742 0.379102 0.185352 0.391602 0.195117 0.390625 0.192383 0.381445
2 0.120703 0.55625 0.120117 0.566016 0.130859 0.566211 0.13125 0.556836
2 0.277539 0.894531 0.276953 0.903711 0.286133 0.903906 0.285156 0.895508
2 0.0785156 0.879883 0.078125 0.885938 0.0855469 0.886328 0.0847656 0.878711
2 0.144531 0.880273 0.143359 0.887305 0.151758 0.887109 0.151367 0.880664
2 0.00292969 0.836133 0.00195312 0.846484 0.0119141 0.845898 0.0113281 0.836914
2 0.136328 0.25957 0.135352 0.266797 0.142578 0.266992 0.142773 0.260156
2 0.246875 0.00683594 0.249414 0.0185547 0.268164 0.00996094 0.263477 0.00292969
2 0.131055 0.00761719 0.136523 0.0251953 0.145898 0.0238281 0.140039 0.0146484 0.137305 0.00664062
