0 0.700625 0.847363 0.684434 0.866084 0.69 0.87418 0.707203 0.86659 0.712263 0.865072 0.721877 0.867096 0.722383 0.861025 0.712263 0.844327
0 0.79221 0.772982 0.783608 0.778548 0.791704 0.793222 0.80486 0.790692 0.805872 0.778548
0 0.777283 0.946031 0.771717 0.957669 0.775259 0.965765 0.776777 0.980944 0.785885 0.987522 0.792463 0.966271 0.792969 0.950079
0 0.918455 0.950079 0.910865 0.961717 0.923514 0.968295 0.92908 0.956151
0 0.983221 0.977402 0.974619 0.982462 0.983221 0.993594 0.991823 0.988534
0 0.805113 0.802836 0.789427 0.803342 0.791957 0.817003 0.807136 0.822569
0 0.825858 0.761344 0.813208 0.771464 0.82434 0.7745 0.835472 0.77703 0.83952 0.768428
0 0.874939 0.595885 0.866337 0.612583 0.875951 0.618149 0.885059 0.610559
0 0.987775 0.531118 0.977655 0.538202 0.985751 0.545286 0.998047 0.543319
0 0.897709 0.509361 0.899227 0.493675 0.909853 0.494687 0.909347 0.505313
0 0.920478 0.482037 0.920984 0.46281 0.927562 0.448642 0.945272 0.440546 0.958934 0.430932 0.96703 0.426378 0.963994 0.416259 0.95185 0.419294 0.94173 0.42739 0.930092 0.431944 0.913901 0.443582 0.911371 0.452184 0.905805 0.471918 0.906311 0.481531 0.913395 0.483049
0 0.96956 0.441558 0.960452 0.448642 0.96703 0.45775 0.974619 0.454208
0 0.871397 0.628269 0.866843 0.646484 0.879999 0.65711 0.883035 0.640412 0.879999 0.626245
0 0.882529 0.693542 0.888601 0.682916 0.894673 0.67229 0.885059 0.6647 0.880505 0.674314 0.873927 0.68494
