2 0.782849 0.370213 0.770199 0.379827 0.777789 0.390453 0.786391 0.386405
2 0.244475 0.415247 0.235873 0.416764 0.237391 0.430932 0.248523 0.431438
2 0.216139 0.454714 0.208043 0.466858 0.216645 0.474447 0.223223 0.462304
2 0.0931833 0.581212 0.0774976 0.586777 0.0896414 0.598921 0.0977372 0.594367
2 0.0309464 0.747683 0.0263925 0.761344 0.0375243 0.764886 0.0395483 0.754766
2 0.0607999 0.739081 0.0481501 0.745153 0.055234 0.75679 0.0607999 0.75173
2 0.418535 0.519987 0.404368 0.527071 0.414994 0.535166 0.417523 0.531624
2 0.478242 0.305446 0.467111 0.306964 0.469135 0.314048 0.47976 0.316578
2 0.112354 0.392753 0.105545 0.396582 0.102141 0.400837 0.11363 0.408071
2 0.5932 0.235063 0.594728 0.245383 0.603519 0.251116 0.608106 0.245001 0.604284 0.236592
2 0.789277 0.863809 0.789277 0.8726 0.798832 0.8726 0.79845 0.863809
2 0.801507 0.849667 0.801507 0.859222 0.810298 0.859222 0.810298 0.849284
2 0.817561 0.90203 0.817561 0.910057 0.825587 0.910057 0.825587 0.90203
