2 0.0982432 0.218922 0.0764856 0.228536 0.0866054 0.24321 0.102797 0.239162
2 0.743888 0.162757 0.725672 0.161239 0.725166 0.175913 0.7449 0.190081 0.761597 0.186033 0.755019 0.174395
2 0.688735 0.284195 0.681145 0.285713 0.673049 0.292291 0.687723 0.301399
2 0.37249 0.684434 0.349721 0.686458 0.355793 0.699107 0.366418 0.704167
2 0.345167 0.733009 0.334541 0.736551 0.351745 0.772476 0.36743 0.770452 0.36996 0.76185
2 0.650279 0.965765 0.634088 0.965765 0.639148 0.974872 0.650279 0.977908
2 0.92655 0.961717 0.909347 0.962223 0.914407 0.977908
2 0.950332 0.860013 0.937682 0.868108 0.948814 0.880252 0.956404 0.870132
2 0.898215 0.833701 0.881517 0.836231 0.884047 0.855459 0.895685 0.854447
2 0.702889 0.735301 0.702468 0.744982 0.715096 0.744982 0.715096 0.735301
2 0.198299 0.367331 0.198299 0.379874 0.209647 0.378082 0.207856 0.366136
