2 0.52832 0.891602 0.547852 0.911133 0.549805 0.905273 0.547852 0.893555 0.52832 0.883789
2 0.624609 0.887695 0.629883 0.895508 0.629883 0.899414 0.620117 0.899414 0.617578 0.888672
2 0.936523 0.770508 0.950195 0.770508 0.950195 0.766602 0.946289 0.764648 0.93457 0.762695
2 0.789114 0.65627 0.7988 0.660223 0.80315 0.650142 0.794451 0.64599 0.786149 0.649746
2 0.680664 0.581055 0.688477 0.581055 0.69043 0.573242 0.680664 0.573242
2 0.56543 0.540039 0.567383 0.547852 0.569336 0.557617 0.573242 0.557617 0.569336 0.538086
2 0.549805 0.454102 0.557617 0.458008 0.561523 0.454102 0.561523 0.448242 0.551758 0.448242
2 0.446289 0.327148 0.456055 0.331055 0.456055 0.331055 0.452148 0.323242
2 0.493378 0.200409 0.499901 0.199025 0.490412 0.187164 0.481445 0.194336
2 0.545898 0.198242 0.543945 0.206055 0.538086 0.213867 0.529752 0.210688 0.529752 0.200606 0.536473 0.201002 0.538252 0.194874
2 0.887695 0.645508 0.899414 0.645508 0.899224 0.638478 0.89448 0.637094 0.886968 0.639071
2 0.788932 0.405996 0.793945 0.418945 0.786625 0.424835 0.781627 0.41061
2 0.541613 0.177082 0.550508 0.176687 0.555664 0.186523 0.551758 0.19043 0.547852 0.186523 0.540427 0.185582
2 0.759857 0.727239 0.767764 0.727436 0.768555 0.731445 0.780811 0.730402 0.780218 0.722494 0.760647 0.719331
2 0.654095 0.22848 0.64599 0.241725 0.654688 0.245283 0.656467 0.23698 0.661805 0.232236
2 0.685725 0.314868 0.682166 0.32752 0.692248 0.328904 0.69383 0.318229
2 0.657851 0.38643 0.657456 0.395326 0.666549 0.394733 0.666352 0.385837
2 0.770136 0.464318 0.769345 0.472225 0.777253 0.472225 0.77745 0.464911
2 0.775276 0.712808 0.775671 0.718738 0.781997 0.719134 0.781997 0.712215
2 0.788719 0.710238 0.789509 0.720122 0.797021 0.717947 0.796033 0.709249
2 0.778834 0.36508 0.775276 0.373581 0.785951 0.37536 0.788323 0.368639
2 0.59815 0.140906 0.597953 0.147825 0.604081 0.14822 0.603686 0.139917
2 0.412109 0.274609 0.418945 0.270898 0.423438 0.280859 0.414453 0.28418
2 0.294531 0.380273 0.294922 0.388867 0.303906 0.388477 0.302539 0.379492
2 0.19082 0.54375 0.190625 0.561328 0.20293 0.561719 0.201367 0.542383
2 0.179297 0.594922 0.180078 0.604688 0.189844 0.60293 0.187891 0.595898
2 0.165625 0.63125 0.16875 0.643945 0.178711 0.641211 0.173242 0.629492
2 0.244922 0.685547 0.254102 0.684961 0.254102 0.694727 0.244727 0.694531
2 0.144531 0.704297 0.143945 0.713281 0.155664 0.713281 0.155469 0.703125
2 0.0330078 0.891797 0.0332031 0.902148 0.0412109 0.9 0.0414062 0.89082
2 0.0126953 0.991602 0.016097 0.998047 0.0285156 0.998047 0.0283203 0.986719
2 0.0837891 0.380664 0.0835937 0.390039 0.090625 0.389453 0.0898438 0.379102
2 0.0916016 0.40293 0.0912109 0.410547 0.0980469 0.410547 0.0984375 0.40293
2 0.108984 0.211914 0.108984 0.221484 0.117578 0.221875 0.117188 0.211133
2 0.0132812 0.169727 0.0128906 0.176367 0.0228516 0.182422 0.0234375 0.168164
2 0.0310547 0.167578 0.0300781 0.173437 0.0386719 0.177344 0.0392578 0.167187
2 0.0703125 0.161914 0.0701172 0.170117 0.0761719 0.170313 0.0761719 0.160742
2 0.0505859 0.110352 0.0503906 0.119141 0.0636719 0.118555 0.0630859 0.110742
2 0.523047 0.216602 0.523047 0.227344 0.53125 0.227148 0.529492 0.21543
2 0.520703 0.235547 0.521484 0.249219 0.531641 0.247852 0.528906 0.235156
2 0.643164 0.816602 0.679688 0.800977 0.682617 0.808594 0.645312 0.823828
2 0.532031 0.546094 0.533008 0.553516 0.543359 0.552539 0.542188 0.545508
2 0.607422 0.483398 0.608398 0.494922 0.613867 0.494141 0.611914 0.483594
2 0.409961 0.675 0.409961 0.68418 0.416211 0.683984 0.416211 0.674805
2 0.0794922 0.776367 0.0796875 0.783789 0.0855469 0.784375 0.0861328 0.775781
2 0.102344 0.775391 0.102344 0.782031 0.111133 0.782227 0.111328 0.774219
2 0.104688 0.795898 0.104883 0.803711 0.1125 0.80332 0.112695 0.795312
2 0.37392 0.155868 0.374732 0.16602 0.382447 0.16602 0.381635 0.155056
2 0.638281 0.889258 0.631445 0.901953 0.64043 0.907813 0.644336 0.900977 0.651758 0.900391 0.649219 0.890039
