0 0.305193 0.882276 0.30317 0.900492 0.319867 0.897456 0.318349 0.882782
0 0.2804 0.879746 0.273822 0.887336 0.278882 0.89948 0.288496 0.895938
0 0.828388 0.740599 0.84458 0.755272 0.873421 0.75426 0.893155 0.746165 0.879493 0.725419 0.858242 0.717829 0.842556 0.716311 0.828388 0.716311
0 0.827882 0.0150077 0.846098 0.00741783 0.845592 0.000333954 0.817256 0.000333954
0 0.838508 0.0448612 0.862795 0.0453671 0.865325 0.0251275 0.832436 0.0311994
0 0.890119 0.0499211 0.885059 0.0747146 0.906311 0.0686427
0 0.495446 0.616125 0.480772 0.625233 0.48988 0.639906 0.514674 0.634341
0 0.14024 0.75679 0.129109 0.775512 0.143276 0.785126 0.148336 0.769946
0 0.397284 0.687976 0.382104 0.697589 0.391212 0.708215 0.397284 0.702649
0 0.911877 0.76691 0.899733 0.76944 0.902769 0.78209 0.914407 0.786644 0.915925 0.7745
0 0.896697 0.783102 0.880505 0.791704 0.874939 0.809413 0.895685 0.817003 0.916431 0.801318 0.919466 0.788668
0 0.815738 0.811943 0.800559 0.815991 0.799041 0.828135 0.811184 0.832183
0 0.876457 0.815485 0.85976 0.815991 0.863807 0.830665 0.873927 0.829147
0 0.985245 0.977402 0.995871 0.971837 0.998047 0.976007 0.998047 0.990052
