0 0.576911 0.231066 0.59462 0.238656 0.596138 0.257883 0.616884 0.257377 0.623462 0.233596 0.612836 0.218416 0.591584 0.209308 0.573369 0.22044
0 0.61233 0.362117 0.6098 0.375273 0.619414 0.381851 0.62498 0.365659
0 0.59209 0.379827 0.590066 0.397537 0.60221 0.400573 0.60727 0.385899 0.59968 0.377297
0 0.683169 0.474953 0.688229 0.509361 0.70189 0.530106 0.740346 0.536178 0.759067 0.538202 0.756537 0.502783 0.740852 0.477989 0.70695 0.464328
0 0.659893 0.507337 0.661917 0.533648 0.664953 0.550346 0.686711 0.566032 0.703914 0.580706 0.696324 0.598921 0.7196 0.599427 0.746924 0.582224 0.74743 0.566032 0.730732 0.558442 0.709986 0.550346 0.70442 0.543768 0.690253 0.521505 0.682157 0.518975 0.680639 0.502277 0.670519 0.499747
0 0.721118 0.411705 0.728708 0.43498 0.746924 0.43498 0.752995 0.422836 0.740346 0.400573
0 0.753501 0.433462 0.744394 0.444088 0.750466 0.452184 0.760585 0.453196
0 0.744394 0.54225 0.752995 0.557936 0.758055 0.580706 0.777789 0.585259 0.781331 0.569574 0.771211 0.54225 0.755525 0.530612
0 0.845592 0.5296 0.847616 0.562996 0.873421 0.574634 0.875445 0.553888 0.868361 0.526565 0.856724 0.526059
0 0.759573 0.684434 0.748442 0.698095 0.751477 0.718841 0.762609 0.742117 0.777283 0.749707 0.783355 0.734527 0.767669 0.709227 0.775259 0.694554
0 0.865831 0.624727 0.891131 0.638895 0.925032 0.625233 0.942236 0.616125 0.959946 0.616631 0.967536 0.604487 0.956404 0.586271 0.934646 0.586777 0.904793 0.600439 0.880505 0.598921 0.863301 0.609547
0 0.953368 0.637377 0.969054 0.659134 0.987269 0.650532 0.998047 0.653726 0.998047 0.628775 0.986763 0.618655 0.971078 0.610559 0.958934 0.620173
0 0.95438 0.6647 0.954886 0.698095 0.975404 0.720263 0.993647 0.710068 0.970572 0.669254 0.966018 0.662676
0 0.59715 0.653062 0.593608 0.671784 0.608282 0.678362 0.620426 0.671784 0.609294 0.658628
0 0.582477 0.685952 0.567803 0.711251 0.580959 0.726937 0.616884 0.727443 0.62751 0.708215 0.60727 0.694048 0.593102 0.68747
0 0.460533 0.438016 0.452943 0.451172 0.463569 0.458256 0.473182 0.451678
0 0.503542 0.265473 0.48988 0.271039 0.491904 0.285207 0.513156 0.281159
0 0.302158 0.302917 0.29305 0.31 0.299122 0.322144 0.309241 0.31506
0 0.314301 0.314048 0.307217 0.322144 0.311771 0.334288 0.320879 0.322144
0 0.537443 0.445606 0.530359 0.448136 0.532383 0.459268 0.538961 0.456738
0 0.58703 0.490133 0.574887 0.494181 0.580453 0.505313 0.585512 0.501265
0 0.533901 0.665206 0.520746 0.671278 0.5253 0.677856 0.534913 0.675832
0 0.743382 0.660652 0.728708 0.66217 0.731238 0.670266 0.741864 0.673302
0 0.792463 0.441558 0.787403 0.454714 0.796511 0.459268 0.800559 0.448642
0 0.817762 0.463822 0.803595 0.470906 0.805619 0.485579 0.813208 0.477483 0.832942 0.488109 0.840026 0.483049 0.832436 0.472423 0.825352 0.465846
0 0.534407 0.759826 0.520746 0.762862 0.528841 0.772476 0.535419 0.776524
0 0.479254 0.2002 0.497976 0.217404 0.511132 0.229548 0.530359 0.226512 0.532889 0.21285 0.52783 0.203742 0.49494 0.201212
0 0.563755 0.206272 0.554647 0.211838 0.561225 0.220946 0.567297 0.223476 0.570333 0.212344
0 0.568815 0.248776 0.559707 0.24827 0.554647 0.254847 0.564261 0.261425
0 0.479263 0.479745 0.474441 0.497106 0.483603 0.515914 0.498553 0.511092 0.502411 0.495177 0.490355 0.477816 0.484086 0.47637
0 0.357735 0.93017 0.350502 0.937404 0.352913 0.948495 0.36304 0.944155
0 0.565586 0.603202 0.555941 0.613329 0.560764 0.621528 0.567998 0.620563
0 0.946429 0.752458 0.935697 0.757287 0.950721 0.766945 0.951258 0.755677
0 0.740385 0.464318 0.761848 0.505634 0.775262 0.520121 0.785457 0.521195 0.785993 0.500805 0.781701 0.485244 0.762921 0.470757 0.753262 0.456806
0 0.791896 0.50778 0.787066 0.521731 0.794042 0.543194 0.804773 0.542658 0.801554 0.524414
0 0.80531 0.551243 0.78653 0.541048 0.780091 0.54856 0.790822 0.561438 0.799944 0.56573
