2 0.262695 0.924805 0.258789 0.928711 0.258789 0.930664 0.258789 0.93457 0.264648 0.936523 0.270508 0.936523 0.272461 0.93457 0.266602 0.932617 0.266602 0.928711 0.266602 0.926758
2 0.395508 0.97168 0.395508 0.977539 0.399414 0.977539 0.401367 0.975586 0.401367 0.97168
2 0.481445 0.78418 0.487305 0.78418 0.495117 0.786133 0.495117 0.782227 0.493164 0.77832 0.485352 0.77832 0.481445 0.77832
2 0.00449219 0.707617 0.00488281 0.71875 0.0173828 0.717773 0.0158203 0.706445
2 0.0191406 0.774805 0.0195312 0.781641 0.0306641 0.781055 0.0302734 0.774023
2 0.0109375 0.864844 0.0105469 0.872656 0.0148437 0.872656 0.015625 0.877539 0.025 0.876367 0.0242188 0.86875 0.0173828 0.868945 0.0173828 0.864258
2 0.0742188 0.905859 0.0736328 0.914258 0.084375 0.914648 0.0845703 0.906055
2 0.132031 0.983789 0.132031 0.992578 0.140039 0.992578 0.140039 0.983398
2 0.429297 0.658008 0.429688 0.666211 0.439063 0.666602 0.437695 0.656055
2 0.571289 0.933008 0.563281 0.937305 0.56875 0.943945 0.576367 0.938867
2 0.566992 0.572656 0.567187 0.580664 0.574414 0.580664 0.575 0.571094
2 0.609375 0.499414 0.608789 0.507812 0.620703 0.508203 0.619531 0.499609
2 0.647461 0.473047 0.648047 0.480078 0.657617 0.479883 0.656445 0.473242
2 0.898047 0.075 0.898047 0.0830078 0.90918 0.0830078 0.908203 0.0746094
2 0.0542969 0.399414 0.0554687 0.409375 0.0646484 0.408398 0.0621094 0.397852
2 0.0255859 0.354297 0.0255859 0.3625 0.0351562 0.361914 0.0347656 0.35332
2 0.235742 0.737891 0.235547 0.745313 0.244531 0.745117 0.244727 0.7375
