0 0.025 0.000195313 0.0236328 0.0107422 0.0195312 0.0125 0.0193359 0.00546875 0.00957031 0.00527344 0.0046875 0.0103516 0.00488281 0.0152344 0 0.0162109 0 0.0714844 0.0103516 0.0707031 0.00585938 0.0775391 0.0169922 0.084375 0.0308594 0.0830078 0.0283203 0.0679687 0.0445312 0.0771484 0.0492187 0.0703125 0.0550781 0.0615234 0.0681641 0.05625 0.06875 0.0472656 0.0603516 0.0400391 0.0558594 0.0371094 0.0607422 0.0234375 0.0617188 0.0185547 0.0591797 0.0154297 0.0603516 0.0109375 0.0560547 0.00859375 0.0498047 0.00742187 0.05 0
0 0.06875 -1.6263e-19 0.0746094 0.00664062 0.0775391 0.0109375 0.0826172 0.009375 0.08125 -1.6263e-19
0 0.0810547 0.0130859 0.0818359 0.0205078 0.0892578 0.0205078 0.0886719 0.0121094
0 0.101367 0.0289063 0.108789 0.0373047 0.10332 0.0482422 0.10918 0.0519531 0.113086 0.0398437 0.113086 0.0308594 0.106836 0.0240234
0 0.113867 0.0662109 0.109961 0.0712891 0.111523 0.0767578 0.117383 0.0777344 0.114062 0.0830078 0.11875 0.0859375 0.121875 0.0814453 0.124805 0.0724609
0 0.121289 0.106445 0.133594 0.0998047 0.14082 0.0917969 0.15 0.0851563 0.155859 0.0871094 0.154297 0.0964844 0.149414 0.103125 0.140625 0.103711 0.136328 0.110352 0.129102 0.112305 0.123438 0.112305
0 0.158398 0.111719 0.149805 0.116016 0.15293 0.123438 0.153125 0.136328 0.15957 0.13418 0.163867 0.136133 0.163477 0.141602 0.172852 0.141992 0.170703 0.133594 0.169922 0.123438 0.168359 0.117969 0.169922 0.112305
0 0.179883 0.129297 0.180078 0.135742 0.185742 0.139258 0.187695 0.130469
0 0.00160121 0.147646 0.00951928 0.152924 0.0086395 0.138848 0.0183171 0.146766 0.0315139 0.136208 0.0411916 0.152045 0.051749 0.162602 0.0543884 0.181957 0.0579075 0.193395 0.0473501 0.209231 0.0385522 0.221548 0.0244756 0.218029 0.0218363 0.230346 0 0.233839
0 0.076383 0.183717 0.0631862 0.197793 0.0658256 0.21099 0.0526288 0.218029 0.0332735 0.227706 0.0367927 0.240903 0.0367927 0.257619 0.0429512 0.262018 0.0244756 0.269936 0.00775971 0.274335 0.00775971 0.29369 0.0253554 0.306887 0.0297544 0.326242 0.0385522 0.33416 0.0235959 0.348237 0.0332735 0.379029 0.0526288 0.351756 0.0755032 0.347357 0.0939787 0.344718 0.0922192 0.360554 0.122132 0.359674 0.141487 0.352636 0.167881 0.322723 0.167001 0.300728 0.155564 0.298089 0.166121 0.283133 0.178438 0.269056 0.167881 0.267297 0.186356 0.25498 0.180198 0.247941 0.208351 0.244422 0.203072 0.225067 0.184597 0.228586 0.198673 0.21187 0.192515 0.199553 0.194274 0.185476 0.191635 0.167001 0.179318 0.174919 0.167881 0.21363 0.173159 0.232105 0.141487 0.233865 0.101897 0.224187 0.0834213 0.218029
0 0.218029 0.17052 0.246182 0.160842 0.276094 0.198673 0.258499 0.205712 0.239143 0.181957 0.218029 0.184597
0 0.256739 0.223307 0.25234 0.248821 0.279614 0.250581 0.285772 0.280493 0.311286 0.277854 0.297209 0.264657 0.303368 0.240023
0 0.25938 0.117146 0.270162 0.117561 0.278662 0.125647 0.275345 0.130623 0.268503 0.128964 0.267674 0.124196 0.25938 0.122951
0 0.303543 0.103047 0.303958 0.111755 0.31391 0.111133 0.313495 0.103254
0 0.168991 0.332508 0.191701 0.373388 0.186024 0.390421 0.163313 0.394963 0.162178 0.414267 0.198515 0.405183 0.212141 0.390421 0.22009 0.402912 0.197379 0.42108 0.184888 0.439249 0.123569 0.433571 0.121298 0.459688 0.137196 0.464231 0.141738 0.457417 0.16672 0.477857 0.176939 0.506245 0.134925 0.61185 0.121298 0.656136 0.140602 0.657272 0.149687 0.605037 0.178075 0.580055 0.195108 0.582326 0.216683 0.633426 0.198515 0.67317 0.24053 0.67317 0.214412 0.712913 0.247343 0.717455 0.281409 0.707236 0.288222 0.771961 0.247343 0.774232 0.268918 0.801485 0.229174 0.836687 0.24053 0.850313 0.26324 0.845771 0.247343 0.871889 0.30412 0.880973 0.306391 0.919581 0.358626 0.901413 0.327966 0.862804 0.324559 0.821925 0.364303 0.79013 0.358626 0.768555 0.392692 0.743573 0.371116 0.721998 0.418809 0.693609 0.396098 0.683389 0.433571 0.668627 0.465366 0.683389 0.502839 0.700422 0.523279 0.657272 0.507381 0.641374 0.481264 0.626612 0.498297 0.61185 0.52555 0.585733 0.543718 0.561887 0.570839 0.576658 0.591584 0.55743 0.590275 0.531227 0.549396 0.50511 0.516465 0.483535 0.524414 0.459688 0.510788 0.434707 0.492619 0.458553 0.469908 0.447197 0.460824 0.433571 0.473315 0.413131 0.456282 0.391556 0.429029 0.391556 0.432436 0.34727 0.404047 0.344999 0.387014 0.316611 0.36771 0.324559 0.348406 0.281409 0.338186 0.2939 0.348406 0.350677 0.375659 0.342728 0.389285 0.369981 0.409725 0.368845 0.405183 0.383607 0.384743 0.398369 0.341592 0.398369 0.306391 0.350677
0 0.415959 0.0891864 0.425349 0.109845 0.416898 0.125808 0.42488 0.128155 0.436617 0.094351
0 0.574181 0.0760404 0.57512 0.0887169 0.561505 0.101863 0.547889 0.102802 0.549298 0.109845 0.564791 0.112192 0.571834 0.12346 0.593431 0.119704 0.59437 0.127686 0.617845 0.12346 0.62207 0.113601 0.598126 0.109845 0.583571 0.115479 0.570895 0.105149 0.582163 0.0891864 0.587797 0.0774489
0 0.746079 0.301574 0.732609 0.325521 0.736351 0.35695 0.739344 0.374162 0.768528 0.372665 0.769277 0.351712 0.753562 0.335249 0.7588 0.300826
0 0.746079 0.393618 0.730364 0.419061 0.747575 0.443008 0.760297 0.451239 0.76329 0.41981 0.761045 0.398108
0 0.730364 0.521582 0.73731 0.525553 0.736804 0.536684 0.72719 0.550346 0.715398 0.54927 0.690703 0.532058 0.668253 0.530562 0.636824 0.541038 0.634579 0.562739 0.600692 0.556924 0.600156 0.581448 0.60727 0.586271 0.598659 0.603149 0.605394 0.62036 0.591924 0.624102 0.605394 0.634579 0.615122 0.64281 0.593421 0.65179 0.589679 0.66975 0.595666 0.692199 0.611381 0.66975 0.625599 0.680975 0.632334 0.666756 0.652538 0.680226 0.667505 0.680975 0.716146 0.705669 0.729616 0.681723 0.744582 0.655532 0.738596 0.63832 0.725126 0.63832 0.752814 0.607639 0.733357 0.590427 0.710159 0.585189 0.719887 0.576958 0.75431 0.576209 0.764039 0.55825 0.757304 0.552263 0.761794 0.5358 0.761045 0.506615 0.750569 0.496887 0.740092 0.487159
0 0.485823 0.707058 0.455431 0.728511 0.45856 0.744601 0.453643 0.756221 0.475543 0.768289 0.500125 0.757115 0.510852 0.739238 0.502807 0.728064 0.500125 0.707952
0 0.0881234 0.0939423 0.0739556 0.0934363 0.0805335 0.106592 0.0911593 0.10305
0 0.16554 0.0256335 0.146312 0.0332234 0.158456 0.0438492 0.166046 0.0306934
0 0.409428 0.870132 0.393236 0.870638 0.406392 0.883288
0 0.69683 0.404115 0.683675 0.404115 0.688229 0.415753
0 0.61486 0.536178 0.595126 0.538202 0.605246 0.548322
0 0.14024 0.206272 0.125061 0.211838 0.138722 0.220946
0 0.545539 0.0823045 0.534913 0.0853404 0.536937 0.0974842
0 0.480772 0.134422 0.471665 0.136446 0.471665 0.146059 0.47976 0.148589
0 0.489374 0.180973 0.47723 0.187045 0.484314 0.196658 0.488362 0.191093
0 0.0031169 0.0924243 0.0091888 0.102544 0.0238625 0.109122 0.0435962 0.112158 0.0613059 0.132904 0.0602939 0.145047 0.0481501 0.140493 0.0268985 0.129362 0.00564686 0.133916 8.67362e-19 0.12968 0 0.12968
0 0.346685 0.247258 0.333023 0.247258 0.339095 0.257883
0 0.218669 0.115194 0.209561 0.116206 0.211585 0.124808 0.218163 0.125314
