2 0.286133 0.518555 0.293945 0.516602 0.297852 0.512695 0.297852 0.506836 0.286133 0.506836 0.28418 0.514648
2 0.831055 0.983398 0.834961 0.985352 0.838867 0.985352 0.836914 0.991211 0.833008 0.995117 0.829102 0.991211
2 0.943359 0.931836 0.93418 0.937305 0.933008 0.944727 0.937305 0.948828 0.943945 0.949609 0.950195 0.942383
2 0.699805 0.308984 0.710547 0.307617 0.71582 0.311523 0.717773 0.321289 0.719531 0.326172 0.714243 0.327081 0.709961 0.327148 0.708008 0.323242 0.700195 0.321289 0.700195 0.319336 0.702734 0.315039
2 0.357422 0.479883 0.357227 0.487305 0.362305 0.489258 0.364258 0.487305 0.366602 0.485352 0.365039 0.480273
2 0.61543 0.66543 0.624805 0.662695 0.626172 0.681641 0.616406 0.68125
2 0.297852 0.803711 0.296484 0.817773 0.284961 0.814844 0.288086 0.800391
2 0.694531 0.285156 0.694531 0.293164 0.704102 0.292969 0.703906 0.285742
2 0.707422 0.296094 0.707422 0.303906 0.714844 0.304102 0.714844 0.296484
2 0.813086 0.323633 0.813086 0.331445 0.822266 0.331445 0.821875 0.324023
2 0.84043 0.544531 0.84043 0.555664 0.852734 0.555664 0.851953 0.544531
2 0.872266 0.560742 0.87207 0.572266 0.882227 0.57207 0.88125 0.560352
2 0.816602 0.594531 0.816797 0.603125 0.827148 0.602734 0.826758 0.59375
2 0.773828 0.657422 0.773828 0.667383 0.782031 0.667383 0.781836 0.658008
2 0.763477 0.67793 0.763281 0.689648 0.772461 0.688477 0.771484 0.67832
2 0.866211 0.779297 0.861914 0.8 0.869141 0.801172 0.873242 0.779883
2 0.756836 0.899805 0.755469 0.915234 0.763281 0.915625 0.764648 0.899805
2 0.951562 0.521484 0.951172 0.529883 0.967773 0.530664 0.967773 0.522266
2 0.898828 0.366016 0.898047 0.378125 0.904297 0.37832 0.904492 0.36582
2 0.347266 0.256055 0.347461 0.267969 0.356641 0.268164 0.356055 0.256641
2 0.46543 0.471484 0.465039 0.489844 0.472852 0.489453 0.472461 0.470703
2 0.442773 0.457227 0.442578 0.469141 0.450977 0.468945 0.450586 0.457422
2 0.232422 0.581641 0.232422 0.589648 0.24043 0.589648 0.241016 0.58125
2 0.0515625 0.922852 0.0515625 0.93125 0.0617188 0.931641 0.0615234 0.922852
2 0.109375 0.926953 0.108984 0.937109 0.117969 0.937109 0.117969 0.926758
2 0.0951172 0.954297 0.0955078 0.965039 0.104688 0.964453 0.104297 0.954492
2 0.0898438 0.985938 0.0888672 0.99707 0.0978516 0.996289 0.0978516 0.985938
2 0.0111328 0.647266 0.0109375 0.660937 0.0201172 0.660937 0.0203125 0.647656
2 0.162109 0.115039 0.161914 0.123828 0.172266 0.123633 0.172266 0.11582
2 0.187305 0.143945 0.187305 0.151172 0.199805 0.150977 0.198242 0.143945
2 0.211133 0.0505859 0.210938 0.0591797 0.216016 0.0591797 0.216406 0.0619141 0.225586 0.0619141 0.224805 0.0548828 0.21875 0.0546875 0.218359 0.05
2 0.144727 0.0548828 0.144531 0.0619141 0.152734 0.0617188 0.153125 0.0546875
2 0.656055 0.805859 0.656445 0.816797 0.664844 0.816211 0.663867 0.805273
2 0.625781 0.910547 0.625977 0.924414 0.637109 0.924609 0.636133 0.910547
2 0.881055 0.0234375 0.881055 0.0330078 0.890234 0.0314453 0.889648 0.0265625
2 0.406055 0.162695 0.40625 0.173437 0.413867 0.172852 0.413477 0.163477
2 0.358984 0.0982422 0.358984 0.105664 0.366406 0.105078 0.36582 0.0980469
2 0.250301 0.0570408 0.250301 0.0669604 0.259194 0.0669604 0.259194 0.0566988
2 0.0149683 0.0498577 0.0146262 0.0594352 0.0235196 0.0587511 0.0235196 0.0501998
2 0.756964 0.581864 0.757469 0.593487 0.768839 0.590961 0.765807 0.580601
2 0.787031 0.662971 0.787536 0.670804 0.795369 0.670046 0.794358 0.662718
2 0.692533 0.429253 0.692028 0.438602 0.700619 0.438096 0.699608 0.427737
2 0.583789 0.704883 0.583594 0.712109 0.591211 0.7125 0.590625 0.704688
2 0.596484 0.742773 0.596094 0.749805 0.610352 0.749414 0.608984 0.742188
2 0.291016 0.740625 0.291211 0.746875 0.297461 0.74668 0.297461 0.740234
2 0.295898 0.778906 0.295703 0.785352 0.30332 0.78457 0.303125 0.779102
2 0.301172 0.799219 0.300781 0.808594 0.306641 0.808594 0.307812 0.8
2 0.500781 0.939453 0.500781 0.94668 0.514258 0.945898 0.514062 0.938672
2 0.516406 0.994141 0.516571 0.999414 0.526367 0.999414 0.526563 0.993945
