2 0.531877 0.206778 0.519228 0.213356 0.526818 0.229042 0.536431 0.226512 0.538455 0.211838
2 0.625486 0.269015 0.618908 0.277617 0.62751 0.285713 0.631558 0.275593
2 0.778801 0.193116 0.769693 0.204248 0.770705 0.218922 0.782849 0.217404
2 0.743888 0.234102 0.725166 0.246246 0.737816 0.255353 0.756537 0.242198
2 0.682663 0.253835 0.669001 0.263955 0.679627 0.273063 0.693795 0.254847
2 0.886071 0.278123 0.879493 0.279135 0.879493 0.291785 0.889107 0.291279
2 0.840026 0.252317 0.826364 0.260413 0.835472 0.270027 0.841038 0.262437
2 0.6098 0.193116 0.595126 0.21032 0.59968 0.221452 0.614354 0.210826
2 0.464406 0.0555272 0.460755 0.0632342 0.467042 0.0695215 0.46907 0.0626257
2 0.770052 0.751607 0.758853 0.761818 0.768405 0.768734 0.771698 0.758853
2 0.785861 0.912007 0.777627 0.912007 0.779603 0.927158 0.786849 0.927817
2 0.940662 0.73975 0.933087 0.746996 0.939674 0.754242
2 0.658975 0.289688 0.6509 0.293221 0.658471 0.305838 0.666041 0.302305
2 0.742473 0.569074 0.734851 0.575743 0.736439 0.583683 0.745967 0.581142
2 0.526662 0.232952 0.527551 0.243622 0.538814 0.243326 0.538517 0.230878
2 0.862695 0.975586 0.862695 0.982227 0.871875 0.982227 0.871875 0.975
