0 0.112158 0 0.130374 0.0170317 0.139481 0.0104538 0.145047 0.0175376 0.151625 0.0301874 0.165287 0.0342353 0.171865 0.0231035 0.171865 0.0119717 0.169335 0.00134594
0 0.433968 0.492663 0.420306 0.503795 0.413476 0.522011 0.420053 0.528588 0.43245 0.5296 0.443582 0.535166 0.453196 0.529094 0.453196 0.512397 0.454208 0.501771 0.440546 0.492663
0 0.344914 0.369707 0.336818 0.379827 0.34795 0.386911 0.359588 0.379321
0 0.464075 0.550852 0.451931 0.556924 0.458509 0.566538 0.473688 0.571092
0 0.954886 0.493675 0.968548 0.479507 0.965006 0.465846 0.955392 0.466858 0.952356 0.487097
0 0.986763 0.429414 0.976643 0.42486 0.97209 0.43245 0.981197 0.435486
0 0.209561 0.00589985 0.191346 0.00691184 0.196405 0.0210796 0.202983 0.0210796
0 0.445353 0.444088 0.432703 0.448136 0.436245 0.461292 0.444847 0.45775
0 0.549081 0.0949543 0.537949 0.104568 0.540479 0.114182 0.551105 0.108616
0 0.735286 0.266991 0.721624 0.269521 0.727696 0.280653 0.73731 0.279641
