2 0.600186 0.168323 0.593102 0.176419 0.601198 0.187045 0.605246 0.178949
2 0.594114 0.387923 0.5845 0.396525 0.593102 0.407151 0.60221 0.392983
2 0.61739 0.291279 0.602716 0.291279 0.607776 0.303929 0.615366 0.305446
2 0.474194 0.493675 0.464581 0.499241 0.471159 0.508349 0.480266 0.507843 0.482796 0.502277
2 0.500506 0.517963 0.490892 0.523023 0.498988 0.533648 0.50759 0.529094
2 0.549081 0.530612 0.544021 0.540732 0.550093 0.548828 0.556671 0.53972
2 0.603222 0.54225 0.595126 0.54731 0.60474 0.556924 0.609294 0.548322
2 0.654833 0.484567 0.645725 0.488109 0.650279 0.499241 0.659387 0.497723
2 0.923514 0.323156 0.912383 0.32771 0.916431 0.33783 0.924526 0.340866
2 0.70442 0.444594 0.697842 0.448642 0.70189 0.45775 0.708468 0.454208
2 0.900781 0.415234 0.901563 0.425977 0.909961 0.424609 0.909375 0.414453
2 0.774609 0.411914 0.774414 0.420898 0.782031 0.420898 0.782227 0.412109
2 0.746094 0.0447266 0.74043 0.0505859 0.745117 0.0537109 0.750391 0.0478516
2 0.475391 0.538477 0.475195 0.546289 0.484375 0.546094 0.484375 0.538086
