0 0.0648478 0.788668 0.0587759 0.808401 0.0704137 0.826617 0.0719317 0.841797 0.0678837 0.859001 0.0780036 0.875698 0.105833 0.877722 0.116965 0.845339 0.110893 0.823581 0.0987492 0.79221 0.0699077 0.780572
0 0.350733 0.706697 0.342637 0.726937 0.355793 0.738069 0.36996 0.713275 0.363382 0.704673
0 0.769693 0.771464 0.757549 0.796258 0.781837 0.808907 0.797017 0.799294 0.785885 0.776018
0 0.71707 0.0033699 0.718588 0.0286694 0.73731 0.0256335 0.738828 0.0124777 0.723142 0.0033699
0 0.788415 0.1157 0.786897 0.129868 0.797017 0.141505 0.805619 0.127844 0.795499 0.11823
0 0.756537 0.00640585 0.746924 0.0190556 0.763115 0.0311994 0.771717 0.0175376
0 0.171106 0.745153 0.163516 0.766404 0.172624 0.775006 0.179708 0.76185 0.179202 0.757296
0 0.00261091 0.730479 0.0162727 0.721371 0.0405602 0.711251 0.0699077 0.712769 0.102797 0.724913 0.108363 0.747177 0.0871114 0.76185 0.0678837 0.766404 0.0314524 0.772982 0.0238625 0.7745 0.00210492 0.757802
0 0.0739556 0.680892 0.0643418 0.691012 0.0704137 0.699107 0.0795215 0.697589
0 0.00109294 0.927309 0.0142487 0.921743 0.00969479 0.909094 0.0031169 0.906564 4.33681e-19 0.907733
0 0.541997 0.430426 0.531877 0.445606 0.543009 0.45016 0.546551 0.439534
0 0.839014 0.226006 0.81675 0.237644 0.834966 0.252823 0.840532 0.24321
0 0.994353 0.743635 0.981197 0.746165 0.982715 0.75932 0.994353 0.760838 0.995871 0.75679
