0 0.0704137 0.523023 0.101785 0.525553 0.112917 0.538708 0.121519 0.563502 0.135687 0.568562 0.156432 0.557936 0.171612 0.53213 0.16807 0.512903 0.141252 0.500253 0.128603 0.505313 0.110893 0.488615 0.0941953 0.492663 0.0643418 0.513409
0 0.15542 0.591837 0.141252 0.597403 0.148336 0.606511 0.161492 0.604487
0 0.125061 0.600439 0.122025 0.614607 0.129109 0.617643 0.138722 0.610053 0.136193 0.602463
0 0.177684 0.66217 0.167564 0.678362 0.177684 0.687976 0.196911 0.683422 0.200453 0.670772
0 0.237391 0.717829 0.236379 0.734021 0.242957 0.740599 0.25763 0.743635 0.259654 0.724407 0.244475 0.717829
0 0.292038 0.783102 0.281918 0.792716 0.282424 0.807389 0.302158 0.812449 0.308735 0.7998
0 0.00109294 0.839267 0.0157667 0.842303 0.05574 0.847869 0.0987492 0.834207 0.0850874 0.813967 0.0643418 0.815485 0.0319584 0.818015 0.0233565 0.813967 0.0233565 0.7998 0.0107068 0.786138 0.00159893 0.786138
0 0.0122247 0.930851 0.0213326 0.923261 0.0400542 0.932875 0.0491621 0.939959 0.0506801 0.958681 0.056246 0.972343 0.0785096 0.97639 0.0906533 0.954633 0.0749676 0.930345 0.0597879 0.91466 0.0375243 0.894926 0.0137427 0.892396 0.00514087 0.903528 8.09585e-05 0.923767
0 0.00564686 0.987016 0.0188026 0.97892 0.0289224 0.988028 0.0294284 0.995618 0.0233565 0.998047 0.00564686 0.998047 0.00109294 0.993088
0 0.0117187 0.754766 0 0.75672 0.00463488 0.768428 0.0117187 0.770452
0 0.166046 0.701637 0.15036 0.700119 0.148336 0.715299 0.16301 0.715299
0 0.124049 0.619667 0.109375 0.624727 0.110387 0.631811 0.126579 0.634341 0.129109 0.624221
0 0.144288 0.566032 0.131133 0.570586 0.139228 0.592849 0.14783 0.586777
0 0.217151 0.676844 0.207031 0.686964 0.198429 0.705685 0.18578 0.707203 0.176672 0.715805 0.170094 0.724913 0.179708 0.739587 0.200453 0.724913 0.214621 0.722889 0.227271 0.716311 0.230307 0.700119 0.225753 0.681398
0 0.1706 0.661158 0.19084 0.661158 0.201971 0.661664 0.204501 0.644966 0.207031 0.630293 0.192358 0.624727 0.177178 0.630799 0.163516 0.655086
0 0.308229 0.79221 0.316325 0.783608 0.339095 0.768428 0.331505 0.757296 0.306711 0.757296 0.301146 0.773994 0.29811 0.78462
0 0.313289 0.734527 0.300134 0.746165 0.313795 0.749707
0 0.0476441 0.977908 0.0299344 0.980944 0.0324644 0.992582 0.0471381 0.98904
0 0.121013 0.800812 0.110893 0.806884 0.113423 0.816497 0.121013 0.817509
