0 0.00438188 0.129362 0.0236095 0.134422 0.0342353 0.126832 0.0311994 0.11064 0.0306934 0.100014 0.0311994 0.0868584 0.0241155 0.0792685 0.0155137 0.0802805 0.00286391 0.0979902 0.000839945 0.10305 0.00286391 0.124302
0 0.0220916 0.000839945 0.0145017 0.0190556 0.0342353 0.0241155 0.0468851 0.0362593 0.0570049 0.0362593 0.0656068 0.0276575 0.0656068 0.0114658 0.0731966 0.0089358 0.0705159 0
0 0.0210796 0.0377773 0.0317054 0.050933 0.0403072 0.0570049 0.0473911 0.0499211 0.0398012 0.0372713 0.0337294 0.0306934
0 0.131386 0 0.13088 0.0145017 0.146565 0.0134897 0.147577 0.00387589 0.147093 4.33681e-19 0.147093 4.81482e-35
0 0.586271 0.0863524 0.584247 0.0995082 0.588295 0.11064 0.602969 0.109628 0.600945 0.0934363
0 0.579188 0.24068 0.568562 0.257377 0.570586 0.268509 0.571598 0.276605 0.583741 0.283689 0.601957 0.280147 0.615113 0.275593 0.622197 0.261931 0.611065 0.252317 0.600439 0.252317 0.594873 0.243716 0.598921 0.236632 0.601451 0.223476 0.586271 0.218922 0.58273 0.229548
0 0.629281 0.299375 0.616125 0.304435 0.612583 0.30747 0.615113 0.321638 0.642436 0.308988
0 0.358576 0.609547 0.356046 0.622703 0.365153 0.636871 0.374767 0.636871 0.385393 0.624727 0.386911 0.612583 0.366671 0.609547
0 0.382863 0.641424 0.365659 0.651544 0.364141 0.658628 0.372237 0.66723 0.388935 0.664194 0.395513 0.658628 0.393995 0.670266 0.395007 0.676844 0.407657 0.673808 0.407657 0.661664 0.407151 0.65205 0.402597 0.645472 0.397031 0.638389 0.390959 0.636365
0 0.458256 0.660146 0.482543 0.661158 0.502277 0.650532 0.512903 0.643954 0.527577 0.64193 0.543768 0.628269 0.557936 0.623209 0.56755 0.596897 0.561478 0.589307 0.557936 0.579188 0.563502 0.564008 0.561984 0.541744 0.552876 0.541744 0.546298 0.533142 0.53972 0.530612 0.5296 0.536684 0.524035 0.533142 0.507843 0.5296 0.507337 0.535166 0.505313 0.549334 0.528082 0.560466 0.530612 0.57261 0.522011 0.583236 0.535166 0.601451 0.520999 0.603475 0.502783 0.604993 0.498735 0.614101 0.486591 0.618149 0.479001 0.629787 0.479001 0.641424 0.45269 0.643448
0 0.432956 0.542756 0.41727 0.562996 0.418282 0.571598 0.429414 0.576658 0.440546 0.566032 0.4451 0.550346
0 0.536178 0.490639 0.534154 0.506325 0.543768 0.512397 0.553382 0.511891 0.553382 0.494687 0.545286 0.485579
0 0.533648 0.417776 0.552876 0.413223 0.555406 0.4198 0.5549 0.428402 0.540732 0.428908 0.531624 0.428908
0 0.589307 0.365659 0.595885 0.375273 0.606511 0.386911 0.602969 0.399561 0.600945 0.410693 0.604487 0.422836 0.609547 0.425872 0.619161 0.410187 0.619161 0.393995 0.621691 0.387923 0.625233 0.368695 0.604993 0.355034 0.596391 0.359588
0 0.00286391 0.514927 0.0104538 0.524541 0.0220916 0.526565 0.0296814 0.528588 0.0291754 0.53719 0.0195616 0.54225 0.0190556 0.546804 0 0.552381 0 0.516951
0 0.566538 0.0190556 0.55743 0.0225976 0.56249 0.0327174 0.57008 0.0291754 0.575646 0.0236095
