2 0.471788 0.22819 0.462023 0.242296 0.477214 0.252062 0.485894 0.235786
2 0.0258247 0.0437283 0.016059 0.0589193 0.0301649 0.0643446 0.0377604 0.0480686
2 0.0117188 0.100152 0.0171441 0.0827908 0.0334201 0.0936415 0.0247396 0.105577
2 0.0334201 0.0610894 0.0247396 0.0751953 0.0377604 0.0827908 0.046441 0.070855
2 0.0735677 0.719727 0.0638021 0.731662 0.0768229 0.743598 0.0865885 0.729492
2 0.047526 0.481011 0.0399306 0.495117 0.0562066 0.504883 0.0648872 0.482096
2 0.252905 0.526676 0.253739 0.529389 0.256243 0.529597 0.257078 0.527302 0.256035 0.525841
2 0.375217 0.252062 0.369792 0.271593 0.353516 0.261827 0.363281 0.250977
2 0.941623 0.376845 0.938368 0.390951 0.948134 0.400716 0.96441 0.389865 0.955729 0.373589
2 0.905816 0.432183 0.915582 0.414822 0.903646 0.406141 0.89171 0.414822 0.89171 0.428928
2 0.923177 0.392036 0.915582 0.403971 0.923177 0.414822 0.935113 0.407227
2 0.81467 0.106662 0.797309 0.101237 0.799479 0.121853 0.815755 0.117513
2 0.664931 0.241211 0.65625 0.246636 0.657335 0.258572 0.670356 0.262912 0.676866 0.248806
2 0.532552 0.06977 0.524957 0.0838759 0.544488 0.0871311 0.546658 0.0719401
2 0.982856 0.154405 0.981771 0.167426 0.998047 0.172852 0.998047 0.15332
2 0.543403 0.202148 0.539062 0.211914 0.552083 0.21951 0.560764 0.206489
2 0.647569 0.508138 0.645399 0.523329 0.66059 0.535265 0.668186 0.522244 0.661675 0.508138
2 0.18099 0.76747 0.18316 0.779405 0.203776 0.782661 0.207031 0.76747
2 0.192925 0.709961 0.195095 0.728407 0.205946 0.728407 0.212457 0.713216 0.204861 0.702365
2 0.634549 0.808702 0.641059 0.841254 0.655165 0.841254 0.65842 0.808702
2 0.554253 0.801107 0.547743 0.815213 0.560764 0.824978 0.573785 0.819553 0.57053 0.798937
2 0.394748 0.712131 0.394748 0.727322 0.409939 0.734918 0.41428 0.716471 0.408854 0.705621
2 0.738715 0.84451 0.736545 0.860786 0.752821 0.867296 0.753906 0.84451
2 0.254774 0.408312 0.245009 0.419162 0.248264 0.433268 0.26454 0.433268 0.26671 0.421332
2 0.355686 0.45714 0.34375 0.470161 0.352431 0.482096 0.361111 0.478841 0.369792 0.466905
2 0.445747 0.556966 0.433811 0.569987 0.440321 0.584093 0.458767 0.579753 0.455512 0.565647
2 0.400174 0.566732 0.389323 0.578668 0.402344 0.587348 0.413194 0.579753 0.413194 0.569987
2 0.453342 0.410482 0.447917 0.419162 0.458767 0.433268 0.468533 0.416992 0.466363 0.407227
2 0.473958 0.484266 0.473958 0.498372 0.486979 0.501628 0.492405 0.489692
2 0.447917 0.525499 0.450087 0.54069 0.470703 0.541775 0.467448 0.528754
2 0.460938 0.510308 0.458767 0.524414 0.483724 0.527669 0.481554 0.511393
2 0.457682 0.541775 0.458767 0.564562 0.476128 0.563477 0.476128 0.539605
2 0.41428 0.526584 0.412109 0.54069 0.428385 0.543945 0.432726 0.528754
2 0.220052 0.53418 0.220052 0.552626 0.242839 0.552626 0.239583 0.535265
2 0.730035 0.777235 0.727865 0.790256 0.74197 0.798937 0.764757 0.789171 0.754991 0.775065
2 0.743056 0.796766 0.753906 0.819553 0.765842 0.811957 0.759332 0.794596
2 0.834201 0.803277 0.833116 0.818468 0.852648 0.822808 0.853733 0.805447
2 0.830946 0.896593 0.830946 0.910699 0.852648 0.916124 0.850477 0.896593
2 0.0713976 0.963867 0.0703125 0.974718 0.0920139 0.977973 0.0920139 0.957357
2 0.250434 0.515734 0.245009 0.53201 0.263455 0.54069 0.265625 0.521159
2 0.223307 0.640516 0.220052 0.654622 0.233073 0.664388 0.242839 0.654622 0.236328 0.640516
2 0.2602 0.677409 0.254774 0.693685 0.279731 0.69694 0.281901 0.679579
2 0.405599 0.805447 0.405599 0.822808 0.42513 0.822808 0.42079 0.807617
2 0.50434 0.722982 0.49783 0.737088 0.517361 0.740343 0.521701 0.727322
2 0.460938 0.616645 0.460938 0.631836 0.479384 0.631836 0.480469 0.62207
2 0.520616 0.641602 0.518446 0.660048 0.534722 0.660048 0.535807 0.641602
2 0.138672 0.705621 0.135417 0.720812 0.160373 0.721897 0.159288 0.704536
2 0.127821 0.746853 0.126736 0.760959 0.145182 0.763129 0.143012 0.749023
2 0.162543 0.725152 0.162543 0.741428 0.176649 0.743598 0.176649 0.727322
2 0.0855035 0.765299 0.0865885 0.78049 0.0996094 0.781576 0.100694 0.768555
2 0.160373 0.819553 0.158203 0.836914 0.179905 0.837999 0.179905 0.824978
2 0.210286 0.827148 0.210286 0.842339 0.223307 0.843424 0.224392 0.828234
2 0.96875 0.742513 0.969835 0.757704 0.985026 0.758789 0.980686 0.744683
2 0.934028 0.751194 0.932943 0.766385 0.949219 0.76964 0.950304 0.754449
2 0.931858 0.418077 0.921007 0.425673 0.925347 0.439779 0.938368 0.436523 0.940538 0.425673
2 0.878689 0.46148 0.876519 0.479926 0.89171 0.478841 0.89171 0.462565
2 0.369792 0.505968 0.368707 0.520074 0.382812 0.524414 0.386068 0.516819
2 0.169054 0.552626 0.165799 0.567817 0.18316 0.573242 0.182075 0.555881
2 0.201606 0.500543 0.196181 0.513563 0.212457 0.518989 0.216797 0.501628
2 0.204861 0.559136 0.204861 0.578668 0.221137 0.578668 0.221137 0.561306
2 0.26237 0.695855 0.261285 0.715386 0.276476 0.718641 0.277561 0.700195
2 0.317708 0.70128 0.322049 0.718641 0.33941 0.718641 0.33724 0.700195
2 0.912326 0.224935 0.911241 0.242296 0.932943 0.249891 0.928602 0.229275
2 0.941623 0.245551 0.936198 0.263997 0.954644 0.262912 0.955729 0.244466
2 0.849392 0.364909 0.847222 0.385525 0.866753 0.385525 0.866753 0.369249
2 0.41428 0.343207 0.409939 0.356228 0.42513 0.361654 0.42947 0.350803
