0 0.720359 0.000839945 0.727443 0.00792382 0.743635 0.0119717 0.757296 0 0.724587 0
0 0.705179 0.0145017 0.712769 0.0337294 0.725419 0.0231035 0.720359 0.0124777
0 0.471918 0.125314 0.452184 0.146059 0.449654 0.170347 0.454714 0.193116 0.465846 0.198682 0.466858 0.214874 0.458762 0.234102 0.466858 0.251811 0.483049 0.257377 0.473435 0.274581 0.505819 0.285713 0.519481 0.288243 0.536178 0.271545 0.510879 0.261425 0.502277 0.239668 0.492663 0.236632 0.497217 0.206778 0.502277 0.19514 0.496711 0.174901 0.492663 0.156685 0.492157 0.145047 0.500253 0.13341 0.494181 0.12076
0 0.522517 0.289761 0.538708 0.316578 0.548828 0.331252 0.557936 0.348962 0.57261 0.35554 0.586271 0.373755 0.601957 0.369201 0.609041 0.35807 0.58273 0.338842 0.571092 0.319108 0.561478 0.302411 0.546804 0.282677 0.533648 0.281159
0 0.581212 0.433968 0.588295 0.447124 0.587283 0.454714 0.614607 0.46028 0.640412 0.46028 0.667736 0.449654 0.673808 0.43245 0.65458 0.398549 0.645978 0.388429 0.631811 0.404115 0.622197 0.415753 0.584753 0.423342
0 0.724407 0.379321 0.740599 0.392983 0.747683 0.409681 0.75932 0.421824 0.768934 0.415247 0.7745 0.431944 0.787656 0.432956 0.804354 0.416259 0.798029 0.397537 0.779054 0.402597 0.76944 0.406139 0.768934 0.393489 0.753248 0.390959 0.746671 0.391971 0.75173 0.383875 0.744141 0.373249 0.738069 0.367683
0 0.713781 0.276605 0.719853 0.293809 0.731491 0.301905 0.740599 0.31 0.753754 0.30494 0.759826 0.291785 0.745659 0.284195 0.735539 0.279641 0.724407 0.270533 0.720865 0.274581
0 0.963741 0.376791 0.949573 0.385393 0.952609 0.391465 0.965765 0.392983 0.974872 0.385393 0.963235 0.371731
0 0.872156 0.478495 0.876204 0.488615 0.886324 0.513915 0.89948 0.527577 0.90707 0.545792 0.925285 0.553382 0.961211 0.55237 0.960199 0.564514 0.970319 0.578682 0.990558 0.578176 0.998047 0.565538 0.991064 0.556418 0.979932 0.556418 0.969307 0.558442 0.967789 0.543768 0.947043 0.53466 0.929839 0.533648 0.921743 0.524541 0.908588 0.508855 0.894926 0.483555 0.889866 0.4704 0.88683 0.4704 0.875698 0.475965
0 0.843821 0.052957 0.840279 0.0676307 0.839773 0.0817985 0.853941 0.0823045 0.864566 0.0701607 0.872662 0.0625708 0.882782 0.0661128 0.885818 0.0731966 0.896444 0.0696547 0.899986 0.0504271 0.88683 0.0428372 0.875698 0.0418252 0.860519 0.0448612 0.848881 0.0489091
0 0.643701 0.191093 0.633076 0.206778 0.646231 0.217404 0.655339 0.202224
0 0.812196 0.0914123 0.802583 0.0979902 0.815232 0.108616 0.822822 0.0979902
0 0.81928 0.436498 0.825858 0.46534 0.849134 0.470906 0.86229 0.458762 0.8547 0.441558 0.833954 0.431944
0 0.871903 0.202224 0.858748 0.218416 0.870385 0.22803 0.877469 0.211332
0 0.941224 0.392477 0.970066 0.401079 0.958934 0.426884 0.94679 0.420812 0.937176 0.404621 0.936164 0.396019
0 0.970066 0.44763 0.957416 0.45775 0.963994 0.463316 0.973608 0.461798
0 0.985751 0.530106 0.979173 0.536684 0.983221 0.54731 0.992329 0.551864 0.998047 0.54567 0.993341 0.53213
0 0.755525 0.30494 0.742876 0.31253 0.752995 0.321638 0.762103 0.31253
0 0.670013 0.356552 0.657869 0.365659 0.663435 0.378309 0.670013 0.365153
