2 0.571345 0.54225 0.560213 0.55237 0.578429 0.561478 0.593608 0.552876
2 0.15036 0.382863 0.141758 0.401079 0.161998 0.406645 0.168576 0.394501
2 0.39526 0.484061 0.391212 0.509361 0.408922 0.509361 0.406898 0.489121
2 0.361358 0.481531 0.347191 0.494687 0.359841 0.508349 0.370972 0.497723
2 0.0936893 0.0711727 0.0957132 0.0924243 0.105833 0.0904003 0.104821 0.0772446
2 0.166046 0.0033699 0.154914 0.0180436 0.16301 0.0220916 0.172118 0.0165257
2 0.554141 0.148083 0.550599 0.161745 0.566791 0.169841 0.567803 0.158203
2 0.685193 0.171865 0.687723 0.192611 0.697336 0.186033 0.698854 0.173889
2 0.658881 0.313036 0.647243 0.327204 0.665459 0.331252 0.672543 0.321132
2 0.70695 0.43498 0.707456 0.453702 0.723142 0.46534 0.725672 0.448642
2 0.994353 0.624221 0.983727 0.627763 0.994353 0.640918 0.998047 0.639441
2 0.876457 0.884806 0.863807 0.898974 0.875445 0.903528 0.885059 0.905552
2 0.345167 0.933887 0.340613 0.950585 0.356299 0.958681 0.359335 0.949067
2 0.186792 0.930851 0.182744 0.939959 0.191852 0.947043 0.199947 0.945525 0.197417 0.938947
2 0.332011 0.469388 0.332011 0.490639 0.341119 0.487097 0.344155 0.475459
2 0.806631 0.104062 0.802583 0.119242 0.819786 0.122784 0.821304 0.11064
2 0.966524 0.0104538 0.954886 0.0180436 0.9645 0.0327174 0.97209 0.0215856
2 0.711504 0.00286391 0.699866 0.00286391 0.698854 0.0155137 0.713528 0.0180436
2 0.935658 0.661158 0.933634 0.673808 0.94426 0.676338 0.948308 0.666218
2 0.833954 0.638389 0.83193 0.651038 0.846098 0.655592 0.850146 0.64699
2 0.478529 0.809077 0.478789 0.816359 0.48503 0.816099 0.48451 0.808037
2 0.793733 0.505056 0.793213 0.513378 0.800755 0.513118 0.798935 0.504796
2 0.0252431 0.780498 0.0245405 0.788578 0.0322687 0.787524 0.0319174 0.78085
