0 0.0398012 0.88683 0.0382833 0.90201 0.051439 0.905552 0.0630768 0.904034 0.0615589 0.891384 0.055487 0.884806 0.0489091 0.885312
0 0.0433432 0.932369 0.0342353 0.952609 0.0367653 0.963235 0.0458731 0.969813 0.054475 0.952103 0.0590289 0.940971 0.052451 0.933381
0 0.143023 0.911118 0.13594 0.924273 0.131892 0.935911 0.131892 0.953621 0.125314 0.962223 0.109628 0.973355 0.106592 0.984486 0.10305 0.996124 0.11184 0.998047 0.127338 0.986004 0.138975 0.979426 0.153649 0.977908 0.159721 0.959693 0.156179 0.945525 0.166805 0.933887 0.173383 0.915166 0.166299 0.911118 0.154155 0.9096 0.150613 0.9096
0 0.66723 0.381345 0.658628 0.395007 0.652556 0.399561 0.652556 0.41727 0.656604 0.431438 0.667736 0.42486 0.67229 0.413729 0.684434 0.404115 0.685446 0.389441 0.680386 0.379321
0 0.168829 0.00539386 0.172371 0.0241155 0.176419 0.0337294 0.186033 0.0403072 0.201212 0.0398012 0.2002 0.0271515 0.195646 0.0200676 0.191093 0.0089358 0.188057 0.00235792
0 0.214874 0.190081 0.213356 0.221452 0.214874 0.230054 0.220946 0.23309 0.223476 0.221958 0.226512 0.207284 0.230054 0.194634 0.229042 0.188057
0 0.244222 0.184009 0.24827 0.196152 0.262437 0.206778 0.275087 0.200706 0.273063 0.192611 0.265979 0.184009 0.255859 0.182491
0 0.338842 0.247258 0.35301 0.24827 0.367683 0.254341 0.378815 0.251305 0.371225 0.231572 0.356552 0.227018 0.340866 0.23056 0.334288 0.241692
0 0.390959 0.253835 0.420306 0.291279 0.432956 0.296845 0.443076 0.282677 0.447124 0.261425 0.443076 0.253329 0.438522 0.248776 0.431438 0.258389 0.424354 0.269521 0.416259 0.258895 0.410693 0.249787 0.401585 0.244222
0 0.454208 0.284195 0.46028 0.306964 0.472423 0.311012 0.476471 0.302917 0.472929 0.285207 0.464328 0.271039 0.459268 0.276605
0 0.569068 0.148589 0.560466 0.165793 0.565526 0.182997 0.574634 0.192105 0.586777 0.187551 0.582224 0.168829 0.587789 0.157697 0.583741 0.148589 0.574634 0.143529
0 0.575646 0.275087 0.597403 0.271545 0.613089 0.269521 0.618149 0.274581 0.623715 0.283689 0.618655 0.291785 0.611065 0.289761 0.605499 0.284701 0.597403 0.285713 0.578682 0.291279 0.573622 0.285207
