2 0.735286 0.299375 0.722636 0.302917 0.729214 0.321132 0.73731 0.328216 0.7449 0.314048
2 0.793475 0.220946 0.777789 0.223982 0.791957 0.236126
2 0.706444 0.271039 0.690759 0.276099 0.694301 0.289255 0.702902 0.284701
2 0.81675 0.229042 0.811184 0.239162 0.818268 0.246246 0.82181 0.235114
2 0.863301 0.285207 0.8547 0.290267 0.860266 0.298363 0.865831 0.294821
2 0.903781 0.476977 0.894673 0.475459 0.895179 0.495193 0.904793 0.495699
2 0.646737 0.302411 0.653315 0.303423 0.650785 0.316072 0.644207 0.313036 0.642689 0.307976
2 0.534407 0.415247 0.523782 0.417776 0.526818 0.428402 0.534913 0.428908
2 0.49241 0.568056 0.484314 0.56502 0.476724 0.57767 0.485326 0.584753 0.493422 0.573116
2 0.779813 0.661664 0.766657 0.659134 0.766151 0.670266 0.774247 0.674314
2 0.777283 0.830159 0.765645 0.838255 0.772729 0.848881 0.779813 0.847869
2 0.910865 0.940971 0.896697 0.944513 0.895179 0.960199 0.903275 0.970825 0.911371 0.963741
2 0.932622 0.968295 0.920478 0.973355 0.92149 0.98904 0.930598 0.991064
2 0.877469 0.966271 0.862795 0.961211 0.855712 0.960199 0.859254 0.972849 0.877469 0.982462
2 0.818268 0.996124 0.823834 0.977402 0.831424 0.979932 0.833954 0.997136 0.833043 0.998047
2 0.792463 0.968801 0.784873 0.958175 0.785885 0.951091 0.791957 0.948055 0.796511 0.959187
2 0.781837 0.997642 0.793981 0.997642 0.794993 0.987522 0.780825 0.991064
2 0.742876 0.965259 0.756537 0.965259 0.753501 0.954127
2 0.762103 0.997642 0.773741 0.998047 0.772223 0.991064 0.764127 0.989546
2 0.716058 0.923767 0.730226 0.920731 0.721118 0.906564 0.715552 0.905046 0.713528 0.918202
2 0.663941 0.78462 0.649773 0.78715 0.654833 0.795246 0.664447 0.801824 0.665459 0.793222
2 0.29811 0.747683 0.284954 0.745659 0.28546 0.755272 0.297604 0.757802
2 0.395766 0.842303 0.381598 0.840279 0.379068 0.856977 0.388176 0.872156 0.411958 0.872662 0.419547 0.86659 0.403862 0.857483 0.399308 0.852929
2 0.41297 0.821051 0.401838 0.824593 0.406392 0.838761 0.413476 0.837749
2 0.38767 0.883794 0.38767 0.899986 0.397284 0.89948 0.399814 0.8843
2 0.393236 0.908082 0.38514 0.915166 0.394248 0.924273 0.409934 0.929333 0.420053 0.922755 0.413476 0.914154
2 0.319867 0.849893 0.307723 0.852929 0.307723 0.867096 0.319361 0.86406
2 0.366924 0.841291 0.354781 0.841291 0.357817 0.854447 0.371984 0.853941
2 0.370466 0.805872 0.357311 0.812449 0.362876 0.820545 0.368948 0.819027
2 0.309241 0.955139 0.316831 0.954127 0.322903 0.929839 0.317337 0.928321 0.306205 0.937429
2 0.346179 0.939959 0.327457 0.942489 0.335047 0.958681 0.340613 0.958681
2 0.340613 0.905046 0.331505 0.906058 0.327457 0.910106 0.327457 0.918707 0.339095 0.916684 0.339601 0.91213
2 0.352251 0.883288 0.345167 0.881264 0.339095 0.89189 0.351239 0.895938
2 0.36996 0.913142 0.358323 0.912636 0.36237 0.929839 0.368442 0.930345
2 0.383622 0.924779 0.369454 0.922755 0.36996 0.933381 0.377044 0.934393
2 0.381092 0.889866 0.366924 0.89189 0.372996 0.902516 0.37755 0.900998
2 0.574887 0.980944 0.559707 0.98398 0.563755 0.993594 0.574381 0.993594 0.575393 0.98651
2 0.706444 0.874686 0.69683 0.874686 0.705938 0.886324
2 0.769693 0.900998 0.757043 0.903022 0.762609 0.912636 0.772223 0.913142
2 0.991317 0.884806 0.998047 0.882431 0.998047 0.895938 0.991317 0.895938 0.987269 0.891384
2 0.992835 0.735539 0.982209 0.740599 0.986257 0.750719 0.994859 0.747177
