0 0.34036 0.743635 0.354022 0.756284 0.355034 0.770452 0.339854 0.769946 0.326192 0.760838 0.330746 0.750213
0 0.386911 0.752236 0.386911 0.76691 0.393489 0.77703 0.404115 0.771464 0.408669 0.762356 0.420306 0.768428 0.430932 0.781584 0.446112 0.788162 0.46534 0.802836 0.467364 0.808401 0.476977 0.818521 0.485073 0.800812 0.472929 0.777536 0.460786 0.76438 0.44257 0.755778 0.412717 0.741105 0.395513 0.738575 0.388935 0.744647
0 0.255606 0.797776 0.250799 0.822063 0.250799 0.836231 0.258389 0.853941 0.24574 0.86659 0.24321 0.888348 0.261931 0.895432 0.262437 0.911624 0.278123 0.932875 0.315566 0.953621 0.333276 0.952103 0.364647 0.959187 0.369201 0.950585 0.414741 0.961717 0.423342 0.950585 0.431944 0.932369 0.437004 0.921237 0.428908 0.908588 0.422077 0.890878 0.378056 0.89948 0.339095 0.90201 0.320373 0.89695 0.289761 0.882782 0.284701 0.870638 0.282677 0.848881 0.283183 0.838255 0.290014 0.816497 0.280906 0.796764
0 0.481531 0.831677 0.46787 0.843821 0.464834 0.865072 0.470906 0.879746 0.475459 0.892902 0.4704 0.903022 0.459268 0.916178 0.442317 0.909094 0.429667 0.91213 0.433715 0.928321 0.477989 0.953115 0.497723 0.956151 0.521505 0.961211 0.525047 0.943501 0.536684 0.923261 0.528588 0.903528 0.511891 0.88936 0.494687 0.873674 0.508855 0.853941 0.510879 0.834207 0.499747 0.828135 0.489627 0.823581
0 0.300134 0.802836 0.288496 0.805872 0.29305 0.817003 0.303676 0.814979
0 0.311265 0.819533 0.29558 0.817509 0.305699 0.830159
0 0.321385 0.855459 0.312783 0.852929 0.311265 0.857483 0.312783 0.863554
0 0.36996 0.88683 0.357817 0.888854 0.366924 0.903528
0 0.431185 0.795752 0.418029 0.798282 0.424607 0.814473
0 0.464075 0.803848 0.452943 0.802836 0.462051 0.814473
0 0.452437 0.890372 0.439787 0.890878 0.448389 0.906564 0.456991 0.90707
