0 0.473435 0.250799 0.461798 0.259401 0.463316 0.271545 0.474953 0.277111 0.485579 0.261425 0.483049 0.255353
0 0.00438188 0.0160197 0.0155137 0.0362593 0.0200676 0.050933 0.0327174 0.0499211 0.0468851 0.0398012 0.0564989 0.0256335 0.0610529 0.0089358 0.0605469 0.00589985 0.051945 0.00185193 0.0377773 0.00539386 0.0337294 0.00792382 0.0286694 0.0124777 0.0256335 0.0104538 0.0185496 0.00488787 0.00134594 0.00488787
0 0.194634 0.474447 0.204248 0.494687 0.211838 0.502783 0.232584 0.491145 0.239668 0.482037 0.258389 0.479001 0.270027 0.469894 0.288749 0.456232 0.305952 0.441052 0.319108 0.433462 0.3353 0.429414 0.344408 0.425872 0.35301 0.42233 0.362117 0.408669 0.370719 0.397031 0.366671 0.386405 0.35048 0.387417 0.33783 0.397031 0.324674 0.406139 0.315566 0.412211 0.308988 0.411199 0.299375 0.407151 0.284701 0.410693 0.278123 0.4198 0.263955 0.429414 0.250293 0.43245 0.224994 0.44004 0.211332 0.455726 0.206272 0.462304 0.200706 0.469894
0 0.188563 0.517963 0.185021 0.536178 0.187551 0.551358 0.194634 0.560972 0.21538 0.54984 0.229548 0.540226 0.223982 0.525047 0.209308 0.518975 0.200706 0.516951 0.194128 0.518975
0 0.371731 0.422836 0.364141 0.43498 0.361105 0.457244 0.368189 0.470906 0.372743 0.479001 0.377803 0.479507 0.389947 0.472423 0.392477 0.458256 0.386911 0.44763 0.386911 0.43498 0.385899 0.424354 0.380333 0.414235
0 0.34289 0.456232 0.324927 0.461292 0.317843 0.464834 0.323915 0.485579 0.335553 0.482543 0.340613 0.471918 0.356299 0.475965 0.356552 0.464328 0.351492 0.45522
0 0.428149 0.487603 0.420812 0.504301 0.410187 0.513915 0.413729 0.527071 0.432956 0.527071 0.444088 0.512397 0.444594 0.498735 0.447377 0.492663
0 0.563755 0.512397 0.552117 0.520999 0.565779 0.5296 0.572863 0.520999
0 0.468123 0.476471 0.453955 0.472929 0.452437 0.480519 0.465087 0.488615 0.47723 0.487097
0 0.473182 0.489627 0.465593 0.499241 0.478748 0.503795 0.480266 0.495699
0 0.454967 0.498735 0.448389 0.505819 0.464075 0.511891 0.463569 0.502783
0 0.277364 0.0317054 0.268256 0.0433432 0.275846 0.050933 0.28546 0.0473911
0 0.264208 0.479001 0.265726 0.490133 0.27534 0.498229 0.28799 0.500759 0.311771 0.494181 0.314301 0.505313 0.302664 0.514927 0.29305 0.521505 0.27787 0.528588 0.263196 0.535166 0.251052 0.535672 0.241439 0.533648 0.234861 0.5296 0.226765 0.525047 0.219681 0.516951 0.215633 0.504301 0.224741 0.495699 0.236885 0.489121 0.25004 0.482037
0 0.365406 0.418282 0.37502 0.414741 0.378056 0.402597 0.370466 0.397031 0.361358 0.403103
0 0.391212 0.395513 0.386152 0.401585 0.389188 0.409681 0.396272 0.410187
0 0.406392 0.396019 0.425113 0.404115 0.421571 0.390959 0.412464 0.388429
0 0.491904 0.351492 0.484314 0.35554 0.485832 0.367683 0.501012 0.362623 0.50253 0.357058
0 0.476218 0.347444 0.466605 0.357058 0.473182 0.368695 0.480266 0.368189 0.480266 0.354528
