2 0.383789 0.670898 0.383789 0.676758 0.385742 0.676758 0.389648 0.676758 0.393555 0.672852 0.391602 0.670898 0.389648 0.668945 0.385742 0.668945
2 0.491406 0.405078 0.491992 0.416016 0.504883 0.41582 0.504102 0.403516
2 0.489063 0.419727 0.491797 0.433594 0.507227 0.431055 0.504102 0.418359
2 0.0929688 0.479492 0.0931641 0.490625 0.105273 0.489844 0.103906 0.478516
2 0.125586 0.554297 0.125586 0.570703 0.141992 0.570117 0.139844 0.553711
2 0.06875 0.59043 0.0671875 0.601562 0.0796875 0.601172 0.0804688 0.589453
2 0.595381 0.932564 0.594093 0.944154 0.608474 0.945012 0.609547 0.932993
2 0.614698 0.840702 0.613625 0.848429 0.622424 0.849931 0.624571 0.841561
2 0.658482 0.881267 0.657624 0.893501 0.668784 0.893072 0.664921 0.886204
2 0.776957 0.987079 0.776528 0.99545 0.78726 0.994806 0.78683 0.987294
2 0.935473 0.877171 0.935697 0.887486 0.949151 0.888158 0.948927 0.875601
2 0.927624 0.832771 0.927849 0.842414 0.938836 0.842414 0.93794 0.832771
2 0.288991 0.0954722 0.288542 0.109823 0.303118 0.109599 0.304015 0.0970418
2 0.115625 0.346484 0.115625 0.355273 0.124805 0.354687 0.124805 0.345898
2 0.10293 0.326562 0.102539 0.336328 0.114648 0.336719 0.114258 0.325586
2 0.36875 0.812109 0.368945 0.821094 0.379102 0.820508 0.378711 0.811719
