0 0.683928 0.0615589 0.681398 0.0802805 0.698095 0.0802805 0.706697 0.0681367 0.698095 0.0570049
0 0.753248 0.111146 0.742117 0.124302 0.752236 0.13341 0.762356 0.127844 0.779054 0.134928 0.78209 0.1157 0.765392 0.109628
0 0.968801 0.359082 0.959693 0.370213 0.962223 0.380839 0.975884 0.374767 0.979426 0.363129
0 0.89695 0.451678 0.881264 0.464328 0.892902 0.477989 0.906058 0.469388 0.907576 0.461798
0 0.981956 0.488615 0.968295 0.491145 0.97639 0.514927 0.989546 0.504301
0 0.98904 0.522517 0.98904 0.53466 0.998047 0.540963 0.998047 0.519481
0 0.685193 0.0372713 0.669507 0.0392953 0.676085 0.055487 0.684181 0.0620648 0.690253 0.053463
0 0.686711 0.00488787 0.676591 0.00792382 0.683169 0.0195616 0.690759 0.0175376
0 0.825352 0.12835 0.816244 0.131892 0.813208 0.141505 0.827882 0.137963
0 0.814726 0.163769 0.811184 0.149095 0.804607 0.149601 0.801065 0.160733 0.811184 0.179961 0.813714 0.172371
0 0.890625 0.347444 0.884047 0.34289 0.877469 0.352504 0.881011 0.358576 0.889107 0.35301
0 0.936164 0.453702 0.932116 0.450666 0.92402 0.457244 0.92908 0.468376 0.940718 0.464328
