2 0.0795215 0.0615589 0.0638358 0.0661128 0.0709197 0.0807865 0.0810395 0.0747146
2 0.0268985 0.0828105 0.0152607 0.0726907 0.00463488 0.0812925 0.0238625 0.0969782
2 0.0243685 0.125314 0.0147547 0.132904 0.0172847 0.139987 0.0258865 0.142517
2 0.0218386 0.153143 0.0162727 0.147071 0.00514087 0.150613 0.0182966 0.169841 0.0213326 0.168829
2 0.0471381 0.157697 0.0390423 0.165287 0.0375243 0.188563 0.0425842 0.192611 0.0486561 0.184515 0.052198 0.170347
2 0.0157667 0.176419 0.00109294 0.176419 0.0031169 0.184515 0.0142487 0.185527
2 0.113423 0.140493 0.0866054 0.140493 0.0825575 0.149601 0.0891354 0.157697 0.105327 0.160733 0.124555 0.150107 0.124555 0.136952
2 0.133663 0.124302 0.117471 0.123796 0.120001 0.134422 0.132145 0.137457
2 0.1453 0.139481 0.135687 0.139987 0.139734 0.148589 0.149854 0.151625
2 0.328469 0.20526 0.317337 0.199188 0.305193 0.199694 0.309747 0.209308 0.317843 0.214368
2 0.360347 0.213862 0.351239 0.221452 0.361358 0.23056 0.366924 0.222464
2 0.267244 0.229548 0.251052 0.241186 0.254088 0.253329 0.26775 0.251811 0.266232 0.23562
2 0.211585 0.392983 0.202477 0.381851 0.194381 0.386911 0.206525 0.400573
2 0.0238625 0.450666 0.0107068 0.45522 0.0142487 0.465846 0.0233565 0.461292
2 0.309747 0.440546 0.297098 0.436498 0.294062 0.448136 0.309241 0.450666
2 0.288496 0.448642 0.27534 0.448642 0.276352 0.463316 0.274834 0.475965 0.286978 0.469388 0.289508 0.453702
2 0.533372 0.533948 0.520023 0.533948 0.521428 0.545189 0.531967 0.543081
2 0.579741 0.552917 0.567797 0.552214 0.567095 0.564158 0.578336 0.564158
