2 0.129991 0.255317 0.132161 0.281359 0.157118 0.281359 0.154948 0.255317
2 0.111545 0.0252821 0.111545 0.0480686 0.127821 0.0480686 0.127821 0.0317925
2 0.638889 0.157661 0.636719 0.179362 0.655165 0.178277 0.65625 0.160916
2 0.134332 0.703451 0.138672 0.725152 0.186415 0.730577 0.177734 0.698025
2 0.167969 0.736003 0.164714 0.757704 0.188585 0.764214 0.19184 0.738173
2 0.202691 0.877062 0.207031 0.895508 0.225477 0.898763 0.223307 0.880317
2 0.237413 0.829319 0.240668 0.84885 0.25803 0.845595 0.256944 0.829319
2 0.253689 0.883572 0.252604 0.906359 0.272135 0.906359 0.27322 0.886827
2 0.276476 0.686089 0.278646 0.706706 0.300347 0.706706 0.296007 0.687174
2 0.282986 0.639431 0.282986 0.657878 0.299262 0.660048 0.297092 0.636176
2 0.297092 0.733832 0.297092 0.759874 0.328559 0.755534 0.326389 0.732747
2 0.0583767 0.893338 0.0583767 0.918294 0.077908 0.921549 0.077908 0.892253
2 0.73329 0.782661 0.732205 0.804362 0.750651 0.806532 0.756076 0.789171
2 0.837457 0.728407 0.842882 0.755534 0.860243 0.744683 0.860243 0.725152
2 0.719184 0.919379 0.723524 0.93674 0.744141 0.93674 0.7398 0.915039
2 0.81901 0.888997 0.820095 0.907444 0.835286 0.906359 0.835286 0.885742
2 0.972005 0.958442 0.967665 0.974718 0.981771 0.983398 0.987196 0.962782
2 0.0562066 0.693685 0.0594618 0.717556 0.0768229 0.714301 0.0757378 0.69477
2 0.288411 0.0328776 0.285156 0.0502387 0.302517 0.0524089 0.304688 0.0350477
