0 0.0987492 0.253329 0.0800275 0.251811 0.0866054 0.277111 0.105833 0.286219 0.118989 0.272557 0.110893 0.262437
0 0.313289 0.611571 0.340613 0.609547 0.364394 0.607017 0.372996 0.626245 0.39273 0.628269 0.385646 0.64699 0.407404 0.651544 0.437257 0.645472 0.452437 0.611065 0.442317 0.591837 0.428149 0.577164 0.413476 0.5802 0.416006 0.601957 0.399814 0.597403 0.385646 0.579694 0.359335 0.575646 0.333529 0.573622 0.319361 0.581212 0.312277 0.594873
0 0.412464 0.430932 0.426631 0.444594 0.433715 0.456232 0.433715 0.468376 0.441811 0.473941 0.465087 0.46281 0.465087 0.446112 0.454461 0.43245 0.432197 0.423342 0.421571 0.416259 0.411452 0.414235
0 0.560719 0.418788 0.553635 0.427896 0.568815 0.436498 0.577417 0.42486
0 0.543009 0.43245 0.532889 0.441052 0.504554 0.451172 0.536937 0.473435 0.544527 0.482037 0.529347 0.494181 0.521758 0.515433 0.520746 0.525553 0.504554 0.526565 0.50506 0.540226 0.516698 0.549334 0.548575 0.54478 0.559707 0.525047 0.571851 0.498229 0.576405 0.478495 0.559707 0.453702 0.551611 0.438522
0 0.423595 0.55743 0.423595 0.57767 0.440799 0.576658 0.440293 0.5549 0.425619 0.55237
0 0.453955 0.55743 0.470147 0.556418 0.486338 0.548322 0.502024 0.55237 0.504554 0.568056 0.485832 0.574634 0.462051 0.57008
0 0.39526 0.494181 0.382104 0.501265 0.386658 0.515939 0.40791 0.519987 0.409428 0.499747
0 0.377044 0.21538 0.382104 0.24068 0.398802 0.24827 0.403862 0.227524 0.392224 0.213862 0.378562 0.209814
0 0.102291 0.357564 0.103303 0.376791 0.104821 0.399055 0.108363 0.410693 0.122025 0.422836 0.132651 0.412717 0.132145 0.391465 0.131133 0.357058 0.130627 0.340866 0.103303 0.348962
0 0.171612 0.24321 0.158962 0.24321 0.166552 0.254847 0.17313 0.251811
0 0.430173 0.473435 0.411958 0.481531 0.408922 0.492157 0.418029 0.495193 0.428149 0.486085
0 0.449401 0.559454 0.441811 0.559454 0.443835 0.576658 0.450413 0.5802 0.454967 0.57008
0 0.527324 0.409681 0.541491 0.393489 0.557177 0.388429 0.556165 0.376285 0.539973 0.374767 0.520746 0.380333 0.508096 0.393489 0.513662 0.410693 0.519734 0.415247
0 0.566285 0.387923 0.590572 0.385393 0.585512 0.397031 0.567297 0.413223 0.580959 0.422836 0.598162 0.423848 0.62751 0.408669 0.636618 0.387417 0.63763 0.364141 0.606258 0.356046 0.574887 0.361105 0.557683 0.368695 0.558189 0.380839
0 0.365406 0.271039 0.350733 0.271039 0.348709 0.288243 0.359841 0.284701
0 0.412464 0.273569 0.403356 0.274581 0.401332 0.283183 0.416006 0.287737
0 0.500506 0.384381 0.491398 0.383369 0.48988 0.393995 0.49494 0.396019
0 0.408416 0.451172 0.398296 0.453196 0.406898 0.461292 0.414488 0.458762
0 0.392224 0.421824 0.380586 0.433462 0.383622 0.44257 0.393236 0.435992 0.40032 0.428402
0 0.377044 0.504807 0.369454 0.510879 0.368948 0.519481 0.37755 0.517963
0 0.404368 0.541744 0.393742 0.531118 0.38767 0.540226 0.396778 0.554394 0.403356 0.548828
0 0.448389 0.671278 0.436245 0.67229 0.441305 0.681904 0.447883 0.679374
0 0.305193 0.416259 0.319361 0.416259 0.313795 0.429414 0.306711 0.428402
0 0.137205 0.417776 0.126579 0.42486 0.124555 0.441052 0.142264 0.441052 0.146312 0.42486 0.143782 0.417776
0 0.056246 0.377297 0.0648478 0.377803 0.0663658 0.384381 0.0592819 0.387923
