0 0.376285 0.196658 0.365153 0.212344 0.380839 0.220946 0.398043 0.22044 0.400573 0.21032 0.384887 0.199694
0 0.42233 0.209308 0.412717 0.222464 0.423342 0.234102 0.43751 0.223982 0.4451 0.210826 0.439534 0.201718 0.426378 0.197164
0 0.0792685 0.810425 0.0777506 0.825605 0.0909063 0.832183 0.100014 0.818015 0.0904003 0.807895 0.0838225 0.807895
0 0.0564989 0.872156 0.051945 0.886324 0.0706667 0.889866 0.0731966 0.877216
0 0.102038 0.870638 0.0909063 0.87671 0.101026 0.88936 0.112158 0.886324 0.111146 0.873168
0 0.121772 0.88177 0.108363 0.884806 0.12076 0.898974 0.131892 0.89695 0.145553 0.897962 0.158203 0.898974 0.158203 0.883288 0.141505 0.882276 0.130374 0.883288
0 0.446112 0.88177 0.442064 0.899986 0.454208 0.911118 0.46534 0.90454 0.471918 0.897962 0.472423 0.886324 0.461292 0.877722
0 0.492157 0.762862 0.497217 0.791198 0.508855 0.802836 0.517457 0.78968 0.511385 0.77197 0.503289 0.75932
0 0.536178 0.794234 0.544274 0.805872 0.55996 0.803848 0.553888 0.790692
0 0.570586 0.797776 0.568056 0.816497 0.576152 0.831677 0.577164 0.843315 0.569574 0.849893 0.564008 0.861025 0.563502 0.875698 0.574634 0.883288 0.585765 0.894926 0.606511 0.889866 0.599427 0.869626 0.588801 0.860013 0.596391 0.850905 0.598415 0.832689 0.599427 0.817509 0.599427 0.802836 0.594367 0.79221 0.578682 0.793728 0.56502 0.796764
0 0.623209 0.843315 0.612077 0.861025 0.616125 0.872662 0.627257 0.874686 0.640412 0.877216 0.661664 0.87924 0.65964 0.86406 0.642436 0.855965 0.637377 0.849387 0.631811 0.841797
0 0.660652 0.88936 0.659134 0.908588 0.660652 0.925791 0.670266 0.944007 0.678868 0.954633 0.696071 0.944007 0.701637 0.938947 0.712263 0.957669 0.727949 0.959187 0.741611 0.940971 0.745153 0.920731 0.748189 0.900492 0.75173 0.867096 0.741611 0.857989 0.735033 0.830159 0.718335 0.819027 0.702143 0.810931 0.680892 0.806378 0.675326 0.806884 0.692024 0.829147 0.701637 0.837749 0.709733 0.843315 0.714287 0.849387 0.717829 0.870132 0.717323 0.880252 0.722889 0.90201 0.721877 0.91213 0.715805 0.919719 0.706191 0.904034 0.685446 0.89948 0.68241 0.897456 0.677856 0.883288 0.673302 0.881264
0 0.336059 0.850905 0.380586 0.857989 0.370466 0.873674 0.336565 0.869626
0 0.138216 0.798282 0.13771 0.821051 0.143782 0.831171 0.151878 0.823581 0.15542 0.803342 0.14783 0.795752
0 0.172118 0.898468 0.189322 0.893408 0.201465 0.878734 0.188816 0.877722 0.16807 0.890372
0 0.309241 0.854447 0.289002 0.861531 0.311265 0.87418
0 0.38514 0.839267 0.373502 0.844327 0.385646 0.852423 0.392224 0.844833
0 0.365406 0.819027 0.363888 0.832689 0.37755 0.833701 0.378056 0.822569
0 0.341119 0.829147 0.337071 0.838761 0.343143 0.844327 0.352757 0.837749
0 0.14024 0.853435 0.138216 0.862037 0.156432 0.876204 0.163516 0.86912 0.154408 0.859507
0 0.0694017 0.760332 0.0633298 0.771464 0.0719317 0.778042 0.0810395 0.770452
0 0.158962 0.841291 0.151878 0.853435 0.16554 0.857483 0.166046 0.848881
0 0.458509 0.504301 0.448389 0.513915 0.462557 0.524541 0.468123 0.513409
0 0.454461 0.531118 0.442317 0.543768 0.458003 0.54984 0.459015 0.53972
0 0.472676 0.200706 0.456991 0.213862 0.450919 0.228536 0.457497 0.24574 0.476218 0.255353 0.501518 0.260413 0.519228 0.234608 0.504048 0.226512 0.493928 0.230054 0.500506 0.216392 0.500506 0.210826 0.485326 0.198176 0.47723 0.198176
0 0.419547 0.314554 0.425113 0.328216 0.434727 0.32771 0.435233 0.314554
0 0.293556 0.300893 0.28293 0.316072 0.297098 0.319108 0.303676 0.308482
0 0.38008 0.277111 0.372996 0.284701 0.383622 0.290267 0.388176 0.285207
0 0.429667 0.239668 0.420559 0.251811 0.428655 0.259401 0.435739 0.253835 0.436245 0.24321
0 0.406392 0.157191 0.395766 0.170853 0.39779 0.179455 0.407404 0.182491 0.420559 0.169335 0.419547 0.161239
0 0.446365 0.172877 0.440293 0.182491 0.450413 0.188057 0.458003 0.176419
0 0.338083 0.252317 0.327457 0.259401 0.340613 0.270027 0.347191 0.255353
0 0.564767 0.180467 0.553635 0.185527 0.559707 0.194634 0.566285 0.201718 0.572863 0.185021
0 0.386152 0.160733 0.378056 0.168323 0.386152 0.179961 0.391718 0.173383
