0 0.926297 0.0170317 0.918707 0.0225976 0.911624 0.0261395 0.900998 0.0362593 0.91466 0.0585229 0.932875 0.0575109 0.945019 0.053969 0.962223 0.0600409 0.978414 0.0473911 0.967283 0.0347413 0.959693 0.0332234 0.952609 0.0195616 0.935911 0.0124777
0 0.88177 0.0575109 0.87418 0.0645948 0.865831 0.0762326 0.866337 0.0909063 0.886324 0.0848344 0.899986 0.0782566 0.90454 0.0711727 0.906564 0.054475 0.890372 0.0499211
0 0.984486 0.0311994 0.980438 0.051439 0.998047 0.0484031 0.997136 0.0352473
0 0.80233 0.0236095 0.800812 0.0337294 0.808401 0.0418252 0.817003 0.0352473 0.812955 0.0286694
0 0.658375 0.187551 0.651797 0.200706 0.660905 0.208296 0.669001 0.202224
0 0.687217 0.256871 0.682663 0.269521 0.691265 0.273569 0.699866 0.264461
0 0.685699 0.296339 0.696324 0.288243 0.700372 0.297351 0.691265 0.301399
0 0.737816 0.277111 0.730226 0.284701 0.731744 0.293809 0.740852 0.293303
0 0.756031 0.2255 0.748442 0.227524 0.746924 0.238656 0.756031 0.242704
0 0.861784 0.0337294 0.877975 0.0291754 0.892649 0.0220916 0.884553 0.0155137 0.869879 0.00741783 0.860772 0.00944179 0.858748 0.0251275
0 0.850146 0.0671248 0.837496 0.0812925 0.849134 0.0873644 0.85723 0.0782566
0 0.692783 0.0605469 0.681145 0.0701607 0.690253 0.0792685 0.698348 0.0721847
0 0.797017 0.00134594 0.786391 0.00134594 0.787403 0.0165257 0.800053 0.0119717
0 0.685699 0.00944179 0.669507 0.00589985 0.670013 0.0190556 0.685193 0.0225976
0 0.665965 0.0807865 0.658375 0.0833165 0.659893 0.0939423 0.669507 0.0964722
0 0.738322 0.0747146 0.749454 0.0701607 0.745406 0.0635828 0.737816 0.0645948
0 0.792969 0.0463791 0.786897 0.053463 0.791451 0.0600409 0.797523 0.054981
0 0.779307 0.0332234 0.773235 0.0418252 0.784873 0.0448612 0.790439 0.0367653
0 0.765645 0.0494151 0.757549 0.055487 0.757043 0.0656068 0.751983 0.0731966 0.759573 0.0792685 0.765139 0.0661128 0.771211 0.0585229
0 0.85217 0.00539386 0.84458 0.0089358 0.848122 0.0175376 0.856218 0.0180436
