2 0.0713976 0.119683 0.0746528 0.138129 0.0909288 0.135959 0.0909288 0.114258
2 0.123481 0.038303 0.123481 0.0589193 0.146267 0.0600043 0.146267 0.0415582
2 0.157118 0.0491536 0.161458 0.0686849 0.176649 0.070855 0.179905 0.0524089
2 0.121311 0.0741102 0.132161 0.0979818 0.151693 0.0914714 0.140842 0.0730252
2 0.171224 0.105577 0.173394 0.127279 0.19401 0.129449 0.195095 0.108832
2 0.140842 0.116428 0.149523 0.134874 0.166884 0.126194 0.158203 0.109918
2 0.11697 0.150065 0.128906 0.171766 0.146267 0.160916 0.137587 0.145725
2 0.0920139 0.159831 0.094184 0.176107 0.115885 0.172852 0.107205 0.152235
2 0.11046 0.185872 0.113715 0.206489 0.132161 0.205404 0.132161 0.185872
2 0.152778 0.218424 0.153863 0.234701 0.171224 0.23253 0.171224 0.214084
2 0.0800781 0.240126 0.0844184 0.257487 0.0996094 0.259657 0.0974392 0.241211
2 0.196181 0.282444 0.201606 0.304145 0.221137 0.304145 0.220052 0.282444
2 0.198351 0.46799 0.204861 0.487522 0.224392 0.481011 0.215712 0.462565
2 0.303602 0.485352 0.320964 0.501628 0.33941 0.494032 0.315538 0.470161
2 0.174479 0.603624 0.177734 0.620985 0.198351 0.62207 0.195095 0.597114
2 0.0713976 0.592773 0.0659722 0.61556 0.0844184 0.61773 0.0909288 0.597114
2 0.147352 0.605794 0.150608 0.623155 0.169054 0.62207 0.163628 0.602539
2 0.174479 0.639431 0.178819 0.657878 0.196181 0.655707 0.19184 0.636176
2 0.125651 0.62424 0.122396 0.639431 0.141927 0.640516 0.143012 0.620985
2 0.173394 0.673069 0.182075 0.6926 0.199436 0.689345 0.190755 0.666558
2 0.272135 0.567817 0.27322 0.587348 0.289497 0.587348 0.288411 0.569987
2 0.314453 0.722982 0.311198 0.739258 0.325304 0.742513 0.332899 0.725152
2 0.401259 0.657878 0.406684 0.678494 0.426215 0.675239 0.424045 0.655707
2 0.470703 0.656793 0.470703 0.673069 0.491319 0.676324 0.486979 0.657878
2 0.413194 0.814128 0.413194 0.836914 0.431641 0.836914 0.433811 0.813043
2 0.380642 0.782661 0.383898 0.798937 0.401259 0.790256 0.398003 0.777235
2 0.544488 0.775065 0.546658 0.795681 0.569444 0.790256 0.566189 0.775065
2 0.588976 0.809787 0.590061 0.822808 0.610677 0.826063 0.607422 0.804362
2 0.631293 0.829319 0.633464 0.84668 0.65191 0.84885 0.65191 0.823893
2 0.676866 0.789171 0.679036 0.803277 0.697483 0.804362 0.698568 0.783746
2 0.697483 0.801107 0.699653 0.819553 0.715929 0.821723 0.717014 0.804362
2 0.488064 0.92589 0.486979 0.948676 0.505425 0.946506 0.505425 0.926975
2 0.736545 0.909614 0.736545 0.929145 0.752821 0.931315 0.757161 0.913954
2 0.830946 0.93457 0.828776 0.958442 0.843967 0.956272 0.847222 0.941081
2 0.88737 0.879232 0.88737 0.897678 0.907986 0.903103 0.906901 0.883572
2 0.952474 0.871636 0.951389 0.893338 0.96441 0.895508 0.972005 0.875977
2 0.932943 0.77398 0.932943 0.791341 0.949219 0.792426 0.952474 0.772895
2 0.922092 0.658963 0.924262 0.677409 0.939453 0.681749 0.941623 0.660048
2 0.936198 0.793511 0.931858 0.810872 0.950304 0.814128 0.960069 0.793511
2 0.96441 0.809787 0.96441 0.828234 0.982856 0.831489 0.987196 0.810872
2 0.986111 0.819553 0.987196 0.841254 0.998047 0.842339 0.996962 0.818468
2 0.830946 0.522244 0.828776 0.53852 0.847222 0.539605 0.851562 0.517904
