2 0.268555 0.870117 0.272461 0.866211 0.274414 0.870117 0.276367 0.875977 0.268555 0.87793 0.262695 0.87207
2 0.25293 0.944336 0.258789 0.948242 0.264648 0.948242 0.262695 0.954102 0.245117 0.956055 0.249023 0.950195
2 0.819336 0.977539 0.825195 0.981445 0.827148 0.977539 0.821289 0.973633
2 0.557617 0.905273 0.563477 0.911133 0.55957 0.915039 0.553711 0.907227
2 0.895508 0.969727 0.90332 0.967773 0.907227 0.969727 0.911133 0.975586 0.916992 0.975586 0.916992 0.979492 0.915039 0.981445 0.90332 0.983398 0.90332 0.987305 0.895508 0.987305
2 0.915039 0.520508 0.920898 0.520508 0.920898 0.522461 0.924805 0.52832 0.916992 0.532227 0.913086 0.518555
2 0.295898 0.913086 0.293945 0.918945 0.290039 0.916992 0.290039 0.911133
2 0.688477 0.461914 0.694336 0.456055 0.700195 0.456055 0.706055 0.456055 0.709961 0.459961 0.713867 0.459961 0.713867 0.461914 0.71582 0.463867 0.711914 0.463867 0.706055 0.463867 0.702148 0.459961 0.700195 0.46582 0.69043 0.46582
2 0.65332 0.458008 0.655273 0.463867 0.65918 0.463867 0.65918 0.46582 0.655273 0.469727 0.651367 0.461914
2 0.62207 0.637695 0.625977 0.651367 0.629883 0.649414 0.635742 0.641602 0.635742 0.631836 0.631836 0.633789 0.631836 0.635742
