2 0.364366 0.131619 0.362196 0.116428 0.349175 0.118598 0.351345 0.135959
2 0.42947 0.231445 0.428385 0.216254 0.41645 0.214084 0.413194 0.23036
2 0.783203 0.132704 0.766927 0.133789 0.768012 0.15115 0.785373 0.14681
2 0.747396 0.220595 0.763672 0.233615 0.750651 0.243381 0.73763 0.236871
2 0.776693 0.0307075 0.766927 0.024197 0.759332 0.0437283 0.777778 0.0469835
2 0.859158 0.640516 0.858073 0.626411 0.838542 0.62424 0.841797 0.643772
2 0.362196 0.204319 0.361111 0.220595 0.376302 0.22168 0.381727 0.204319
2 0.861328 0.272678 0.855903 0.294379 0.879774 0.297635 0.880859 0.279188
2 0.10395 0.924805 0.10612 0.941081 0.121311 0.943251 0.120226 0.926975
2 0.586806 0.585178 0.588976 0.603624 0.600911 0.603624 0.603082 0.585178
2 0.255492 0.621152 0.257695 0.635103 0.275317 0.632901 0.275317 0.61895
2 0.919261 0.0733964 0.92073 0.0902843 0.933212 0.0888158 0.933212 0.0726621
2 0.5793 0.440525 0.577831 0.454476 0.593985 0.45007 0.592516 0.436854
