2 0.0941953 0.673302 0.0840755 0.673302 0.0860994 0.685952 0.0947013 0.686964
2 0.224235 0.741105 0.208549 0.747683 0.213103 0.758814 0.225247 0.754766
2 0.240427 0.741611 0.231825 0.742117 0.227777 0.75426 0.243969 0.763874 0.244981 0.755272
2 0.429161 0.585765 0.4155 0.586777 0.417017 0.603981 0.425619 0.607017
2 0.376538 0.541744 0.371478 0.560972 0.38261 0.57008 0.389694 0.55743 0.389694 0.53972 0.384634 0.538202
2 0.360852 0.514421 0.351745 0.518975 0.352251 0.528588 0.357817 0.528082
2 0.353769 0.540732 0.344155 0.540226 0.346685 0.549334 0.353769 0.551864
2 0.3902 0.493675 0.379068 0.495699 0.384128 0.505819 0.393236 0.503795
2 0.399308 0.519987 0.389694 0.522517 0.390706 0.53719 0.400826 0.538708
2 0.40032 0.495699 0.399814 0.507337 0.411958 0.512903 0.416006 0.510879 0.410946 0.498229
2 0.431691 0.473941 0.427137 0.473435 0.423595 0.484061 0.431185 0.483555
2 0.453955 0.482037 0.467617 0.485073 0.466099 0.476977 0.454461 0.472929
2 0.49747 0.492157 0.508602 0.490639 0.506578 0.484061 0.496964 0.483049
2 0.498482 0.514927 0.491398 0.506325 0.480772 0.512397 0.487856 0.523023 0.502024 0.527577
2 0.462051 0.551358 0.450919 0.551864 0.450413 0.564008 0.459521 0.568056
2 0.533395 0.491651 0.525806 0.488109 0.517204 0.491651 0.522264 0.502783 0.532889 0.498229
2 0.580453 0.471412 0.560719 0.46787 0.560719 0.477989 0.572863 0.485073 0.5845 0.483049
2 0.673555 0.494687 0.663435 0.491651 0.659893 0.502783 0.670519 0.504807
