2 0.0155137 0.0726907 0 0.0726907 0.000333954 0.0873644 0.00994778 0.0853404
2 0.0332234 0.0155137 0.0210796 0.0139957 0.0241155 0.0246215 0.0347413 0.0276575
2 0.377803 0.0630768 0.365153 0.0630768 0.364141 0.0716787 0.372743 0.0762326
2 0.55996 0.0286694 0.553888 0.0347413 0.555406 0.0423312 0.56249 0.0392953
2 0.758814 0.00438188 0.741105 0.00842981 0.749201 0.0210796 0.75679 0.0170317
2 0.738069 0.122784 0.752742 0.121772 0.762356 0.117724 0.765898 0.124302 0.760332 0.134928 0.762356 0.147577 0.756284 0.151625 0.745153 0.139481
2 0.779054 0.129362 0.790186 0.154661 0.796764 0.164275 0.7998 0.148589 0.795752 0.132398 0.786138 0.124302
2 0.77197 0.161745 0.76438 0.190081 0.77197 0.19514 0.781584 0.179961 0.783102 0.165287
2 0.825605 0.184009 0.832689 0.161239 0.826111 0.156685 0.813967 0.165793 0.812955 0.181985
2 0.9096 0.20526 0.897456 0.208802 0.900998 0.219428 0.9096 0.222464
2 0.46281 0.217404 0.445606 0.218416 0.45522 0.234102 0.462304 0.22803
2 0.412211 0.223982 0.401585 0.223476 0.400067 0.23815 0.410693 0.237138
2 0.734021 0.153649 0.723395 0.162757 0.729467 0.170347 0.737563 0.166805
2 0.728455 0.173889 0.717323 0.177431 0.715299 0.188563 0.718841 0.198176 0.730985 0.199694 0.745153 0.189575 0.751224 0.179455 0.737057 0.176419
2 0.803848 0.211838 0.789174 0.213862 0.786644 0.23056 0.798282 0.230054
2 0.862543 0.234608 0.838761 0.23562 0.844833 0.247258 0.862037 0.247764
2 0.880252 0.22803 0.870638 0.229042 0.87165 0.23815 0.882782 0.239668 0.882782 0.232584
2 0.689494 0.255353 0.67482 0.254847 0.676844 0.268003 0.688988 0.267497
2 0.67482 0.147577 0.665712 0.147071 0.673302 0.171865 0.681904 0.171865
2 0.716311 0.156685 0.705685 0.160227 0.697589 0.164781 0.711757 0.172371
2 0.776018 0.271545 0.76691 0.271545 0.767416 0.279641 0.780066 0.277111
2 0.68241 0.277111 0.67229 0.277111 0.680386 0.30494 0.686458 0.298869
2 0.765392 0.336818 0.75679 0.343396 0.762862 0.354528 0.77197 0.34795
2 0.836231 0.390959 0.820545 0.395007 0.832183 0.403103 0.842809 0.401079
2 0.676844 0.324168 0.662676 0.329228 0.671278 0.337324
2 0.56755 0.302411 0.55996 0.302411 0.55996 0.314554 0.567044 0.315566
2 0.811943 0.241692 0.799294 0.241186 0.801824 0.255859 0.809919 0.253835
2 0.472929 0.279641 0.462304 0.286219 0.468882 0.296339
2 0.170347 0.484061 0.162251 0.483555 0.164275 0.491145 0.175913 0.493675
2 0.318096 0.548322 0.305446 0.553382 0.31 0.56502 0.319614 0.560466
2 0.19514 0.599427 0.187551 0.602463 0.186539 0.612583 0.19514 0.613089
2 0.180467 0.611571 0.171359 0.614101 0.172877 0.625739 0.179455 0.620173
2 0.24321 0.627257 0.231066 0.628269 0.22044 0.642942 0.240174 0.652556 0.256365 0.64699 0.252317 0.629281
2 0.21032 0.687976 0.20273 0.69 0.207284 0.703661 0.217404 0.708215 0.219934 0.693036
2 0.252823 0.699613 0.244728 0.702649 0.246752 0.714287 0.257377 0.712263
2 0.181479 0.706697 0.193116 0.693036 0.196152 0.67988 0.186033 0.668748 0.173383 0.66723 0.162757 0.677856 0.163263 0.697589 0.173383 0.710745
2 0.206778 0.645978 0.200706 0.648002 0.2002 0.661664 0.20526 0.662676 0.210826 0.655086
2 0.242198 0.651038 0.229548 0.65458 0.242198 0.667736 0.246752 0.662676
2 0.241186 0.672796 0.234102 0.678868 0.23309 0.689494 0.244222 0.692024 0.249281 0.68747
2 0.272051 0.762356 0.264967 0.768934 0.274581 0.776018 0.280653 0.76944
2 0.250799 0.79727 0.239668 0.801824 0.241692 0.812449 0.253835 0.812955
2 0.207284 0.7745 0.202224 0.770452 0.19767 0.780572 0.199694 0.791198 0.207284 0.790692
2 0.127338 0.783608 0.10811 0.782596 0.107098 0.793222 0.12076 0.79727 0.128856 0.791198
2 0.148589 0.819027 0.13341 0.817509 0.134928 0.828641 0.144035 0.830665
2 0.0175376 0.719853 0 0.719415 0 0.731491 0.00842981 0.730985
2 0.131386 0.711757 0.121772 0.720359 0.122278 0.728455 0.131892 0.728961
2 0.131386 0.67735 0.121266 0.682916 0.136952 0.693542 0.136952 0.68241
2 0.159721 0.649014 0.150613 0.64699 0.144035 0.654074 0.156179 0.65711
2 0.0635828 0.628775 0.0564989 0.634847 0.0600409 0.643954 0.0666188 0.638389
2 0.129868 0.592849 0.116206 0.597909 0.120254 0.604487 0.131386 0.604993
2 0.245234 0.574634 0.22803 0.574128 0.238656 0.585259
2 0.417776 0.804354 0.405633 0.805872 0.413223 0.815991 0.4198 0.810931
2 0.239162 0.610053 0.232078 0.606511 0.231066 0.615113 0.237138 0.616631
2 0.138975 0.583236 0.130374 0.584753 0.130374 0.592849 0.135434 0.591837
2 0.21032 0.713275 0.20273 0.719853 0.21032 0.724407 0.216898 0.720865
