0 0.52024 0.867602 0.505566 0.868614 0.505566 0.882782 0.51771 0.87924 0.51771 0.872662
0 0.479254 0.232584 0.496458 0.248776 0.505566 0.244222 0.493928 0.227524 0.48229 0.224994
0 0.488362 0.263449 0.501012 0.270533 0.528335 0.272051 0.554141 0.284195 0.569321 0.288749 0.580453 0.290267 0.59715 0.304435 0.601198 0.295327 0.585512 0.275087 0.563755 0.267497 0.546551 0.260413 0.51518 0.257883 0.503036 0.251811 0.495446 0.24827
0 0.523276 0.275593 0.509614 0.279135 0.519734 0.289761 0.528335 0.290267
0 0.0228506 0.178949 0.0117187 0.179961 0.0193086 0.193116
0 0.277364 0.0266455 0.26522 0.0443552 0.279894 0.053463 0.288496 0.0433432
0 0.262184 0.0706667 0.259654 0.0883764 0.269774 0.106086 0.280906 0.112664 0.283942 0.0974842 0.27534 0.0853404 0.268762 0.0726907
0 0.0395483 0.223982 0.0304404 0.228536 0.0329704 0.23815 0.0400542 0.24068
0 0.266738 0.13088 0.282424 0.151625 0.291532 0.168829 0.301146 0.174901 0.307217 0.163769 0.30317 0.144035 0.285966 0.129868 0.277364 0.114182 0.263702 0.120254
0 0.307217 0.190081 0.320373 0.177431 0.338083 0.171865 0.370972 0.165287 0.38008 0.176925 0.393742 0.192611 0.418535 0.185021 0.426631 0.186033 0.435233 0.199188 0.421571 0.196658 0.41044 0.198176 0.396778 0.206272 0.384634 0.20273 0.366418 0.189575 0.351745 0.185021 0.345673 0.195646 0.315819 0.200706 0.310253 0.200706
0 0.151878 0.0473911 0.135687 0.050933 0.151878 0.0620648
0 0.0977372 0.270027 0.0871114 0.272557 0.0977372 0.288243
0 0.0638358 0.31506 0.054728 0.31506 0.055234 0.330746 0.0623178 0.33277
0 0.0840755 0.344914 0.0759796 0.34795 0.0719317 0.35554 0.0825575 0.362117
