2 0.467617 0.483049 0.454461 0.487097 0.456485 0.497723 0.473688 0.506831
2 0.569827 0.459268 0.554647 0.46281 0.559201 0.476471 0.574381 0.481531
2 0.748948 0.564514 0.73984 0.56755 0.736298 0.581718 0.743382 0.589813 0.752489 0.581212
2 0.562743 0.492663 0.551611 0.500759 0.550093 0.514927 0.567803 0.519481 0.579441 0.501265
2 0.534913 0.601957 0.521252 0.608029 0.526312 0.621185 0.539467 0.622703
2 0.496964 0.526565 0.483302 0.534154 0.487856 0.547816 0.5 0.549334
2 0.494434 0.0726907 0.47976 0.0792685 0.48735 0.0919183 0.500506 0.0914123
2 0.764345 0.6702 0.763045 0.686064 0.78021 0.686324 0.78021 0.66864
2 0.8936 0.0634571 0.89334 0.0749001 0.906864 0.07438 0.907904 0.0624168
2 0.981504 0.0832224 0.982284 0.100907 0.997628 0.100387 0.997368 0.0834824
2 0.425 0.592969 0.41582 0.603516 0.42207 0.607031 0.430859 0.59668
2 0.467187 0.601953 0.466016 0.610352 0.476562 0.610156 0.47793 0.602539
