2 0.48239 0.403144 0.465847 0.420754 0.478121 0.44797 0.494664 0.428225
2 0.512274 0.433562 0.496265 0.438364 0.504803 0.45971 0.514942 0.448504
2 0.502668 0.493863 0.495197 0.497599 0.501601 0.51094 0.509072 0.504002
2 0.489861 0.50507 0.485592 0.518411 0.497865 0.521612 0.500534 0.511473
2 0.366056 0.525882 0.358052 0.530151 0.363388 0.538155 0.371926 0.537622
2 0.832992 0.556833 0.813247 0.557366 0.815915 0.567506 0.834059 0.56377
2 0.411416 0.563236 0.398075 0.56964 0.403411 0.579779 0.409281 0.577645
2 0.451439 0.788433 0.438631 0.792702 0.4413 0.81298 0.450905 0.811379
2 0.248655 0.875416 0.24492 0.883954 0.251857 0.889825 0.257727 0.887156
2 0.316428 0.859941 0.30949 0.873815 0.322831 0.879152 0.320697 0.86421
2 0.287611 0.894627 0.280674 0.9053 0.293481 0.907435 0.293481 0.896228
2 0.611531 0.287344 0.601925 0.290012 0.613665 0.31456 0.618468 0.311892
2 0.443434 0.286277 0.434896 0.292681 0.4413 0.305488 0.44877 0.300685
2 0.462645 0.459176 0.456775 0.469316 0.467448 0.471984 0.472251 0.470917 0.467982 0.455975
2 0.413017 0.219572 0.405012 0.222774 0.409815 0.23398 0.417286 0.230778
2 0.413017 0.237182 0.404478 0.245187 0.408747 0.253725 0.41355 0.248388
2 0.721995 0.0018464 0.711855 0.0109183 0.71986 0.0183893 0.723595 0.0146538
2 0.928513 0.869013 0.917841 0.873282 0.923177 0.881286 0.931182 0.880219
2 0.869279 0.954395 0.851669 0.969871 0.863943 0.982144 0.872481 0.971472 0.875149 0.961332
2 0.905033 0.660359 0.88849 0.668364 0.897562 0.679036 0.909836 0.668897
2 0.956792 0.782149 0.949003 0.783347 0.951999 0.793232 0.958889 0.790237
