0 0.000586949 0.752742 0.0243685 0.758308 0.0400542 0.744141 0.0663658 0.738575 0.0633298 0.719347 0.0167787 0.729467 0 0.729341 0 0.733515 0 0.752236
0 0.0921713 0.733515 0.0774976 0.747683 0.121013 0.767922 0.122531 0.749707 0.111399 0.741105
0 0.321385 0.726937 0.329987 0.748189 0.346685 0.750719 0.353263 0.727949 0.337577 0.717323
0 0.230307 0.935911 0.218669 0.953115 0.224741 0.963741 0.240427 0.961717 0.239921 0.942995
0 0.251558 0.972343 0.248523 0.992582 0.26269 0.99663 0.266738 0.986004 0.256112 0.969307
0 0.297098 0.925791 0.29305 0.942489 0.294062 0.961717 0.310253 0.981956 0.335047 0.9941 0.355287 0.994606 0.349215 0.966777 0.342131 0.946537 0.320373 0.942995 0.309241 0.936923 0.305193 0.923767
0 0.428149 0.906058 0.427137 0.945019 0.452943 0.954633 0.470147 0.942995 0.471665 0.919213 0.447883 0.9096
0 0.467617 0.979426 0.487856 0.975884 0.48735 0.953115 0.476724 0.942489 0.468629 0.948561 0.460533 0.963741
0 0.181226 0.784114 0.177178 0.798788 0.194381 0.801824 0.198935 0.789174
0 0.269268 0.768934 0.256618 0.770452 0.260666 0.785126 0.27281 0.78209 0.273822 0.777536
0 0.325433 0.778548 0.314301 0.779054 0.316325 0.79221 0.324421 0.798788 0.329987 0.795752
0 0.329481 0.818015 0.316325 0.829653 0.323915 0.850905 0.336565 0.839267 0.338083 0.826617
0 0.200453 0.921237 0.182744 0.918707 0.172118 0.921237 0.177178 0.934393 0.197417 0.939959 0.210573 0.933887 0.208549 0.921743
0 0.212091 0.890878 0.197417 0.894926 0.18831 0.910612 0.202983 0.91466
0 0.396778 0.887336 0.378056 0.900492 0.388176 0.906058 0.399308 0.901504 0.403356 0.899986
0 0.435739 0.972849 0.417017 0.988534 0.428908 0.998047 0.441811 0.988028 0.446365 0.976896
0 0.448895 0.955139 0.436751 0.962729 0.444847 0.975378 0.453955 0.970319
0 0.350733 0.940971 0.371984 0.942995 0.38008 0.954127 0.389694 0.958175 0.381092 0.933887 0.37249 0.927309 0.355287 0.930851 0.346685 0.932875
0 0.397284 0.910612 0.383116 0.923767 0.389188 0.937935 0.399814 0.928827 0.406898 0.917696
0 0.347697 0.892902 0.330493 0.900492 0.338083 0.910106 0.347191 0.907576
0 0.231319 0.91719 0.223223 0.927309 0.234355 0.939453 0.242957 0.936417
