0 0.0575109 0.301399 0.0580169 0.32265 0.0696547 0.335806 0.0828105 0.325686 0.0934363 0.308988 0.0939423 0.296339 0.0838225 0.291785 0.0726907 0.290773
0 0.053463 0.365659 0.0706667 0.369201 0.0898943 0.369707 0.0995082 0.376285 0.0914123 0.389441 0.102544 0.404115 0.101026 0.415247 0.0944483 0.426378 0.105074 0.439028 0.114182 0.43498 0.118736 0.41727 0.12329 0.410187 0.138469 0.408163 0.144035 0.42992 0.144035 0.443582 0.131386 0.454714 0.11823 0.46028 0.101026 0.46281 0.0919183 0.456232 0.0782566 0.45016 0.054475 0.434474 0.0489091 0.419294 0.0342353 0.404621 0.0281635 0.396525 0.0246215 0.380839 0.0256335 0.371731 0.0367653 0.366671
0 0.138469 0.474953 0.154661 0.472929 0.165793 0.472423 0.166805 0.459774 0.157191 0.45522 0.151119 0.451172 0.143529 0.452184 0.137963 0.464328
0 0.180467 0.443582 0.176925 0.455726 0.178949 0.46028 0.191093 0.458762 0.191093 0.448642
0 0.210826 0.439028 0.203742 0.449148 0.209308 0.463822 0.223982 0.462304 0.220946 0.45016
0 0.116206 0.223476 0.129868 0.241692 0.153649 0.247258 0.170347 0.23815 0.185021 0.223982 0.19514 0.23056 0.216392 0.23562 0.227018 0.206272 0.229042 0.196152 0.247258 0.186033 0.269521 0.171359 0.287737 0.147577 0.308482 0.142517 0.34289 0.150613 0.340866 0.129868 0.319614 0.119748 0.308988 0.106592 0.298363 0.104062 0.269015 0.121772 0.256365 0.134928 0.242198 0.138469 0.232078 0.137963 0.223982 0.133916 0.208802 0.131386 0.19767 0.134928 0.201718 0.147577 0.201718 0.161239 0.186033 0.167817 0.163263 0.176925 0.149601 0.188563 0.13088 0.199188 0.12329 0.206272 0.114688 0.216392
0 0.475459 0.453196 0.467364 0.466858 0.461292 0.475965 0.466858 0.490639 0.487603 0.493169 0.491651 0.476471 0.496205 0.468376 0.496711 0.456738 0.487603 0.45269
0 0.517457 0.45269 0.518975 0.460786 0.530106 0.46787 0.540732 0.45775 0.535166 0.450666 0.530612 0.448642
0 0.53466 0.491145 0.55743 0.514421 0.57261 0.521505 0.583741 0.528588 0.606005 0.537696 0.592849 0.511891 0.572104 0.496205 0.559454 0.487097 0.543768 0.479001
0 0.360094 0.143023 0.372743 0.145047 0.385393 0.155167 0.376285 0.165793 0.364141 0.160227 0.356552 0.153143
0 0.824593 0.293303 0.818015 0.302917 0.824593 0.313542 0.844833 0.310506 0.845845 0.296845 0.832689 0.290267
0 0.703155 0.399055 0.723901 0.414741 0.735539 0.42486 0.747683 0.430426 0.753754 0.4198 0.739587 0.407657 0.726431 0.389441 0.715299 0.380839 0.700625 0.386405
0 0.855459 0.383875 0.845339 0.373249 0.840279 0.361105 0.847869 0.343396 0.869626 0.33277 0.892396 0.337324 0.899986 0.336818 0.908082 0.33783 0.918202 0.343902 0.932875 0.356046 0.937429 0.363129 0.944007 0.373755 0.956151 0.384887 0.970319 0.388429 0.988028 0.398043 0.998047 0.40483 0.998047 0.436498 0.969307 0.410187 0.947549 0.406139 0.925285 0.406645 0.916178 0.395007 0.912636 0.384887 0.911624 0.370213 0.90454 0.368189 0.89189 0.373755 0.890372 0.379827 0.893914 0.393489 0.895432 0.402091 0.869626 0.426884 0.859001 0.429414 0.851411 0.439028 0.843821 0.451172 0.836231 0.455726 0.813967 0.444088 0.806378 0.434474 0.80233 0.420812 0.795752 0.406645 0.801824 0.394501 0.827629 0.387923 0.842809 0.387923
0 0.992076 0.466352 0.984486 0.471918 0.984992 0.486085 0.998047 0.493169 0.998047 0.472929
0 0.0276575 0.66723 0.0443552 0.672796 0.0362593 0.687976 0.0347413 0.693036 0.0205736 0.69253 0.0195616 0.680892
0 0.0752206 0.857483 0.0620648 0.859001 0.0438492 0.877722 0.0337294 0.895938 0.0311994 0.91213 0.0413192 0.927309 0.0443552 0.945525 0.0564989 0.967283 0.0661128 0.973355 0.0797745 0.972849 0.0731966 0.954127 0.0666188 0.934899 0.0661128 0.915672 0.0585229 0.89442 0.0737026 0.883288 0.0944483 0.870132 0.0984962 0.857989 0.0833165 0.854953
0 0.0205736 0.998047 0.0317054 0.990052 0.0564989 0.977402 0.0630768 0.98145 0.0752206 0.985498 0.0782566 0.998047
0 0.0843284 0.959693 0.0863524 0.979426 0.0944483 0.980944 0.0969782 0.973355 0.0959662 0.962223
