0 0.00463488 0.753754 0.0284165 0.758814 0.052198 0.745153 0.0678837 0.727949 0.0471381 0.712769 0.00261091 0.703661 4.33681e-19 0.704848
0 0.0253805 0.68241 0.0203206 0.696071 0.0284165 0.706697 0.0355003 0.700119 0.0344883 0.686964
0 0.0835695 0.853435 0.0729437 0.87165 0.0694017 0.888854 0.0825575 0.902516 0.0941953 0.878734 0.106339 0.86659 0.109881 0.850399 0.0987492 0.849893
0 0.0476441 0.929839 0.0481501 0.949573 0.0628238 0.953115 0.0688957 0.934393 0.0592819 0.928827
0 0.102291 0.937429 0.0896414 0.940465 0.0921713 0.951597 0.103809 0.957669 0.120507 0.947043 0.110387 0.937429
0 0.131133 0.963235 0.122025 0.973355 0.125567 0.988534 0.1453 0.97639 0.141252 0.967789
0 0.133157 0.998047 0.143276 0.989546 0.153396 0.992076 0.151372 0.998047
0 0.171612 0.974872 0.179708 0.9941 0.184312 0.998047 0.222211 0.998047 0.223223 0.978414 0.212091 0.967789 0.186792 0.971331
0 0.0365123 0.964247 0.0258865 0.97892 0.0349943 0.98398 0.0476441 0.990052 0.052198 0.974366 0.052704 0.964247
0 0.0142487 0.669254 8.09585e-05 0.650532 0.00210492 0.641424 0.0122247 0.640918 0.0228506 0.654074 0.0238625 0.668748
0 0.122025 0.926803 0.116965 0.906564 0.120507 0.887842 0.131639 0.891384 0.136699 0.908082 0.135181 0.925285
0 0.166552 0.938947 0.156432 0.938947 0.158456 0.949573 0.16554 0.951091
