2 0.311771 0.35301 0.333529 0.358576 0.309241 0.399561 0.302664 0.397031 0.302158 0.378309
2 0.980691 0.053463 0.998047 0.0509836 0.991317 0.0802805 0.976643 0.0777506
2 0.453955 0.713781 0.463569 0.710745 0.471159 0.728961 0.465087 0.733009 0.457497 0.730985
2 0.48988 0.744647 0.479254 0.755272 0.483808 0.76438 0.49241 0.762356
2 0.655339 0.749201 0.668495 0.752236 0.665965 0.764886
2 0.501012 0.751224 0.511132 0.750213 0.525806 0.767416 0.521252 0.780572 0.499494 0.76185
2 0.526818 0.767922 0.547057 0.772476 0.554647 0.790186 0.547057 0.806378 0.536431 0.806884 0.527324 0.793728
2 0.51012 0.861025 0.538961 0.863048 0.543009 0.877216 0.530359 0.87924 0.508602 0.87924 0.500506 0.873168
2 0.485832 0.942995 0.497976 0.947549 0.496964 0.972343 0.483808 0.97639
2 0.570333 0.900492 0.58703 0.903022 0.586524 0.922755 0.575899 0.920731
2 0.535925 0.895432 0.554141 0.895938 0.554647 0.906058 0.539973 0.908588 0.535419 0.907576
2 0.596138 0.902516 0.610812 0.905046 0.607776 0.919719 0.596138 0.921743
2 0.708974 0.865072 0.72213 0.867096 0.721624 0.8843 0.708468 0.887842 0.705938 0.882276
2 0.687723 0.936417 0.696324 0.934899 0.707962 0.934393 0.710492 0.947043 0.689241 0.949573
2 0.642183 0.97639 0.658375 0.983474 0.653821 0.997136 0.639148 0.997136
2 0.745406 0.903022 0.768681 0.901504 0.772729 0.913142 0.743382 0.913142
2 0.674061 0.887336 0.684687 0.88683 0.685193 0.902516 0.673049 0.901504
2 0.665459 0.800306 0.679121 0.802836 0.680133 0.815991 0.667989 0.816497
2 0.439931 0.963916 0.422367 0.964619 0.430798 0.97305 0.442741 0.975157
