2 0.0471381 0.212344 0.0602939 0.205766 0.0830635 0.227018 0.0845814 0.24068 0.0688957 0.23309 0.0486561 0.219428
2 0.493422 0.239668 0.485326 0.269521 0.511132 0.261931 0.512144 0.251305 0.504554 0.237138
2 0.478242 0.165793 0.465593 0.172371 0.471159 0.181985 0.480266 0.182491
2 0.321891 0.051439 0.309241 0.0494151 0.304182 0.0575109 0.311771 0.0661128 0.326445 0.0681367
2 0.328975 0.428402 0.311771 0.422836 0.313795 0.43751 0.327963 0.444088
2 0.386152 0.462304 0.369454 0.461798 0.369454 0.477483 0.391212 0.477989
2 0.375526 0.388429 0.363888 0.390959 0.36743 0.402091
2 0.430679 0.3353 0.420559 0.3353 0.421065 0.350986 0.432703 0.355034
2 0.820798 0.253835 0.801065 0.250799 0.804101 0.269015 0.815232 0.270533
2 0.95691 0.469894 0.938694 0.472423 0.943754 0.491145 0.957922 0.482037
2 0.943248 0.393489 0.926044 0.393489 0.92908 0.405633 0.937682 0.411199
2 0.791957 0.773488 0.774247 0.773994 0.774753 0.788668 0.780319 0.790186
2 0.543515 0.147071 0.531371 0.144541 0.530865 0.158709 0.540479 0.162757
2 0.364394 0.950585 0.346179 0.955139 0.349721 0.968801 0.360852 0.971331 0.363382 0.956151
2 0.100384 0.118986 0.0929439 0.128286 0.115265 0.145027 0.123946 0.131386
2 0.275222 0.13884 0.275222 0.150205 0.286166 0.148522 0.281536 0.137577
2 0.191878 0.25628 0.186827 0.267225 0.202822 0.271434 0.203664 0.264699
2 0.446542 0.322788 0.434756 0.344255 0.443595 0.347623 0.451593 0.327418
2 0.515154 0.139682 0.511786 0.14768 0.515995 0.151468 0.515154 0.156098 0.522309 0.156519 0.525677 0.141366
2 0.326739 0.354804 0.326739 0.361678 0.333898 0.360818 0.332753 0.354232
