0 0.848375 0.43498 0.841291 0.45016 0.853435 0.464328 0.866084 0.46534 0.878228 0.45269 0.877216 0.441558 0.852423 0.429414
0 0.842303 0.481025 0.830665 0.493675 0.823075 0.506325 0.827629 0.513409 0.847869 0.502783 0.861025 0.497723 0.889866 0.497723 0.893914 0.489121 0.895938 0.477989 0.917696 0.46028 0.89948 0.460786 0.882276 0.466352 0.867602 0.473435 0.854953 0.480013
0 0.942995 0.568562 0.923261 0.5802 0.917696 0.592343 0.924779 0.596897 0.939959 0.593355 0.951091 0.580706 0.955139 0.5802 0.959693 0.577164 0.951597 0.56755
0 0.778548 0.53972 0.76944 0.558442 0.761344 0.5802 0.757296 0.593355 0.757296 0.606005 0.752742 0.629281 0.746165 0.645978 0.740599 0.665206 0.760838 0.683928 0.7745 0.675326 0.801318 0.67988 0.828135 0.678868 0.836737 0.661664 0.823075 0.65458 0.818521 0.627763 0.796258 0.617643 0.788162 0.607523 0.789174 0.593355 0.786138 0.575646 0.792716 0.563502 0.79727 0.54984 0.78968 0.538708
0 0.953115 0.68747 0.957669 0.706191 0.966777 0.712769 0.9941 0.737057 0.998047 0.736434 0.998047 0.718841 0.975378 0.702649 0.972849 0.69253 0.972343 0.68241 0.973861 0.671784 0.948055 0.682916
0 0.909094 0.851411 0.931357 0.856471 0.942995 0.86912 0.964247 0.878734 0.978414 0.876204 0.963741 0.860519 0.944513 0.840279 0.934393 0.831171 0.926803 0.840279 0.91719 0.827629 0.908588 0.838761
0 0.574634 0.75173 0.564514 0.761344 0.571092 0.77197 0.591331 0.765392 0.601957 0.760838 0.607017 0.749707 0.591331 0.741611
0 0.574634 0.811943 0.569574 0.822063 0.584247 0.830665 0.604487 0.845845 0.611065 0.829147 0.599933 0.813461
0 0.605499 0.896444 0.623715 0.90454 0.631305 0.914154 0.638389 0.901504 0.626245 0.881264 0.612583 0.878734 0.604993 0.888348
0 0.629787 0.761344 0.625739 0.770452 0.636365 0.782596 0.642436 0.77197 0.637377 0.763874
0 0.658628 0.77197 0.650026 0.781584 0.65711 0.793728 0.671784 0.791198 0.66976 0.778548
0 0.668242 0.723395 0.660146 0.733515 0.675326 0.742117 0.696577 0.740599 0.701637 0.747683 0.706191 0.760838 0.706191 0.776018 0.717829 0.781584 0.719347 0.798788 0.740093 0.808401 0.747683 0.801824 0.763368 0.805872 0.757296 0.778548 0.749707 0.771464 0.75173 0.759826 0.760838 0.757802 0.760838 0.748695 0.738069 0.737563 0.718841 0.719853 0.698095 0.719347 0.6647 0.714287
0 0.803342 0.747683 0.795752 0.75173 0.798282 0.76438 0.80486 0.765392 0.811943 0.756284
0 0.780572 0.762356 0.77956 0.770958 0.78715 0.777536 0.79474 0.773488 0.788668 0.762356
