0 0.647749 0.561984 0.648761 0.574128 0.666471 0.575646 0.668495 0.564008
0 0.673049 0.564008 0.670013 0.581212 0.659893 0.587283 0.660905 0.612077 0.677097 0.624221 0.69936 0.619161 0.710998 0.606005 0.710998 0.589307 0.696324 0.582224 0.681651 0.570586
0 0.81675 0.792716 0.843568 0.811437 0.853688 0.830665 0.868867 0.831171 0.866843 0.806884 0.851664 0.78462 0.836484 0.76691 0.823328 0.767922 0.810678 0.77956
0 0.61486 0.658628 0.61233 0.682916 0.609294 0.703155 0.626498 0.731491 0.645725 0.734021 0.681145 0.740093 0.685193 0.718841 0.701384 0.731491 0.718082 0.725419 0.71454 0.739587 0.725672 0.744141 0.746418 0.760332 0.785379 0.762356 0.790439 0.741105 0.774753 0.720865 0.757549 0.685952 0.749454 0.663688 0.724154 0.644966 0.700878 0.647496 0.690253 0.629787 0.670013 0.630799 0.661917 0.64952 0.655845 0.629281 0.638136 0.638895 0.619414 0.655086
0 0.660399 0.777536 0.644713 0.78968 0.658881 0.801824 0.681145 0.796764 0.678109 0.781584
0 0.755019 0.763874 0.733262 0.778548 0.755019 0.790186 0.771717 0.77703 0.777789 0.767416
0 0.685699 0.926803 0.676085 0.929839 0.685193 0.937935
0 0.892649 0.941477 0.880505 0.947043 0.885565 0.953621
0 0.893661 0.91719 0.865831 0.919213 0.867855 0.931357 0.898215 0.928827
0 0.695312 0.801318 0.688229 0.806378 0.697336 0.813461
