0 0.278123 0.346432 0.287231 0.367683 0.297351 0.378815 0.30494 0.368189 0.30494 0.354528 0.297857 0.343396 0.285713 0.336818
0 0.449654 0.895432 0.475206 0.90454 0.490386 0.935405 0.466858 0.931863 0.45016 0.928827 0.433462 0.918202 0.418535 0.900998
0 0.277111 0.558948 0.282171 0.574128 0.296339 0.581718 0.301905 0.567044 0.296845 0.55743 0.280653 0.55237
0 0.246752 0.503289 0.247258 0.471918 0.256871 0.467364 0.269521 0.477989 0.281665 0.489121 0.271545 0.503795 0.254847 0.504807
0 0.304435 0.469388 0.288749 0.459268 0.286725 0.44004 0.301905 0.423342 0.30747 0.401585 0.321132 0.373249 0.341878 0.381345 0.34795 0.409175 0.351998 0.424354 0.33783 0.453196 0.331758 0.467364
0 0.320373 0.32012 0.309241 0.33277 0.324168 0.342384 0.337324 0.340866 0.337324 0.326698
0 0.339348 0.357058 0.354528 0.373755 0.369707 0.366671 0.385393 0.366165 0.409681 0.361105 0.416764 0.341878 0.399561 0.32771 0.380839 0.32265 0.364141 0.32265 0.34542 0.337324
0 0.425366 0.391465 0.435486 0.400573 0.458256 0.400067 0.474953 0.388935 0.469894 0.376791 0.451172 0.376285 0.452184 0.364141 0.451678 0.354022 0.431944 0.360094 0.417776 0.372743 0.415753 0.385393
0 0.455726 0.324674 0.45016 0.341878 0.479507 0.351492 0.498229 0.34542 0.521505 0.333782 0.526565 0.326698 0.531118 0.329734 0.545792 0.3353 0.559454 0.351998 0.57767 0.35807 0.590825 0.354022 0.594367 0.343396 0.575646 0.323156 0.5549 0.300387 0.548322 0.290773 0.540226 0.282677 0.510879 0.291785 0.499747 0.30494 0.485073 0.31506 0.463316 0.320626
0 0.566032 0.369201 0.561984 0.376285 0.57261 0.388429 0.588295 0.390959 0.593861 0.369707 0.589813 0.362117 0.579188 0.362623
0 0.635859 0.380333 0.621691 0.404115 0.613595 0.414235 0.605499 0.418788 0.611571 0.435486 0.613595 0.451172 0.624727 0.459268 0.634847 0.430426 0.649014 0.408669 0.65205 0.394501 0.650532 0.382863
0 0.6647 0.387923 0.664194 0.407657 0.668748 0.414741 0.655845 0.42739 0.651291 0.439534 0.655339 0.450666 0.665459 0.461798 0.672796 0.46028 0.682916 0.453196 0.688988 0.42992 0.696071 0.416764 0.695565 0.397537 0.67482 0.384887
0 0.575646 0.415247 0.574128 0.442064 0.5802 0.463822 0.583741 0.476471 0.595379 0.485579 0.601957 0.468376 0.597403 0.438016 0.595379 0.4198 0.590825 0.409681
0 0.612583 0.53213 0.608029 0.545792 0.600945 0.558948 0.617643 0.563502 0.629787 0.548828 0.620173 0.53213
0 0.2551 0.595885 0.246499 0.597909 0.239921 0.599933 0.235367 0.612583 0.237897 0.624727 0.258389 0.618655 0.262437 0.604487
0 0.362876 0.374261 0.353263 0.374767 0.355793 0.385899 0.364394 0.379827
0 0.397284 0.378815 0.389188 0.378815 0.388682 0.388935 0.394754 0.392477
0 0.398296 0.398043 0.38514 0.397031 0.38767 0.404621
0 0.406392 0.433462 0.396778 0.432956 0.393742 0.441558 0.40285 0.444088
0 0.575393 0.459268 0.563755 0.463316 0.567297 0.473941 0.575899 0.46787
0 0.651797 0.418788 0.642689 0.418788 0.644713 0.429414 0.653821 0.428402
0 0.659893 0.460786 0.649773 0.458256 0.646737 0.476471 0.657869 0.480013
0 0.59209 0.516445 0.582477 0.522517 0.582983 0.530612 0.592596 0.532636
0 0.51265 0.525047 0.502024 0.523023 0.502024 0.53466 0.509614 0.537696
0 0.333529 0.523529 0.319867 0.528082 0.322903 0.53719 0.330493 0.540732
0 0.233849 0.57261 0.244981 0.5549 0.241945 0.547816 0.232331 0.53719 0.224741 0.546298 0.230813 0.553888 0.227777 0.564008
0 0.275846 0.509867 0.26269 0.509361 0.263702 0.516951 0.274328 0.516445
0 0.462051 0.427896 0.450919 0.432956 0.451931 0.442064 0.461039 0.43751
0 0.254088 0.577164 0.240933 0.584247 0.246499 0.592343 0.255606 0.584247
0 0.454461 0.78968 0.443329 0.798788 0.450413 0.811437 0.458509 0.808907
0 0.483302 0.758814 0.47217 0.760838 0.475712 0.778042 0.485326 0.780066
0 0.462557 0.759826 0.451425 0.758308 0.452437 0.767416 0.459015 0.768428
0 0.432197 0.952609 0.420053 0.945525 0.427643 0.936923 0.437257 0.935405
