0 0.125314 0.843315 0.11823 0.867602 0.11823 0.890372 0.128856 0.912636 0.135434 0.924273 0.147071 0.906564 0.153143 0.885818 0.158709 0.87165 0.163263 0.851917 0.155673 0.843315 0.136446 0.836231
0 0.182491 0.824593 0.176925 0.836231 0.180973 0.856977 0.185527 0.866084 0.185021 0.887336 0.189069 0.90454 0.206272 0.91719 0.242704 0.927309 0.235114 0.908082 0.227018 0.898468 0.212344 0.886324 0.212344 0.879746 0.222464 0.868108 0.226512 0.848375 0.216898 0.826617 0.21538 0.812449 0.206272 0.803848 0.189069 0.807895
0 0.157191 0.90454 0.150107 0.918202 0.153143 0.929839 0.173383 0.938441 0.187551 0.942489 0.206272 0.938947 0.199694 0.921743 0.182491 0.910106 0.168829 0.9096
0 0.129868 0.943501 0.119242 0.955645 0.11317 0.978414 0.126832 0.979932 0.143023 0.965259 0.144541 0.950079 0.139481 0.944513
0 0.1157 0.98651 0.135434 0.986004 0.154661 0.99157 0.163729 0.998047 0.104062 0.998047
0 0.268509 0.897962 0.253329 0.905046 0.267497 0.918202 0.279641 0.915672 0.305952 0.902516 0.289761 0.89189
0 0.378309 0.874686 0.399561 0.875698 0.43245 0.87165 0.441052 0.86912 0.458762 0.902516 0.504301 0.91213 0.53466 0.91719 0.546804 0.91213 0.561984 0.893408 0.566032 0.886324 0.561984 0.865072 0.574128 0.860519 0.599427 0.865072 0.595885 0.830665 0.582224 0.822063 0.581718 0.805872 0.595379 0.798282 0.605499 0.795246 0.620679 0.802836 0.608535 0.826617 0.610053 0.850399 0.625739 0.859507 0.632317 0.849893 0.628775 0.831171 0.638895 0.803848 0.638389 0.78968 0.619161 0.775006 0.589307 0.765392 0.56502 0.788162 0.53719 0.77956 0.526059 0.798282 0.514927 0.802836 0.501265 0.813967 0.472423 0.822063 0.448642 0.827123 0.43751 0.818521 0.414235 0.819027 0.407657 0.822569 0.403103 0.840785 0.387417 0.855965
0 0.633835 0.90454 0.653568 0.89189 0.678868 0.897962 0.693036 0.906564 0.713781 0.90454 0.729973 0.905552 0.726431 0.889866 0.702649 0.883794 0.685446 0.872156 0.646484 0.872662 0.633835 0.872662 0.627763 0.900492
0 0.816497 0.938441 0.804354 0.942489 0.811437 0.959693 0.824087 0.957669 0.829653 0.948055
0 0.748695 0.917696 0.730479 0.919213 0.729467 0.930345 0.743635 0.938947 0.762862 0.931863 0.767922 0.921237
0 0.973355 0.810425 0.962223 0.825099 0.97639 0.835725 0.980944 0.830665 0.980944 0.818521
0 0.988028 0.814979 0.9941 0.807389 0.998047 0.807389 0.998047 0.831677 0.989546 0.828135
