2 0.0507812 0.239041 0.0486111 0.252062 0.0638021 0.254232 0.0648872 0.242296
2 0.145182 0.244466 0.143012 0.259657 0.156033 0.261827 0.158203 0.247721
2 0.129991 0.337782 0.128906 0.346463 0.143012 0.349718 0.146267 0.337782
2 0.0605469 0.370334 0.0583767 0.383355 0.0713976 0.383355 0.0735677 0.372504
2 0.0562066 0.397461 0.0562066 0.408312 0.0692274 0.412652 0.0713976 0.400716
2 0.0529514 0.424588 0.0518663 0.441949 0.0648872 0.444119 0.0648872 0.424588
2 0.0887587 0.405056 0.0865885 0.421332 0.0996094 0.422418 0.10178 0.411567
2 0.10612 0.418077 0.0963542 0.432183 0.11263 0.436523 0.120226 0.427843
2 0.0594618 0.447374 0.0572917 0.46148 0.0703125 0.46582 0.0724826 0.450629
2 0.204861 0.367079 0.201606 0.38227 0.215712 0.383355 0.220052 0.371419
2 0.215712 0.342122 0.214627 0.355143 0.227648 0.358398 0.229818 0.343207
2 0.246094 0.339952 0.242839 0.356228 0.2602 0.355143 0.2602 0.344293
2 0.265625 0.332357 0.26454 0.346463 0.276476 0.347548 0.278646 0.334527
2 0.156033 0.435438 0.153863 0.451714 0.165799 0.45497 0.171224 0.436523
2 0.198351 0.482096 0.195095 0.498372 0.209201 0.498372 0.211372 0.487522
2 0.275391 0.440864 0.27322 0.456055 0.288411 0.45714 0.287326 0.444119
2 0.247179 0.517904 0.242839 0.53201 0.261285 0.533095 0.261285 0.518989
2 0.276476 0.559136 0.278646 0.573242 0.291667 0.573242 0.290582 0.558051
2 0.0757378 0.636176 0.0768229 0.652452 0.0898438 0.652452 0.0887587 0.640516
2 0.201606 0.594944 0.201606 0.607964 0.216797 0.607964 0.214627 0.596029
2 0.208116 0.551541 0.209201 0.565647 0.223307 0.566732 0.224392 0.553711
2 0.224516 0.426447 0.221104 0.437534 0.233897 0.43924 0.23475 0.428152
2 0.0112923 0.128787 0.00958652 0.14158 0.0206741 0.144139 0.0232328 0.131346
2 0.0283502 0.179108 0.0240857 0.196165 0.0385849 0.195312 0.0411436 0.182519
2 0.360126 0.0409389 0.360978 0.0537323 0.375478 0.0571438 0.372919 0.0434975
2 0.415564 0.0801719 0.415564 0.0921124 0.426651 0.0938182 0.428357 0.0818777
2 0.498294 0.0895538 0.498294 0.101494 0.508529 0.104906 0.511088 0.0887009
2 0.943504 0.040086 0.941799 0.0520265 0.953739 0.0528794 0.954592 0.0417918
2 0.245838 0.0852893 0.244132 0.0946711 0.254367 0.0980827 0.258631 0.0861422
2 0.310658 0.323246 0.309805 0.339451 0.320892 0.347127 0.324304 0.324952
2 0.0923171 0.675491 0.0889056 0.688285 0.101699 0.693402 0.104258 0.674638
2 0.000204694 0.746281 0.000204694 0.763339 0.0104394 0.764192 0.0121452 0.747134
2 0.0522312 0.78125 0.0513783 0.801719 0.061613 0.802572 0.0641717 0.78125
2 0.0871998 0.794896 0.0871998 0.81366 0.0999932 0.81366 0.0982874 0.794896
2 0.00958652 0.810248 0.00958652 0.823895 0.0223799 0.824748 0.0232328 0.811954
2 0.0675832 0.930506 0.0658775 0.947564 0.077818 0.948417 0.0803766 0.933918
2 0.173342 0.785514 0.169078 0.795749 0.182724 0.800867 0.186135 0.788073
2 0.198929 0.756516 0.199782 0.772721 0.212575 0.771868 0.213428 0.759928
2 0.183577 0.71643 0.181871 0.729224 0.192959 0.729224 0.195517 0.718989
2 0.185282 0.736047 0.181871 0.750546 0.19637 0.749693 0.19637 0.738605
2 0.1904 0.700225 0.188694 0.712166 0.210016 0.718136 0.212575 0.708754
2 0.221957 0.746281 0.221104 0.763339 0.229633 0.763339 0.242426 0.747134 0.238162 0.734341
2 0.260337 0.723253 0.258631 0.737752 0.272278 0.739458 0.274836 0.726665
2 0.232192 0.701078 0.232192 0.714724 0.242426 0.715577 0.244132 0.703637
2 0.289335 0.675491 0.288483 0.687432 0.300423 0.68999 0.302129 0.682314
2 0.232192 0.626876 0.231339 0.63967 0.244985 0.641376 0.246691 0.628582
2 0.32601 0.772721 0.321745 0.784662 0.334539 0.78722 0.339656 0.777838
2 0.53241 0.597025 0.53241 0.609819 0.545203 0.608113 0.547762 0.597025
2 0.52644 0.630288 0.522175 0.643934 0.536674 0.646493 0.540086 0.635405
2 0.47356 0.703637 0.472707 0.71643 0.484648 0.718136 0.484648 0.707048
2 0.524734 0.798308 0.522175 0.816219 0.534969 0.816219 0.535822 0.796602
2 0.492324 0.68402 0.490618 0.695108 0.502559 0.695108 0.502559 0.684873
2 0.737104 0.708754 0.737104 0.723253 0.750751 0.723253 0.750751 0.711313
2 0.801924 0.689138 0.801924 0.701931 0.812159 0.707048 0.817276 0.695108
2 0.817276 0.691696 0.818982 0.70449 0.831775 0.705343 0.830922 0.695961
2 0.60917 0.863981 0.618552 0.875068 0.612582 0.88445 0.600641 0.882744 0.596377 0.869951
2 0.617699 0.854599 0.610876 0.863128 0.620258 0.875068 0.62964 0.863981
2 0.958004 0.948417 0.958856 0.962063 0.972503 0.960358 0.972503 0.950123
