2 0.303602 0.902018 0.298177 0.924805 0.316623 0.926975 0.319878 0.909614
2 0.161458 0.824978 0.160373 0.84885 0.182075 0.84885 0.18099 0.830404
2 0.326389 0.297635 0.314453 0.316081 0.335069 0.328016 0.347005 0.30957
2 0.355686 0.291124 0.34592 0.304145 0.358941 0.323676 0.370877 0.31174 0.374132 0.296549
2 0.42947 0.245551 0.424045 0.268338 0.441406 0.279188 0.449002 0.255317
2 0.309028 0.0882161 0.306858 0.105577 0.320964 0.109918 0.329644 0.0925564 0.323134 0.0838759
2 0.272135 0.0155165 0.290582 0.0285373 0.300347 0.0144314 0.285156 0.000325521
2 0.49783 0.498372 0.510851 0.505968 0.521701 0.496202 0.514106 0.482096 0.498915 0.486437
2 0.0290799 0.753364 0.0138889 0.751194 0.00737847 0.76964 0.0269097 0.772895
2 0.650825 0.472331 0.644314 0.502713 0.663845 0.503798 0.669271 0.478841
2 0.212457 0.379015 0.207031 0.395291 0.223307 0.405056 0.227648 0.385525
2 0.118056 0.183702 0.109375 0.195638 0.11697 0.207574 0.133247 0.202148 0.134332 0.188043
2 0.046441 0.487522 0.0345052 0.495117 0.0377604 0.511393 0.0529514 0.517904 0.062717 0.505968
2 0.03125 0.349718 0.0247396 0.357313 0.0301649 0.369249 0.0421007 0.370334 0.0496962 0.354058
2 0.548828 0.502713 0.540148 0.529839 0.552083 0.533095 0.561849 0.510308
2 0.690972 0.497287 0.683377 0.510308 0.703993 0.523329 0.721354 0.523329 0.715929 0.504883
2 0.447001 0.176606 0.445038 0.190346 0.46663 0.191328 0.469574 0.17268 0.455834 0.168754
2 0.576555 0.647711 0.574592 0.668322 0.590295 0.672248 0.597166 0.655563 0.589314 0.647711
2 0.104468 0.0980881 0.108394 0.115755 0.122134 0.117717 0.125079 0.0990696 0.115264 0.0931807
2 0.88081 0.543675 0.879829 0.562323 0.904366 0.563305 0.90731 0.541712
2 0.887681 0.616304 0.874921 0.625137 0.877866 0.647711 0.906329 0.649674 0.90731 0.630045
2 0.748312 0.608452 0.729664 0.61336 0.729664 0.631026 0.751256 0.637897 0.758127 0.621212
2 0.88081 0.427862 0.86707 0.436695 0.871977 0.454362 0.896514 0.454362 0.897495 0.434732
2 0.905347 0.143236 0.899458 0.155013 0.906329 0.164828 0.917125 0.164828 0.920069 0.151087
2 0.115264 0.420992 0.105449 0.428843 0.109375 0.441603 0.123116 0.440621 0.127041 0.429825
2 0.595203 0.156976 0.579499 0.161884 0.589314 0.174643 0.608943 0.174643 0.60698 0.162865
2 0.457227 0.327734 0.457617 0.34043 0.468555 0.34043 0.468555 0.32793
2 0.0212891 0.280469 0.0216797 0.287891 0.0283203 0.2875 0.0279297 0.280078
2 0.433008 0.744336 0.433008 0.752344 0.441211 0.752539 0.441406 0.744141
