2 0.0625708 0.0317054 0.055487 0.0367653 0.0671248 0.0428372 0.0681367 0.0357533
2 0.22803 0.0256335 0.216898 0.0271515 0.221958 0.0387893 0.230054 0.0367653
2 0.169841 0.0291754 0.160227 0.0301874 0.165793 0.0478971 0.173889 0.053969 0.173383 0.0377773
2 0.152637 0.0484031 0.142011 0.051439 0.145553 0.0595349 0.153649 0.0585229
2 0.0924243 0.0448612 0.0792685 0.0443552 0.0792685 0.053969 0.0873644 0.0570049
2 0.136446 0.1157 0.129868 0.121772 0.135434 0.132398 0.143529 0.143529 0.150107 0.138469
2 0.2255 0.213356 0.218922 0.220946 0.229548 0.2255
2 0.265979 0.20273 0.255859 0.204248 0.258389 0.215886 0.264967 0.216392
2 0.299881 0.187045 0.283183 0.182491 0.282171 0.193116 0.292291 0.196658
2 0.247764 0.21032 0.232078 0.21538 0.241186 0.222464 0.249281 0.216898
2 0.273063 0.102038 0.265979 0.102038 0.261931 0.111146 0.267497 0.124302 0.277111 0.122278
2 0.314554 0.331758 0.306964 0.328216 0.306458 0.343396 0.31253 0.343902
2 0.716311 0.307976 0.706191 0.31 0.708215 0.319108 0.716311 0.318602
2 0.904034 0.12329 0.893408 0.127844 0.89948 0.142011 0.907576 0.142011 0.908082 0.131386
2 0.868108 0.216392 0.855965 0.221452 0.861531 0.240174 0.868108 0.24827 0.876204 0.246752
2 0.980438 0.42992 0.964753 0.435992 0.973355 0.449654 0.982968 0.45016
2 0.860519 0.492157 0.848881 0.492663 0.844833 0.500759 0.856471 0.505313 0.86406 0.500253
2 0.860519 0.511891 0.844327 0.512903 0.837749 0.520999 0.843821 0.526059 0.858495 0.524035
2 0.925285 0.66976 0.916178 0.668242 0.915672 0.680386 0.924779 0.682916
2 0.941477 0.930345 0.930345 0.935405 0.928827 0.946031 0.939453 0.951597 0.945019 0.945019
2 0.890372 0.7998 0.865072 0.810931 0.86912 0.815485 0.882782 0.817003 0.894926 0.811943
2 0.741611 0.840279 0.725419 0.853435 0.740093 0.860519 0.743635 0.852423
2 0.632317 0.849387 0.621691 0.847869 0.624727 0.859507
2 0.599933 0.65964 0.611065 0.66976 0.607523 0.67988 0.596897 0.675326 0.594873 0.666218
2 0.606511 0.700625 0.586777 0.703155 0.594367 0.715299 0.603981 0.711757
2 0.634847 0.588801 0.621185 0.591331 0.628269 0.601957 0.634847 0.599933
2 0.43498 0.461292 0.421824 0.46787 0.42992 0.476977 0.439534 0.476471
2 0.471412 0.458256 0.46281 0.461798 0.463822 0.469388 0.472929 0.471412
2 0.427896 0.336818 0.41727 0.341878 0.425872 0.350986 0.432956 0.34795
2 0.388429 0.69506 0.360599 0.713275 0.373249 0.712263 0.385393 0.708721
2 0.482037 0.701637 0.472929 0.708215 0.479001 0.718841 0.484061 0.716817
2 0.438016 0.896444 0.422836 0.897456 0.433968 0.926297 0.443582 0.921237
2 0.416764 0.78462 0.402091 0.796258 0.408669 0.800306 0.420812 0.798282
2 0.822063 0.117724 0.812955 0.117724 0.815485 0.125314 0.823075 0.126326
