0 0.247511 0.704167 0.224741 0.693036 0.214115 0.670266 0.215127 0.630293 0.214621 0.609041 0.210573 0.586271 0.207537 0.562996 0.209561 0.547816 0.234861 0.530106 0.247005 0.540226 0.258642 0.560972 0.272304 0.570586 0.259654 0.58273 0.236379 0.585259 0.239921 0.608535 0.243463 0.630799 0.25004 0.64699 0.246499 0.663182 0.249534 0.678868 0.263196 0.680892 0.26269 0.701637
0 0.25257 0.536178 0.268256 0.53213 0.266232 0.520493 0.246499 0.519481 0.240933 0.531624
0 0.304182 0.556418 0.30064 0.568056 0.307723 0.57767 0.311265 0.590319 0.317843 0.610053 0.328975 0.595885 0.317337 0.556924
0 0.446365 0.98904 0.464075 0.971331 0.460533 0.947549 0.464075 0.945525 0.478242 0.930345 0.475712 0.91719 0.472676 0.899986 0.476218 0.882782 0.483302 0.868614 0.49747 0.87165 0.50506 0.892902 0.505566 0.906564 0.497976 0.918707 0.497976 0.938947 0.490892 0.953621 0.486338 0.960199 0.486844 0.981956 0.478748 0.997136 0.456485 0.997136
0 0.417523 0.675326 0.408922 0.680386 0.409934 0.697083 0.422077 0.698095 0.444847 0.693542 0.454461 0.686964 0.447883 0.682916 0.429667 0.68494
0 0.413982 0.618149 0.40032 0.618149 0.402344 0.630293 0.410946 0.630799
0 0.432703 0.728455 0.421571 0.728455 0.418029 0.737563 0.423595 0.747177 0.434727 0.741105
0 0.48988 0.767416 0.476218 0.771464 0.481278 0.777536
0 0.459015 0.751224 0.445353 0.753754 0.444847 0.75932 0.455473 0.76185
0 0.429161 0.630799 0.416006 0.629281 0.416511 0.637883 0.423595 0.640918
0 0.256618 0.54225 0.268762 0.532636 0.276858 0.535166 0.27281 0.548322 0.263196 0.551358
