2 0.546045 0.2255 0.523782 0.244728 0.526818 0.261425 0.553129 0.248776 0.562743 0.237138
2 0.996883 0.265979 0.986257 0.277617 0.990305 0.293303 0.997895 0.285207
2 0.965512 0.261425 0.952862 0.265979 0.95691 0.281665 0.969054 0.272051
2 0.815738 0.402091 0.799547 0.408669 0.81169 0.418282 0.823328 0.411199
2 0.872915 0.409175 0.847616 0.413223 0.861784 0.431944 0.879999 0.426884
2 0.83952 0.42739 0.825352 0.440546 0.843568 0.445606
2 0.971078 0.448642 0.958428 0.45775 0.967536 0.473941 0.979173 0.466352
2 0.901251 0.524035 0.889613 0.533142 0.900745 0.540226 0.906311 0.538202
2 0.719094 0.597909 0.70948 0.603981 0.725672 0.609041 0.728202 0.602463
2 0.615872 0.675326 0.605246 0.686964 0.62498 0.695565 0.625486 0.68241
2 0.609294 0.709227 0.601198 0.721877 0.609294 0.728961 0.613342 0.716817
2 0.798535 0.279641 0.796005 0.292797 0.804101 0.298363 0.806631 0.286219
2 0.770705 0.294315 0.759067 0.293809 0.762609 0.306964 0.773235 0.306964
2 0.910865 0.336818 0.899227 0.346432 0.910359 0.355034 0.912889 0.345926
2 0.845592 0.334288 0.838002 0.343902 0.843062 0.354528 0.848628 0.350986
2 0.642183 0.405633 0.62751 0.408669 0.636112 0.421318
2 0.354275 0.403609 0.335553 0.407657 0.346685 0.419294 0.361864 0.411705
2 0.462557 0.456232 0.450919 0.46281 0.464075 0.474953 0.473182 0.471412
2 0.36996 0.507337 0.361864 0.516445 0.372996 0.520999
2 0.387164 0.520999 0.37249 0.525553 0.381598 0.53719
2 0.3649 0.535672 0.354781 0.547816 0.372996 0.5549 0.377044 0.542756
2 0.340613 0.534154 0.340107 0.548322 0.348203 0.554394 0.351239 0.54225
2 0.783109 0.861046 0.777162 0.865428 0.775597 0.881704 0.7853 0.881078 0.789682 0.866367
2 0.708928 0.834128 0.700164 0.846335 0.725204 0.858229 0.734281 0.849778 0.71957 0.834441
2 0.661352 0.833815 0.649458 0.836006 0.649458 0.847587 0.660726 0.848213 0.667612 0.843205
2 0.685766 0.844457 0.678254 0.851969 0.681071 0.860107 0.707989 0.86042 0.708615 0.854473
2 0.696721 0.883895 0.684514 0.909249 0.697973 0.912066 0.708615 0.89579
2 0.67262 0.884208 0.669177 0.898607 0.683575 0.894225
2 0.688896 0.924899 0.718318 0.931472 0.699851 0.962459 0.685453 0.965276 0.679193 0.926777
2 0.721761 0.975918 0.708302 0.98343 0.728334 0.993759
2 0.698286 0.972788 0.685766 0.978109 0.695156 0.990629 0.702668 0.988438
2 0.526762 0.950252 0.513303 0.95839 0.527701 0.975605 0.537404 0.968406
2 0.552741 0.997515 0.567765 0.985621 0.586232 0.997202
2 0.507043 0.960894 0.498904 0.971536 0.510173 0.97717 0.51299 0.96778
2 0.360558 0.842579 0.358054 0.851969 0.362123 0.858542 0.370261 0.852282
2 0.378399 0.846335 0.387163 0.848526 0.384659 0.86042 0.373391 0.858542
2 0.447572 0.815035 0.439747 0.821921 0.447259 0.827868 0.460092 0.820356
2 0.369322 0.814096 0.357741 0.820043 0.364001 0.829433 0.373704 0.820356
2 0.238488 0.71331 0.220334 0.714875 0.2147 0.723013 0.22722 0.733655 0.245374 0.729273 0.243496 0.720509
2 0.175575 0.744923 0.162429 0.746801 0.163368 0.75713 0.178079 0.753374
2 0.189973 0.765268 0.17088 0.771215 0.186843 0.785926 0.194042 0.780605
2 0.261337 0.791873 0.253199 0.804393 0.26791 0.80721 0.270101 0.800324
2 0.29921 0.832876 0.282621 0.836319 0.290759 0.846022 0.30234 0.844457
2 0.159925 0.941488 0.145214 0.946183 0.150848 0.954947 0.157734 0.956199
2 0.131129 0.779353 0.119548 0.786239 0.127686 0.80095 0.136137 0.792186 0.132694 0.783735
2 0.228159 0.944931 0.218143 0.948687 0.226281 0.96465
2 0.348038 0.670429 0.341778 0.68201 0.350855 0.684827 0.35242 0.679506
2 0.389667 0.680445 0.384033 0.686705 0.393736 0.693591 0.396866 0.684201
2 0.395301 0.726456 0.386224 0.727708 0.38998 0.738037 0.397179 0.737411
2 0.196568 0.54331 0.187267 0.546797 0.196956 0.556486
2 0.53294 0.525871 0.524802 0.525871 0.527127 0.541372 0.53449 0.535172
2 0.757316 0.222052 0.748016 0.229415 0.752666 0.235228
2 0.777468 0.184462 0.772817 0.1895 0.780568 0.196863 0.783281 0.191825
2 0.767392 0.205001 0.758479 0.208488 0.768555 0.217401
2 0.995257 0.186842 0.982801 0.197804 0.993264 0.204281 0.998047 0.204281 0.998047 0.189334
2 0.0182966 0.932369 0.00716483 0.925791 0.00564686 0.932875 0.00261091 0.938441 0.0152607 0.945525
2 0.00159893 0.969813 0.00969479 0.973861 0.00969479 0.98651 0 0.986176
