0 0.370213 0.134928 0.379321 0.159215 0.389947 0.162757 0.403103 0.166299 0.411199 0.160733 0.407151 0.148589 0.396019 0.139481 0.384887 0.132398
0 0.272557 0.128856 0.270533 0.144035 0.278629 0.147577 0.284961 0.152539 0.295312 0.153125 0.308789 0.133398 0.311523 0.108594 0.292383 0.0982422
0 0.343396 0.171359 0.337324 0.180467 0.346938 0.190081 0.356552 0.191093 0.365153 0.187551 0.357564 0.177431 0.350986 0.174395
0 0.511891 0.191093 0.513409 0.206272 0.516951 0.211838 0.525553 0.216898 0.533648 0.214368 0.533648 0.19767 0.528082 0.185527 0.519481 0.184009 0.512903 0.184009
0 0.683928 0.194634 0.682916 0.205766 0.690506 0.209308 0.696577 0.203236 0.69506 0.189069 0.682916 0.185527
0 0.817269 0.167311 0.818555 0.186523 0.802734 0.190625 0.799805 0.198047 0.813672 0.201172 0.813281 0.211523 0.821289 0.216211 0.827148 0.194727 0.835485 0.183503 0.830425 0.164275 0.825391 0.162109
0 0.421318 0.53972 0.404621 0.553382 0.398549 0.575646 0.420812 0.581212 0.416764 0.573116 0.427896 0.565526 0.439028 0.575646 0.451172 0.57767 0.469894 0.581718 0.484061 0.594367 0.497217 0.596391 0.513409 0.593355 0.518469 0.573622 0.482037 0.566032 0.465846 0.564008 0.449148 0.555912 0.440546 0.545792
0 0.751224 0.851411 0.748695 0.867602 0.763874 0.87671 0.768934 0.884806 0.770958 0.897962 0.791198 0.89948 0.793728 0.883288 0.793222 0.872662 0.780066 0.860519 0.768934 0.860519 0.758308 0.854953
0 0.346875 0.113477 0.342383 0.125977 0.351562 0.126758 0.35293 0.114258
0 0.32207 0.154102 0.322656 0.165234 0.332617 0.164258 0.330273 0.153711
0 0.495312 0.160938 0.495508 0.170313 0.505664 0.169922 0.505078 0.159375
0 0.507031 0.217188 0.507227 0.226953 0.516992 0.226367 0.515625 0.216406
0 0.55918 0.145313 0.557813 0.154688 0.570703 0.154883 0.588281 0.161719 0.594727 0.150977 0.580273 0.148633
0 0.574609 0.173633 0.579492 0.186523 0.588477 0.18457 0.584375 0.171484
0 0.587109 0.203906 0.587891 0.213672 0.596484 0.211523 0.596094 0.198437 0.592969 0.196289
0 0.625781 0.162305 0.647656 0.154297 0.654492 0.160352 0.648047 0.166211 0.643359 0.171094 0.651563 0.181055 0.636328 0.189453 0.636133 0.174219 0.629297 0.171289
0 0.452344 0.583398 0.451953 0.591797 0.461523 0.591406 0.460938 0.583203
0 0.511523 0.532227 0.525977 0.531445 0.525195 0.538867 0.510156 0.54043
0 0.464453 0.670508 0.464648 0.680273 0.473633 0.679883 0.472656 0.670312
0 0.652148 0.840625 0.652344 0.847656 0.661523 0.847461 0.661328 0.840234
0 0.629102 0.858984 0.629102 0.867773 0.639258 0.867969 0.639258 0.858203
0 0.317383 0.960352 0.316406 0.970898 0.324609 0.970313 0.325 0.958789
0 0.710547 0.668555 0.709961 0.676953 0.720117 0.676953 0.718359 0.668164
0 0.781836 0.542969 0.781445 0.551953 0.79082 0.551953 0.79043 0.541797
0 0.814844 0.529297 0.814453 0.537891 0.823242 0.538086 0.823828 0.529492
0 0.847852 0.589063 0.846875 0.601172 0.853516 0.602344 0.854883 0.59082
0 0.93125 0.528906 0.921875 0.535352 0.911133 0.538086 0.905078 0.546875 0.890039 0.549414 0.897461 0.560156 0.914453 0.55332 0.913281 0.548438 0.92832 0.554883 0.937695 0.549219 0.944922 0.538672 0.936914 0.528711
0 0.941992 0.555469 0.941797 0.56582 0.951953 0.56543 0.950977 0.554297
0 0.714063 0.455078 0.713086 0.464648 0.723242 0.464258 0.721875 0.454688
0 0.782972 0.246294 0.782972 0.259728 0.795373 0.258005 0.793306 0.24526
