2 0.952862 0.300387 0.947802 0.320626 0.971584 0.321638 0.97209 0.31253
2 0.942742 0.360094 0.930092 0.369201 0.937682 0.378815 0.950838 0.376285
2 0.690759 0.698095 0.679121 0.722383 0.69936 0.720359 0.698348 0.696577
2 0.585512 0.610053 0.571345 0.614607 0.578935 0.628775 0.590066 0.626751
2 0.452943 0.561478 0.441305 0.570586 0.450919 0.580706 0.464581 0.574634
2 0.60221 0.739081 0.58956 0.750719 0.601198 0.762862 0.60727 0.75173
2 0.0845814 0.703661 0.0754736 0.717323 0.0896414 0.725925 0.0916653 0.711757
2 0.202477 0.644966 0.199947 0.657616 0.213609 0.660652 0.210067 0.643954
2 0.660905 0.783102 0.652809 0.792716 0.662929 0.7998 0.671531 0.79221
2 0.888095 0.246752 0.873421 0.259907 0.883541 0.268003 0.890119 0.258895
2 0.245487 0.393489 0.228283 0.411199 0.246499 0.416764 0.249028 0.401079
2 0.315313 0.446618 0.308735 0.46028 0.316325 0.46534 0.325433 0.465846
2 0.664311 0.897859 0.66121 0.917493 0.672578 0.917493 0.676711 0.900959
