2 0.641677 0.740093 0.6351 0.755272 0.649773 0.760838 0.657869 0.750719
2 0.547563 0.88177 0.545539 0.901504 0.562743 0.897962 0.562237 0.890878
2 0.652303 0.970319 0.647243 0.98398 0.661917 0.990052 0.665459 0.974366
2 0.629534 0.177937 0.625992 0.201212 0.642689 0.195646 0.639653 0.185021
2 0.700878 0.181479 0.694301 0.199188 0.707962 0.206778 0.711504 0.190587
2 0.682663 0.055993 0.678255 0.0695023 0.69318 0.071208 0.694246 0.0645981
2 0.167564 0.898974 0.16048 0.91213 0.17313 0.915672 0.17566 0.900492
2 0.247005 0.881264 0.233343 0.890372 0.242451 0.908082 0.253076 0.895938
2 0.437257 0.0833165 0.442317 0.10558 0.452943 0.0949543 0.451931 0.0838225
2 0.467383 0.495898 0.462109 0.505469 0.47168 0.509961 0.476758 0.501172
2 0.351893 0.871703 0.351421 0.880441 0.359687 0.880205 0.360868 0.871467
2 0.883008 0.811328 0.883203 0.820117 0.895508 0.820117 0.893945 0.810937
2 0.632227 0.205078 0.632617 0.214648 0.641992 0.212891 0.639844 0.204102
2 0.310547 0.142187 0.310937 0.148828 0.319141 0.148242 0.31875 0.141016
2 0.388281 0.0861328 0.388672 0.0927734 0.397852 0.0919922 0.396484 0.084375
