0 0.23056 0.173889 0.224994 0.193116 0.217404 0.212344 0.21538 0.22803 0.227018 0.237138 0.240174 0.213862 0.243716 0.200706 0.251305 0.201212 0.261931 0.189575 0.256871 0.177937 0.251811 0.165287 0.248776 0.152637 0.236632 0.157191 0.229042 0.165287
0 0.281665 0.182997 0.289761 0.195646 0.306964 0.191093 0.306458 0.181479 0.297351 0.175407 0.286725 0.175407
0 0.316072 0.163769 0.319614 0.182997 0.33277 0.188563 0.346432 0.175913 0.339854 0.167311 0.328722 0.159721
0 0.387923 0.152131 0.375779 0.164275 0.371731 0.182491 0.390453 0.188563 0.408163 0.174901 0.417776 0.168323 0.42739 0.170853 0.435992 0.164275 0.430426 0.154155 0.41727 0.146059 0.398043 0.146565
0 0.458762 0.184515 0.46281 0.202224 0.471918 0.211332 0.484061 0.204248 0.478495 0.193116 0.477483 0.181479 0.46534 0.184009
0 0.528588 0.192611 0.523023 0.198682 0.518975 0.208296 0.528082 0.216898 0.54225 0.218416 0.551864 0.201212 0.545792 0.194128
0 0.663182 0.203742 0.649014 0.227524 0.64952 0.245234 0.657616 0.254847 0.683928 0.257377 0.703661 0.252823 0.723901 0.24321 0.737057 0.226512 0.733009 0.219428 0.724913 0.204754 0.709227 0.202224 0.698095 0.195646 0.680386 0.19514 0.671278 0.199694
0 0.437004 0.481531 0.453196 0.482037 0.464834 0.467364 0.474447 0.459774 0.471918 0.446112 0.453196 0.452184 0.448642 0.455726 0.438522 0.467364
0 0.440546 0.546804 0.46787 0.53719 0.465846 0.526059 0.453702 0.516951 0.439028 0.520493 0.439028 0.531624 0.433968 0.544274
0 0.616631 0.793728 0.619667 0.822569 0.621185 0.834713 0.593861 0.848375 0.596897 0.862543 0.616631 0.865072 0.637883 0.869626 0.635859 0.886324 0.631305 0.903022 0.634847 0.9096 0.661158 0.926297 0.679374 0.908082 0.693542 0.878228 0.721371 0.868614 0.739587 0.852423 0.737057 0.817003 0.719853 0.807895 0.707203 0.808907 0.692024 0.794234 0.676844 0.792716 0.660146 0.794234 0.645978 0.788162 0.617137 0.785126
0 0.46534 0.676844 0.485073 0.698601 0.488109 0.709733 0.493169 0.69 0.506325 0.68747 0.516445 0.68747 0.522517 0.671784 0.501265 0.666218 0.490133 0.660652 0.475459 0.6647
0 0.5549 0.523529 0.560466 0.559454 0.580706 0.567044 0.606511 0.55996 0.621185 0.543262 0.648508 0.542756 0.647496 0.5549 0.648002 0.563502 0.660146 0.570586 0.67229 0.561478 0.679374 0.547816 0.683928 0.534154 0.693036 0.504807 0.691518 0.487097 0.68494 0.481531 0.668242 0.471412 0.653568 0.471412 0.627257 0.474953 0.594873 0.491651 0.584753 0.504301 0.56755 0.510373 0.555406 0.516951
0 0.875698 0.403609 0.9096 0.408669 0.925285 0.411705 0.900492 0.426378 0.898974 0.433462 0.905046 0.445606 0.919719 0.446112 0.930345 0.421824 0.943501 0.41727 0.955139 0.403609 0.956151 0.391971 0.933887 0.390959 0.911624 0.388429 0.890372 0.388429 0.872156 0.390959
0 0.750719 0.378309 0.76185 0.392983 0.772476 0.397031 0.780066 0.381345 0.76691 0.378309
0 0.77956 0.403609 0.779054 0.418788 0.793222 0.423848 0.801824 0.421824 0.800306 0.406645 0.788668 0.404621
0 0.833701 0.492663 0.842809 0.505819 0.852929 0.500759 0.846857 0.491651 0.840279 0.484567
0 0.697083 0.448642 0.702143 0.465846 0.711251 0.473435 0.705179 0.477989 0.701131 0.486085 0.709227 0.496711 0.718335 0.490639 0.730479 0.478495 0.730985 0.456738 0.721371 0.452184 0.715299 0.440546 0.702143 0.439534
0 0.558442 0.587283 0.554394 0.617643 0.564008 0.627257 0.576152 0.631811 0.590825 0.626245 0.599933 0.628775 0.611065 0.626245 0.611065 0.609547 0.609041 0.606005 0.601957 0.584753 0.593861 0.580706 0.578682 0.576658 0.569068 0.580706
0 0.171359 0.98904 0.171865 0.995618 0.177431 0.998047 0.187045 0.998047 0.189069 0.987016
