0 0.169082 0.274581 0.213103 0.288749 0.251558 0.284195 0.2551 0.249281 0.238403 0.241186 0.202983 0.240174 0.172624 0.244728 0.164022 0.263955
0 0.29558 0.256365 0.321385 0.244728 0.351745 0.244728 0.367936 0.22803 0.372996 0.208802 0.351239 0.213356 0.333529 0.218416 0.304182 0.222464 0.293556 0.23056 0.291532 0.246752
0 0.359335 0.363129 0.355793 0.379827 0.386152 0.395007 0.383116 0.366165
0 0.0618119 0.390959 0.0719317 0.417776 0.0901473 0.423342 0.0967252 0.404115 0.0719317 0.388935
0 0.0279105 0.334794 0.0324644 0.354528 0.051692 0.352504 0.0466321 0.334794
0 0.0845814 0.338842 0.0774976 0.351492 0.0744616 0.367683 0.0855934 0.373249 0.0906533 0.360094 0.0947013 0.347444 0.0921713 0.339854
0 0.261678 0.32518 0.248017 0.324168 0.253076 0.334794 0.261172 0.339854
0 0.276352 0.229548 0.26775 0.226512 0.267244 0.23815 0.276858 0.240174
0 0.392224 0.221452 0.383622 0.220946 0.381598 0.231066 0.389694 0.235114
0 0.0365123 0.20526 0.0355003 0.229548 0.0461261 0.230054 0.0471381 0.21538 0.0441022 0.207284
0 0.0152607 0.180467 0.0299344 0.193116 0.0390423 0.202224 0.0486561 0.203236 0.0491621 0.190587 0.0415722 0.179961 0.0233565 0.169335 0.0137427 0.172877 0.0127307 0.175407
0 0.00210492 0.328216 0.00716483 0.325686 0.00463488 0.317084 0 0.317393
0 0.951344 0.89189 0.940212 0.908588 0.917443 0.925285 0.915925 0.937935 0.935152 0.954633 0.947296 0.953621 0.955392 0.939959 0.965512 0.927815 0.97209 0.910106 0.974114 0.89189
0 0.94173 0.955139 0.932622 0.970319 0.934646 0.988534 0.936164 0.99663 0.946082 0.998047 0.952862 0.993088 0.949826 0.975378 0.956404 0.957163 0.952862 0.951597
