2 0.922092 0.271593 0.921007 0.288954 0.952474 0.285699 0.947049 0.270508
2 0.26454 0.581923 0.263455 0.600369 0.276476 0.601454 0.278646 0.579753
2 0.0876736 0.271593 0.0898438 0.284614 0.10395 0.283529 0.10178 0.267253
2 0.378472 0.336697 0.378472 0.349718 0.395833 0.354058 0.391493 0.335612
2 0.708333 0.260742 0.706163 0.274848 0.721354 0.277018 0.721354 0.260742
2 0.800564 0.236871 0.799479 0.248806 0.8125 0.252062 0.813585 0.236871
2 0.81467 0.270508 0.828776 0.281359 0.834201 0.270508 0.826606 0.259657
2 0.811415 0.274848 0.804905 0.285699 0.815755 0.293294 0.823351 0.284614
2 0.859158 0.265082 0.860243 0.281359 0.874349 0.278103 0.871094 0.267253
2 0.862413 0.30306 0.862413 0.318251 0.875434 0.319336 0.876519 0.3074
2 0.417535 0.477756 0.41862 0.494032 0.431641 0.494032 0.432726 0.481011
2 0.412109 0.663303 0.409939 0.676324 0.42296 0.681749 0.426215 0.665473
2 0.57053 0.768555 0.57053 0.787001 0.584635 0.783746 0.58138 0.770725
2 0.773438 0.376845 0.773438 0.38878 0.787543 0.392036 0.787543 0.379015
2 0.784288 0.414822 0.781033 0.426758 0.796224 0.427843 0.798394 0.416992
2 0.720269 0.435438 0.723524 0.450629 0.73763 0.448459 0.734375 0.434353
2 0.930773 0.408312 0.927517 0.423503 0.942708 0.427843 0.947049 0.414822
2 0.969835 0.492947 0.969835 0.505968 0.986111 0.505968 0.985026 0.491862
2 0.00303819 0.610135 0.00239886 0.622374 0.014974 0.628581 0.016059 0.612305
2 0.549389 0.370353 0.549389 0.386068 0.562859 0.38719 0.563982 0.37372
2 0.302443 0.884451 0.302443 0.899044 0.318157 0.900166 0.318157 0.885574
2 0.336117 0.877716 0.336117 0.892309 0.350709 0.892309 0.351832 0.877716
2 0.46408 0.918126 0.46408 0.932718 0.476428 0.936086 0.47755 0.922616
2 0.488775 0.970883 0.48653 0.985475 0.5 0.986598 0.501122 0.972005
2 0.304688 0.714956 0.302443 0.728426 0.317035 0.731793 0.31928 0.720568
2 0.570717 0.890064 0.568472 0.904656 0.583064 0.904656 0.584186 0.893431
2 0.864808 0.985475 0.863685 0.997822 0.88389 0.9967 0.882768 0.985475
2 0.931034 0.832817 0.927667 0.848532 0.943382 0.851899 0.945627 0.837307
2 0.842358 0.756488 0.840113 0.772203 0.853583 0.774448 0.858073 0.75761
2 0.773886 0.719446 0.773886 0.729548 0.786234 0.731793 0.786234 0.719446
2 0.744702 0.778938 0.740212 0.790163 0.753682 0.792408 0.759294 0.782305
2 0.717762 0.845164 0.71664 0.859757 0.73011 0.863124 0.73011 0.850777
2 0.907462 0.81149 0.905217 0.82496 0.918687 0.826082 0.920932 0.814857
2 0.911952 0.76659 0.913075 0.778938 0.925422 0.78006 0.926545 0.76659
2 0.969199 0.714956 0.963587 0.726181 0.975934 0.731793 0.981546 0.721691
2 0.887258 0.658832 0.88389 0.670057 0.899605 0.676791 0.902972 0.665567
2 0.249686 0.453417 0.248563 0.466887 0.260911 0.468009 0.264278 0.452294
2 0.521327 0.00666756 0.516837 0.0178924 0.529185 0.0235048 0.53592 0.01228
2 0.463095 0.0276232 0.461795 0.0389975 0.468945 0.0412724 0.468945 0.0272983
2 0.246318 0.0156474 0.244073 0.0268723 0.256421 0.0313622 0.259788 0.0212599
2 0.266523 0.010035 0.272135 0.0246273 0.28336 0.0223824 0.276625 0.00891254
2 0.611126 0.0134025 0.604391 0.0257498 0.621228 0.0268723 0.623473 0.0134025
2 0.682965 0.0481995 0.679598 0.0616694 0.69419 0.0605469 0.69419 0.0504445
2 0.679598 0.0627918 0.679598 0.0740167 0.695312 0.0751392 0.696435 0.0639143
2 0.805316 0.109936 0.800826 0.118916 0.812051 0.126774 0.819908 0.115549
2 0.181214 0.556686 0.180092 0.571278 0.195806 0.573523 0.195806 0.561175
2 0.0689655 0.55893 0.0689655 0.5724 0.0790679 0.574645 0.0813129 0.561175
2 0.0532507 0.602707 0.0532507 0.6173 0.0655981 0.619545 0.070088 0.607197
2 0.144172 0.847409 0.144172 0.859757 0.156519 0.862002 0.158764 0.847409
2 0.913075 0.298514 0.908585 0.309739 0.922055 0.313106 0.9243 0.303004
2 0.90634 0.335556 0.902972 0.347903 0.91981 0.349026 0.920932 0.335556
