0 0.646231 0.00944179 0.633582 0.0276575 0.639653 0.0408132 0.661411 0.0438492 0.673555 0.0322114 0.667483 0.0155137 0.652303 0.00488787
0 0.683169 0.0342353 0.680133 0.054475 0.690253 0.0666188 0.70189 0.0676307 0.700878 0.0489091 0.691265 0.0392953
0 0.785379 0.00691184 0.770199 0.0089358 0.770705 0.0195616 0.781837 0.0220916
0 0.675073 0.0792685 0.663435 0.101026 0.671025 0.107604 0.680639 0.0979902 0.685699 0.0823045
0 0.675073 0.11317 0.663941 0.112664 0.640665 0.125314 0.653315 0.139987 0.671531 0.143529 0.682663 0.129362
0 0.957416 0.376791 0.934646 0.392477 0.955898 0.401079 0.965006 0.388429
0 0.612836 0.0150077 0.590572 0.0200676 0.59209 0.0392953 0.59462 0.0681367 0.61739 0.0701607 0.6351 0.0635828 0.636618 0.0398012 0.63004 0.0225976
0 0.59209 0.0711727 0.588042 0.0828105 0.575899 0.0893884 0.576911 0.0995082 0.58956 0.106086 0.601704 0.0959662 0.608282 0.0823045 0.610812 0.0716787
0 0.570333 0.0929303 0.562237 0.10558 0.573369 0.121266 0.583489 0.122278 0.583489 0.109122
0 0.9645 0.441558 0.950838 0.449148 0.957416 0.46028 0.977655 0.46787 0.995871 0.460786 0.997389 0.445606 0.991317 0.441558 0.977655 0.44257
0 0.940718 0.428908 0.929586 0.438522 0.938188 0.45522 0.944766 0.448642
0 0.926044 0.443582 0.915925 0.452184 0.925032 0.461798 0.93161 0.45775 0.93161 0.451172
0 0.640665 0.574634 0.634594 0.599933 0.641677 0.620679 0.659387 0.624221 0.677097 0.614607 0.677603 0.594367 0.670519 0.587789 0.660905 0.593861 0.657869 0.594873 0.661917 0.578176 0.659387 0.565526 0.650279 0.563502
0 0.573875 0.559454 0.585006 0.556418 0.59462 0.567044 0.609294 0.562996 0.610812 0.553888 0.600186 0.543262 0.582983 0.540732 0.570839 0.543768 0.563755 0.552876
0 0.639653 0.510373 0.629534 0.524541 0.642689 0.5296 0.649267 0.516445
0 0.868867 0.499747 0.864313 0.515433 0.878481 0.516951 0.883541 0.506831
0 0.897709 0.489121 0.889613 0.500253 0.896191 0.521505 0.897203 0.53719 0.904287 0.552876 0.892649 0.546804 0.878987 0.55743 0.898215 0.565526 0.913901 0.569574 0.920984 0.547816 0.91896 0.525047 0.923008 0.508855 0.92402 0.496711 0.914407 0.486591 0.911371 0.484061
0 0.883541 0.522517 0.872409 0.527577 0.875445 0.538202 0.890625 0.541238
0 0.762103 0.524541 0.74996 0.535166 0.7449 0.540226 0.744394 0.550346 0.755019 0.556924 0.768681 0.56502 0.777789 0.562996 0.770199 0.546298 0.779307 0.536178 0.784367 0.526565 0.779813 0.517963
0 0.865325 0.587789 0.883541 0.588295 0.888601 0.581718 0.879493 0.573622 0.887083 0.564514 0.903275 0.570586 0.913901 0.579188 0.913395 0.595885 0.897709 0.604487 0.879999 0.612077 0.873421 0.597403
0 0.854194 0.594873 0.837496 0.603475 0.837496 0.615619 0.84964 0.619667 0.872409 0.616125 0.874939 0.600439 0.867349 0.593861
0 0.741358 0.568056 0.735286 0.579188 0.746418 0.580706 0.750466 0.570586
0 0.697842 0.446618 0.686711 0.451172 0.687723 0.459774 0.69683 0.462304
0 0.634594 0.553382 0.61739 0.555406 0.613848 0.566538 0.61992 0.574128 0.636618 0.568562 0.639653 0.564008
0 0.679627 0.546298 0.666977 0.550346 0.674567 0.560972 0.684181 0.560466
0 0.83193 0.564008 0.81422 0.57008 0.821304 0.580706 0.8294 0.576658
0 0.676298 0.0297945 0.66949 0.0363676 0.678176 0.0422363 0.681932 0.0358981 0.679819 0.030264
0 0.67888 0.0661809 0.672542 0.0736929 0.679819 0.0774489 0.684983 0.0715802
0 0.703294 0.0741624 0.692965 0.0765099 0.694139 0.0830829 0.703998 0.0840219
0 0.79649 0.118296 0.789917 0.119469 0.794143 0.130268 0.801655 0.127216 0.800011 0.118296
0 0.657973 0.17772 0.648639 0.18526 0.656896 0.192799 0.661923 0.184901
