2 0.132161 0.0372179 0.132161 0.0469835 0.145182 0.0502387 0.145182 0.0372179
2 0.077908 0.0274523 0.0800781 0.0415582 0.094184 0.038303 0.0887587 0.0263672
2 0.170139 0.0339627 0.164714 0.0426432 0.177734 0.0534939 0.1875 0.0415582
2 0.248264 0.101237 0.245009 0.112088 0.261285 0.116428 0.261285 0.105577
2 0.370877 0.0437283 0.376302 0.0621745 0.363281 0.0632595 0.360026 0.0513238
2 0.371962 0.0415582 0.377387 0.0632595 0.384983 0.0556641 0.384983 0.0437283
2 0.387153 0.0524089 0.399089 0.0665148 0.387153 0.0741102 0.379557 0.0675998
2 0.407769 0.0979818 0.406684 0.113173 0.419705 0.115343 0.42296 0.102322
2 0.406684 0.133789 0.406684 0.145725 0.41862 0.14898 0.42079 0.134874
2 0.447917 0.0827908 0.449002 0.103407 0.458767 0.103407 0.460938 0.086046
2 0.421875 0.0491536 0.41645 0.0578342 0.42947 0.0654297 0.433811 0.0502387
2 0.430556 0.0480686 0.4273 0.0675998 0.451172 0.0665148 0.451172 0.054579
2 0.42947 0.0274523 0.42947 0.038303 0.440321 0.039388 0.443576 0.0252821
2 0.446832 0.0285373 0.441406 0.0415582 0.456597 0.0448134 0.457682 0.0317925
2 0.452257 0.000325521 0.447917 0.0100911 0.466363 0.023112 0.470703 0.0122613 0.469618 0.000325521
2 0.480469 0.00141059 0.481554 0.0176866 0.49349 0.0176866 0.494575 0.000325521
2 0.470703 0.0274523 0.469618 0.0415582 0.481554 0.0426432 0.483724 0.0274523
2 0.399089 0.166341 0.396918 0.182617 0.412109 0.183702 0.409939 0.164171
2 0.523872 0.275933 0.522786 0.291124 0.537977 0.292209 0.536892 0.279188
2 0.537977 0.288954 0.536892 0.30089 0.550998 0.30523 0.552083 0.291124
2 0.561849 0.233615 0.560764 0.249891 0.571615 0.249891 0.5727 0.236871
2 0.582465 0.294379 0.582465 0.306315 0.599826 0.3074 0.600911 0.295464
2 0.612847 0.306315 0.617188 0.321506 0.628038 0.312826 0.624783 0.30523
2 0.638889 0.239041 0.638889 0.256402 0.652167 0.258295 0.65124 0.242522
2 0.595486 0.256402 0.598741 0.271593 0.610677 0.266168 0.609592 0.256402
2 0.647569 0.173937 0.641059 0.183702 0.65408 0.190213 0.65842 0.180447
2 0.535807 0.22168 0.533637 0.235786 0.547743 0.236871 0.546658 0.222765
2 0.788628 0.278103 0.788628 0.295464 0.801649 0.295464 0.803819 0.279188
2 0.846137 0.363824 0.846137 0.381185 0.861328 0.37576 0.862413 0.363824
2 0.925347 0.332357 0.927517 0.347548 0.940538 0.347548 0.938368 0.334527
2 0.666016 0.299805 0.666016 0.31174 0.679036 0.31174 0.677951 0.30089
2 0.636962 0.311171 0.636962 0.320896 0.649118 0.323327 0.650739 0.313602
2 0.688983 0.181713 0.688079 0.197085 0.700738 0.196181 0.700738 0.183521
2 0.783022 0.127459 0.78031 0.143736 0.792065 0.143736 0.794777 0.131076
2 0.817383 0.14464 0.813766 0.158203 0.826425 0.157299 0.828234 0.145544
2 0.886104 0.081344 0.884295 0.0912905 0.896955 0.093099 0.89605 0.0795356
2 0.952112 0.0469835 0.952112 0.0578342 0.964771 0.0587384 0.962059 0.0451751
2 0.965676 0.0713976 0.965676 0.0831525 0.977431 0.0831525 0.978335 0.0750145
2 0.978335 0.181713 0.977431 0.192564 0.99009 0.194372 0.991898 0.182617
2 0.959346 0.118417 0.959346 0.132885 0.970197 0.132885 0.971101 0.120226
2 0.904576 0.114025 0.905196 0.121466 0.913876 0.122706 0.913876 0.112785
2 0.841332 0.138207 0.839472 0.148748 0.853113 0.146887 0.853733 0.139447
