0 0.340613 0.00134594 0.338083 0.0271515 0.350733 0.0478971 0.361358 0.0742086 0.370972 0.0984962 0.394754 0.116206 0.399308 0.0904003 0.3902 0.0564989 0.371478 0.0155137 0.362876 0.00589985 0.358452 8.67362e-19
0 0.441811 0.121772 0.443835 0.134928 0.459521 0.143023 0.470147 0.138975 0.459015 0.126326 0.446871 0.117724
0 0.833448 0.145047 0.817762 0.155167 0.844074 0.178443 0.863301 0.188057 0.870891 0.172371 0.862795 0.154661
0 0.904793 0.229548 0.895179 0.247764 0.890625 0.260919 0.897709 0.280147 0.909347 0.276099 0.924526 0.262437 0.925032 0.237138 0.913395 0.227018
0 0.569321 0.339854 0.572863 0.35301 0.58703 0.356046 0.59209 0.34036 0.579441 0.332264
0 0.564767 0.421318 0.564767 0.406645 0.572357 0.378815 0.587536 0.372743 0.58956 0.357564 0.6098 0.350986 0.636618 0.367683 0.615366 0.379827 0.600692 0.399055 0.606258 0.411199 0.586018 0.413729
0 0.469641 0.471918 0.450413 0.490133 0.454967 0.524541 0.47723 0.54731 0.505566 0.537696 0.509614 0.528082 0.49747 0.513915 0.490386 0.505819 0.496458 0.482037 0.49494 0.466352 0.478242 0.46028
0 0.521758 0.586777 0.523782 0.606511 0.538455 0.621185 0.554647 0.603981 0.549081 0.578176
0 0.814726 0.613595 0.804101 0.614607 0.805113 0.632823 0.820798 0.642942 0.832436 0.629281
0 0.718588 0.602463 0.69936 0.627763 0.694807 0.64193 0.69683 0.65711 0.707456 0.673808 0.736804 0.678868 0.738828 0.665712 0.7196 0.646484 0.723648 0.639906 0.738828 0.622703 0.73984 0.607017
0 0.965006 0.21791 0.946284 0.23056 0.92908 0.239668 0.93161 0.256871 0.956404 0.254341 0.990305 0.257377 0.998047 0.248776 0.997389 0.224994 0.980185 0.224994
0 0.537443 0.553888 0.558189 0.55237 0.574381 0.550852 0.574887 0.558442 0.563755 0.563502 0.543515 0.563502 0.535419 0.562996
0 0.667989 0.547816 0.654327 0.54984 0.647749 0.563502 0.660399 0.566032
0 0.74996 0.565526 0.73984 0.56502 0.736804 0.572104 0.749454 0.575646
0 0.91896 0.201718 0.907829 0.202224 0.904287 0.206778 0.910359 0.211838 0.916431 0.21285
0 0.863301 0.295327 0.875445 0.295327 0.871903 0.307976 0.860266 0.306458
0 0.51265 0.177937 0.524794 0.178443 0.523782 0.192105 0.512144 0.198176 0.511638 0.188563
0 0.439281 0.0276575 0.447883 0.0266455 0.448389 0.0387893 0.438269 0.0428372 0.435233 0.0347413
