2 0.264385 0.0174024 0.262318 0.0380704 0.278853 0.0391038 0.280919 0.0205026
2 0.380126 0.0349702 0.380126 0.0535714 0.39666 0.0546048 0.397693 0.0380704
2 0.269552 0.106275 0.267485 0.124876 0.28402 0.12901 0.286086 0.110408
2 0.281953 0.224082 0.281953 0.24475 0.297454 0.246817 0.301587 0.230283
2 0.430762 0.18378 0.430762 0.201348 0.446263 0.204448 0.447297 0.185847
2 0.487599 0.171379 0.486566 0.18688 0.5031 0.187913 0.504134 0.174479
2 0.19267 0.290326 0.194585 0.30373 0.210542 0.30373 0.208627 0.291603
2 0.161395 0.298624 0.162033 0.314581 0.17799 0.315219 0.17799 0.298624
2 0.741588 0.014591 0.741588 0.0311862 0.756268 0.0299096 0.75563 0.014591
2 0.969452 0.14097 0.967537 0.15948 0.980303 0.162671 0.982218 0.14097
2 0.606104 0.177633 0.606104 0.194529 0.622324 0.193853 0.622324 0.17493
2 0.773501 0.21501 0.772225 0.23352 0.785629 0.23352 0.78499 0.215648
2 0.656791 0.335099 0.656697 0.352239 0.670739 0.352877 0.672335 0.337803
2 0.587125 0.372664 0.586486 0.387983 0.601805 0.388621 0.604358 0.372664
2 0.336451 0.367539 0.335775 0.381731 0.354022 0.383083 0.349968 0.362808
2 0.338479 0.420929 0.337127 0.435797 0.352671 0.435121 0.351319 0.418226
2 0.331045 0.504055 0.331045 0.518247 0.345237 0.518247 0.346588 0.501352
2 0.406061 0.557445 0.405385 0.572989 0.421605 0.57434 0.422956 0.558121
2 0.365511 0.535819 0.36416 0.551362 0.383083 0.552038 0.383759 0.535143
2 0.226292 0.760191 0.226292 0.775735 0.243864 0.775735 0.241836 0.760867
2 0.306715 0.982537 0.307389 0.998047 0.32699 0.998047 0.325638 0.983888
2 0.352671 0.802092 0.352671 0.82034 0.368215 0.819664 0.368891 0.802092
2 0.402682 0.776411 0.404033 0.793307 0.420929 0.793982 0.418901 0.775735
2 0.487835 0.309418 0.488511 0.325638 0.502027 0.326314 0.503379 0.312797
2 0.455396 0.335099 0.454044 0.347264 0.473643 0.350643 0.473643 0.335099
2 0.783169 0.595291 0.783169 0.609483 0.798037 0.611511 0.798713 0.596643
2 0.772356 0.546632 0.775059 0.5615 0.7879 0.562851 0.791279 0.54528
2 0.885218 0.490538 0.885218 0.508786 0.900087 0.506758 0.900762 0.490538
2 0.96091 0.447286 0.96091 0.46283 0.974427 0.463506 0.976454 0.450665
2 0.81223 0.61962 0.813581 0.634489 0.828449 0.634489 0.827774 0.615566
2 0.764246 0.785873 0.765598 0.804796 0.781142 0.807499 0.780466 0.786548
2 0.667604 0.946718 0.667604 0.963614 0.682472 0.964965 0.684499 0.946718
2 0.452017 0.791279 0.454044 0.807499 0.439176 0.812905 0.433094 0.791955
2 0.453368 0.789928 0.454044 0.80412 0.468912 0.805471 0.469588 0.788576
2 0.50811 0.746675 0.507434 0.760191 0.521626 0.761543 0.521626 0.747351
2 0.506082 0.775059 0.506758 0.789252 0.523654 0.791955 0.522978 0.776411
2 0.410792 0.860889 0.408764 0.872378 0.421605 0.879812 0.431066 0.866295
2 0.470264 0.904141 0.468236 0.919685 0.484456 0.917658 0.48378 0.900762
2 0.50811 0.873729 0.504731 0.885894 0.520275 0.893328 0.522978 0.873054
2 0.523654 0.85751 0.521626 0.87035 0.535819 0.876433 0.537846 0.859537
2 0.461478 0.937933 0.462154 0.953476 0.481077 0.955504 0.479725 0.938608
2 0.135056 0.693961 0.136408 0.712208 0.15871 0.712208 0.154655 0.693285
2 0.00462262 0.579071 0.00462262 0.596643 0.0235456 0.597318 0.022194 0.57772
2 0.428363 0.606104 0.424984 0.620296 0.442555 0.623675 0.445258 0.606104
2 0.416874 0.624351 0.415522 0.643274 0.433769 0.642598 0.433769 0.623675
2 0.235078 0.31888 0.235754 0.335099 0.250622 0.336451 0.251298 0.319556
2 0.584478 0.551362 0.581774 0.566231 0.600022 0.568258 0.601373 0.554742
2 0.563527 0.535819 0.558796 0.548659 0.573665 0.552714 0.578395 0.535819
2 0.531088 0.542577 0.526357 0.556093 0.541225 0.562851 0.54528 0.548659
2 0.544436 0.508267 0.544436 0.526868 0.563037 0.527902 0.563037 0.510334
