2 0.521252 0.0666188 0.507084 0.0676307 0.51265 0.0752206 0.516698 0.0757266
2 0.619414 0.170853 0.608788 0.175407 0.618908 0.181985 0.62498 0.179455
2 0.572863 0.286219 0.559707 0.280147 0.553129 0.289255 0.568309 0.301905 0.577923 0.297351
2 0.622956 0.227018 0.615872 0.227018 0.61233 0.238656 0.61486 0.253329 0.62245 0.244222
2 0.692277 0.215886 0.679627 0.214874 0.676591 0.223982 0.687723 0.23056
2 0.640665 0.308988 0.628522 0.31 0.629534 0.328216 0.641171 0.331758 0.641677 0.314048
2 0.512144 0.242704 0.501012 0.243716 0.497976 0.251811 0.507084 0.255353
2 0.73225 0.43245 0.721118 0.437004 0.715046 0.448136 0.72719 0.453702 0.731744 0.44004
2 0.969054 0.426884 0.961464 0.426884 0.959946 0.435992 0.966018 0.438522
2 0.685699 0.402091 0.675579 0.403609 0.674567 0.415247 0.681145 0.42233 0.685699 0.408669
2 0.688735 0.427896 0.698348 0.431438 0.697336 0.446112 0.690759 0.446618
2 0.514168 0.533142 0.506072 0.53719 0.508602 0.547816 0.514168 0.54984
2 0.738828 0.471412 0.728202 0.471412 0.727696 0.484061 0.735792 0.484567
2 0.574381 0.345926 0.564261 0.347444 0.559707 0.357058 0.571851 0.361105
2 0.443329 0.234608 0.433209 0.237138 0.435233 0.248776 0.442823 0.250293
2 0.459521 0.232584 0.448389 0.231572 0.451931 0.244222 0.460027 0.245234
2 0.458003 0.270533 0.451425 0.270027 0.453449 0.279641 0.464075 0.279135
2 0.450919 0.298363 0.446871 0.30494 0.451425 0.314554 0.456991 0.311012
2 0.462051 0.347444 0.450413 0.348962 0.446871 0.354528 0.456991 0.361611 0.466605 0.355034
2 0.474194 0.402597 0.464075 0.403103 0.466605 0.414235 0.475712 0.413729
2 0.551611 0.404115 0.537443 0.402091 0.533395 0.410187 0.542503 0.415753
2 0.112411 0.634847 0.102797 0.638389 0.102797 0.64952 0.108363 0.651038
2 0.1453 0.658628 0.136193 0.658628 0.132145 0.665712 0.136193 0.675832 0.142264 0.66723
