0 0.469135 0.130374 0.467617 0.152131 0.486338 0.153649 0.489374 0.135434
0 0.557177 0.0666188 0.560213 0.0792685 0.577417 0.0817985 0.579441 0.0676307 0.566285 0.0610529
0 0.638642 0.0104538 0.624474 0.0296814 0.637124 0.0398012 0.651291 0.0377773 0.652809 0.0205736
0 0.703408 0.000333954 0.685699 0.00235792 0.683169 0.0205736 0.698854 0.0306934 0.722636 0.0311994 0.74237 0.00691184 0.741358 0.00185193
0 0.838002 0.0570049 0.840532 0.0701607 0.852676 0.0721847 0.858242 0.0610529
0 0.746666 0.090854 0.789933 0.1157 0.810227 0.124108 0.816962 0.126212 0.828327 0.137157 0.848122 0.147071 0.873927 0.146059 0.878481 0.134928 0.856218 0.120254 0.846098 0.111652 0.854194 0.0924243 0.848122 0.0752206 0.8294 0.0681367 0.822822 0.0747146 0.823328 0.0868584 0.81422 0.0909063 0.809666 0.0752206 0.783861 0.0742086
0 0.735792 0.158203 0.723648 0.177937 0.740346 0.182491 0.747936 0.165287
0 0.764127 0.180467 0.755525 0.180973 0.752489 0.201212 0.757549 0.218922 0.774247 0.21791 0.776271 0.203236 0.788921 0.224488 0.797523 0.20526 0.793475 0.190587 0.779813 0.180467
0 0.871903 0.153143 0.868867 0.166299 0.876963 0.171359 0.879999 0.156179 0.882529 0.150107
0 0.768175 0.558948 0.758561 0.581212 0.769693 0.589813 0.780319 0.56502
0 0.665459 0.653568 0.653821 0.671784 0.671531 0.678868 0.676591 0.66217
0 0.63763 0.714793 0.636112 0.730479 0.646737 0.743635 0.662423 0.745659 0.664447 0.725925 0.657869 0.715299
0 0.704926 0.748695 0.687217 0.770452 0.700878 0.786644 0.713528 0.772476
0 0.233849 0.75173 0.203995 0.753248 0.203489 0.775006 0.231319 0.779054 0.247005 0.758814
0 0.196405 0.781584 0.198935 0.802836 0.214621 0.810931 0.222717 0.7998 0.214115 0.786138
0 0.217151 0.820039 0.203489 0.829147 0.200453 0.848375 0.229295 0.850905 0.234861 0.832183
0 0.242451 0.805366 0.245993 0.826111 0.25763 0.828135 0.269268 0.821557 0.2551 0.807389
0 0.243969 0.892902 0.239921 0.9096 0.255606 0.911624
0 0.265726 0.910612 0.248523 0.919719 0.260666 0.934393 0.276858 0.924779
0 0.252064 0.830665 0.239415 0.842809 0.249028 0.854953 0.26016 0.846857
0 0.255606 0.997136 0.243969 0.993594 0.256618 0.982462 0.283436 0.985498 0.285966 0.996124 0.279477 0.998047 0.255606 0.998047
0 0.558189 0.828135 0.550093 0.842809 0.562743 0.846857 0.567297 0.832689
0 0.462051 0.846857 0.454967 0.856471 0.463063 0.864566 0.47217 0.852929
0 0.212091 0.855459 0.194887 0.853941 0.208043 0.874686 0.216139 0.86406 0.216139 0.860013
0 0.440293 0.880252 0.420559 0.885818 0.432703 0.89695
0 0.574887 0.959187 0.566285 0.969307 0.569827 0.980438 0.577923 0.976896
0 0.725672 0.740599 0.711504 0.750719 0.720106 0.760332 0.728708 0.748695
0 0.0749676 0.707203 0.0592819 0.709733 0.0683897 0.720359 0.0749676 0.720865
0 0.054728 0.661664 0.0446082 0.671278 0.0461261 0.687976 0.0597879 0.684434 0.0602939 0.667736
0 0.163516 0.287737 0.146312 0.295833 0.158962 0.302917
0 0.243969 0.469894 0.230307 0.473435 0.228789 0.486591 0.242451 0.484567
0 0.408922 0.550852 0.396272 0.558442 0.406898 0.571598 0.421571 0.571092
0 0.527324 0.610053 0.513662 0.607523 0.514674 0.631305 0.5253 0.628269
0 0.798535 0.494181 0.784367 0.497723 0.790439 0.509867 0.796005 0.508855
0 0.051186 0.472423 0.0349943 0.482037 0.0451142 0.489627
0 0.582477 0.382863 0.565779 0.391971 0.573369 0.400067 0.583489 0.392477
0 0.546551 0.639906 0.533901 0.645472 0.535925 0.663182 0.555659 0.66723 0.558695 0.658628
0 0.574887 0.662676 0.558695 0.667736 0.542503 0.68747 0.548575 0.69253 0.562237 0.681904 0.579441 0.678362
0 0.626498 0.710239 0.61739 0.716817 0.623462 0.724913 0.631558 0.718335
0 0.444847 0.0747146 0.426631 0.0772446 0.437763 0.0909063 0.448389 0.0883764
0 0.366418 0.21791 0.351745 0.224488 0.36237 0.237138
0 0.483808 0.153649 0.466605 0.156179 0.467617 0.165793 0.481784 0.169841
0 0.799704 0.124949 0.792548 0.13421 0.807701 0.137157
0 0.681422 0.0655981 0.672582 0.078647 0.686052 0.0824353 0.687315 0.071912
0 0.423123 0.0396475 0.413049 0.047447 0.421823 0.0552465 0.427023 0.0458221
0 0.522567 0.00129992 0.512492 0.00292481 0.515742 0.0110493 0.523541 0.0113743
0 0.759067 0.626751 0.751477 0.624727 0.752489 0.635353 0.760585 0.639906
0 0.720612 0.174901 0.716058 0.167311 0.708974 0.176925 0.710998 0.182997 0.718082 0.183503
