2 0.567824 0.245533 0.540796 0.247063 0.538247 0.267971 0.546406 0.28072 0.558135 0.267461
2 0.140765 0.0395275 0.126814 0.0410776 0.130689 0.0589038 0.137664 0.0573537
2 0.0516338 0.195312 0.0407831 0.194537 0.039233 0.219339 0.0524089 0.219339
2 0.105864 0.163948 0.0943755 0.169054 0.102673 0.179266 0.108418 0.172883
2 0.0611852 0.221392 0.051611 0.221392 0.0522493 0.232881 0.0611852 0.230328
2 0.126289 0.221392 0.117992 0.228414 0.124374 0.236711 0.130119 0.237988
2 0.174856 0.015099 0.16755 0.0131507 0.16828 0.0219179 0.173638 0.0204567
2 0.0893762 0.220883 0.0832879 0.218935 0.0849926 0.227215 0.0898632 0.227215
2 0.133455 0.144171 0.124932 0.144414 0.12688 0.151477 0.132481 0.15172
2 0.146606 0.149285 0.140518 0.149041 0.139544 0.154886 0.144658 0.157809
2 0.241827 0.167306 0.235008 0.167063 0.235495 0.173882 0.241827 0.173638
2 0.176043 0.635848 0.151252 0.634843 0.149242 0.645228 0.173027 0.646568
2 0.195473 0.641878 0.180063 0.640203 0.179728 0.645898 0.192793 0.648913
2 0.190113 0.654273 0.177718 0.647908 0.173362 0.660639 0.186763 0.660974
2 0.135506 0.708881 0.121435 0.7062 0.123446 0.713236 0.131486 0.717591
2 0.150247 0.337686 0.139526 0.339361 0.139861 0.354772 0.146896 0.354437
2 0.158622 0.356112 0.151922 0.353432 0.148907 0.360467 0.156947 0.365827
2 0.155942 0.374203 0.145221 0.373533 0.143211 0.380903 0.152592 0.385593
2 0.154602 0.422445 0.135506 0.425125 0.139526 0.43417 0.153597 0.428475
2 0.0748687 0.511893 0.0644833 0.508208 0.0618032 0.524288 0.0755387 0.523953
2 0.479899 0.0867616 0.469179 0.0887717 0.473199 0.0991571 0.482244 0.096812
2 0.51206 0.101167 0.503685 0.102172 0.503685 0.113228 0.511055 0.113563
2 0.579733 0.0981521 0.569683 0.096812 0.569683 0.105522 0.578393 0.106862
2 0.655781 0.0164089 0.646736 0.017079 0.653101 0.0274644 0.656451 0.0241142
2 0.679902 0.0143989 0.669181 0.0160739 0.668846 0.0231092 0.676887 0.0204291
2 0.558962 0.335676 0.542212 0.336011 0.544222 0.364822 0.553602 0.360132
2 0.779401 0.342041 0.766335 0.343046 0.76868 0.360802 0.776721 0.362142
2 0.964663 0.229812 0.946237 0.232492 0.949252 0.245223 0.969018 0.240868
2 0.503183 0.231822 0.493802 0.230817 0.496147 0.240868 0.503518 0.241538
2 0.43216 0.198991 0.42345 0.197986 0.420769 0.224452 0.42948 0.224452
2 0.472696 0.242878 0.463651 0.243548 0.465326 0.252258 0.473701 0.249578
2 0.444555 0.261303 0.43417 0.263648 0.434505 0.270014 0.441205 0.270684
2 0.495477 0.343046 0.485427 0.342041 0.488107 0.351757 0.493132 0.352762
2 0.42211 0.347402 0.412729 0.348742 0.415409 0.358122 0.42345 0.357117
2 0.523283 0.413064 0.512563 0.413399 0.510888 0.426465 0.512898 0.433165 0.519263 0.42747
2 0.740037 0.365492 0.729316 0.364822 0.727976 0.376548 0.735012 0.377218
2 0.796306 0.49911 0.784738 0.499555 0.782958 0.519131 0.794081 0.512012
2 0.765162 0.217486 0.755819 0.217486 0.755374 0.229054 0.766052 0.228609
2 0.93823 0.113379 0.925772 0.112489 0.922658 0.123167 0.931556 0.125836
2 0.964924 0.158759 0.956026 0.15698 0.955136 0.162763 0.963589 0.166768
2 0.995177 0.0235087 0.983165 0.0270679 0.991618 0.0364109 0.994732 0.0301822
2 0.831453 0.049758 0.823 0.0488682 0.818996 0.0555417 0.825224 0.0568764
2 0.828783 0.026623 0.82033 0.0279577 0.81944 0.0332966 0.828783 0.0355211
2 0.602773 0.142743 0.595654 0.143633 0.598324 0.152531 0.603218 0.149861
2 0.701096 0.122277 0.696202 0.124502 0.696202 0.129841 0.7051 0.129841
2 0.656161 0.144522 0.646818 0.146747 0.649932 0.156535 0.654381 0.159649 0.659275 0.15698
2 0.653047 0.345174 0.640145 0.346063 0.640589 0.353182 0.646818 0.353627
2 0.595209 0.559617 0.585421 0.563176 0.584087 0.588091 0.594764 0.594319 0.604997 0.578748 0.604107 0.561397
2 0.580527 0.558727 0.572964 0.557393 0.56985 0.571629 0.574299 0.587646 0.578748 0.588981 0.582307 0.56985
2 0.573854 0.47642 0.564066 0.475975 0.567625 0.486653 0.576078 0.485763
2 0.52358 0.379431 0.517351 0.381656 0.515572 0.399007 0.527584 0.397227
2 0.276214 0.486208 0.268205 0.487988 0.264646 0.494216 0.269095 0.502225 0.273989 0.495996
2 0.844355 0.289116 0.827449 0.285112 0.824334 0.296234 0.844355 0.296679
2 0.777175 0.168992 0.771836 0.170327 0.772726 0.177 0.778509 0.176555
2 0.386954 0.0774758 0.379119 0.0791547 0.384435 0.0867098 0.388073 0.083352
2 0.60661 0.172614 0.598776 0.172054 0.599895 0.17905 0.604932 0.180728
2 0.719097 0.17905 0.712941 0.17849 0.710982 0.186884 0.717698 0.190802
2 0.748758 0.214866 0.741482 0.215985 0.741762 0.226339 0.749317 0.227178
2 0.680202 0.0262693 0.672927 0.0279482 0.675725 0.0327051 0.680202 0.0338243
2 0.235293 0.54533 0.227178 0.543372 0.226339 0.555404 0.235293 0.555124
2 0.216825 0.543931 0.206751 0.545051 0.207591 0.552885 0.214027 0.553165
2 0.0797144 0.53022 0.0662831 0.536656 0.0620859 0.54645 0.0704804 0.550087 0.0799942 0.535257
2 0.0721593 0.45355 0.0646042 0.455509 0.07104 0.465303
2 0.140715 0.489087 0.133159 0.489087 0.133439 0.494404 0.140715 0.494124
2 0.157504 0.526303 0.150788 0.525743 0.151068 0.533578 0.156664 0.534697
2 0.113852 0.583106 0.105178 0.584505 0.109095 0.59262 0.114971 0.589262
2 0.215706 0.574431 0.205632 0.577789 0.20927 0.586464 0.214866 0.586464
2 0.296853 0.487688 0.288738 0.489927 0.291536 0.497482 0.299651 0.497202
2 0.413816 0.570794 0.404023 0.571353 0.401784 0.582266 0.40822 0.586743 0.412977 0.581986
2 0.463624 0.562679 0.458587 0.564078 0.457188 0.571074 0.463344 0.579468 0.464183 0.571353
2 0.367087 0.601574 0.360371 0.603812 0.365408 0.616964 0.372123 0.615844
2 0.446555 0.597376 0.437601 0.598216 0.439559 0.605491 0.445156 0.60661
2 0.779817 0.537216 0.772262 0.541413 0.773941 0.548688 0.781496 0.546729
2 0.829065 0.537496 0.82151 0.537775 0.82179 0.546729 0.826827 0.54589
2 0.680202 0.593179 0.670968 0.595138 0.669569 0.602133 0.677124 0.601854
2 0.739803 0.615285 0.731409 0.615285 0.73001 0.62312 0.735606 0.623399
2 0.787652 0.688597 0.780377 0.690556 0.786533 0.702308 0.793249 0.69951
2 0.758551 0.636271 0.748758 0.635711 0.747638 0.643546 0.755193 0.648023 0.757152 0.641028
2 0.731689 0.698111 0.722735 0.69951 0.725533 0.708464 0.732248 0.705386
2 0.662574 0.74456 0.655019 0.742042 0.6525 0.749317 0.657537 0.753794
2 0.546729 0.658377 0.534418 0.656418 0.534697 0.66845 0.543931 0.66873
2 0.520147 0.613046 0.512592 0.612487 0.513151 0.618643 0.520986 0.621161
2 0.456069 0.632354 0.448234 0.634033 0.444037 0.642707 0.45383 0.644666
2 0.336307 0.713501 0.322596 0.712381 0.321756 0.723854 0.336027 0.724693
2 0.416614 0.828226 0.40766 0.825148 0.404023 0.838299 0.410179 0.841937 0.416614 0.83662
2 0.203384 0.666948 0.19447 0.668298 0.19501 0.677753 0.202034 0.676943
2 0.151247 0.84335 0.136119 0.844701 0.135038 0.854696 0.150166 0.850914
2 0.0758774 0.8058 0.0683135 0.807421 0.0666926 0.816336 0.0734461 0.817417
2 0.210138 0.834706 0.193929 0.833895 0.196091 0.841189 0.207436 0.844431 0.212569 0.841189
2 0.113697 0.941952 0.107214 0.942222 0.108024 0.948976 0.114238 0.949786
2 0.196091 0.940061 0.186636 0.941142 0.187446 0.949516 0.19528 0.950596
2 0.215 0.877928 0.210138 0.879549 0.208787 0.893056 0.215 0.892786
2 0.205816 0.879549 0.197711 0.882521 0.200413 0.887653 0.205275 0.887924
2 0.269839 0.795265 0.255792 0.798507 0.254981 0.8058 0.262275 0.807691 0.270109 0.800668
2 0.25282 0.945464 0.243906 0.944113 0.242825 0.951947 0.246607 0.954649 0.253901 0.953568
2 0.205545 0.991388 0.202776 0.998047 0.215275 0.998047
2 0.188678 0.831593 0.17909 0.834332 0.180186 0.837619 0.18676 0.838989
2 0.16512 0.838441 0.157998 0.838167 0.158819 0.842002 0.162107 0.84392
2 0.453569 0.860356 0.44809 0.860356 0.447542 0.866656 0.453569 0.867752
2 0.548623 0.776533 0.543418 0.77982 0.542596 0.785299 0.549444 0.785573
2 0.53383 0.799817 0.524791 0.802282 0.524517 0.808857 0.530817 0.810774
2 0.568346 0.827758 0.559306 0.830497 0.561497 0.836798 0.569167 0.83625
2 0.553827 0.829402 0.540405 0.830223 0.537392 0.835702 0.546979 0.837072 0.555745 0.83488
2 0.552732 0.848851 0.543418 0.839537 0.5352 0.840085 0.53657 0.849672 0.548075 0.855699
2 0.766397 0.935413 0.752153 0.936234 0.753249 0.946644 0.760097 0.958423 0.766124 0.959792 0.766945 0.942261
2 0.790777 0.978146 0.797078 0.982803 0.790777 0.985542 0.783107 0.982529 0.786942 0.975954
2 0.760371 0.803652 0.752153 0.803652 0.753797 0.809405 0.759823 0.807761
2 0.510546 0.923086 0.50315 0.925551 0.501781 0.933495 0.507807 0.935961
2 0.51082 0.956505 0.502876 0.957601 0.500959 0.964997 0.508081 0.966367
2 0.586973 0.96034 0.579577 0.958423 0.578755 0.964997 0.581768 0.968284
2 0.597656 0.989103 0.589986 0.991294 0.589164 0.995951 0.599574 0.996499
2 0.562593 0.664221 0.554101 0.666961 0.553279 0.673261 0.562045 0.674083
2 0.491371 0.679288 0.48644 0.676822 0.478223 0.690793 0.484523 0.694354 0.493563 0.683123
2 0.552458 0.610531 0.545336 0.61327 0.549718 0.625871 0.555197 0.624501
2 0.398509 0.980337 0.389195 0.984446 0.394948 0.989377 0.398235 0.98472
2 0.344818 0.989103 0.339066 0.990473 0.33934 0.997869 0.340016 0.998047 0.34564 0.997321
2 0.175729 0.318545 0.170512 0.316915 0.170186 0.327023 0.175729 0.327349
2 0.239638 0.296047 0.230182 0.298329 0.232138 0.305503 0.24029 0.30159
2 0.239312 0.283004 0.230182 0.285613 0.229204 0.29083 0.237355 0.292134
2 0.481251 0.307459 0.477991 0.308437 0.476034 0.338761 0.480599 0.338761 0.484186 0.312676
2 0.254311 0.374302 0.24942 0.374302 0.248115 0.379845 0.253332 0.384736
2 0.395822 0.405604 0.390932 0.401692 0.388649 0.410169 0.392236 0.414082
2 0.96413 0.9614 0.956569 0.96518 0.959089 0.97232 0.96917 0.97274
2 0.891014 0.572709 0.8844 0.569208 0.882455 0.583603 0.89257 0.58477
2 0.905021 0.55987 0.891403 0.562982 0.891403 0.571153 0.898795 0.571931
2 0.947818 0.526799 0.939648 0.527577 0.93887 0.537304 0.945095 0.536915
2 0.972329 0.550921 0.960657 0.553256 0.961436 0.557535 0.966882 0.562204
2 0.903464 0.525243 0.893348 0.524465 0.895683 0.532635 0.900352 0.533024
2 0.46471 0.810918 0.453149 0.810918 0.453149 0.818828 0.462276 0.819436
