0 0.98145 0.393995 0.967283 0.398549 0.967283 0.406645 0.973861 0.411199 0.982462 0.408669
0 0.998047 0.413223 0.975884 0.422836 0.969813 0.43245 0.970319 0.444088 0.979426 0.456738 0.995112 0.456738 0.998047 0.451071 0.998047 0.443076
0 0.743129 0.823581 0.728708 0.838255 0.741864 0.853435 0.750719 0.845339 0.76438 0.856471 0.771464 0.859001 0.780066 0.862037 0.786391 0.855459 0.786644 0.847869 0.767416 0.842809 0.760838 0.833701 0.751224 0.824593
0 0.808401 0.855459 0.800812 0.865072 0.804354 0.873674 0.807895 0.884806 0.80233 0.877722 0.793222 0.871144 0.786138 0.887336 0.783102 0.900492 0.798282 0.911624 0.807895 0.908588 0.822063 0.9096 0.827123 0.892902 0.830665 0.88936 0.833701 0.877216 0.828641 0.862037 0.817003 0.855965
0 0.751224 0.937935 0.753754 0.955139 0.755778 0.968801 0.75932 0.986004 0.762356 0.996124 0.780572 0.997642 0.793728 0.99663 0.782596 0.97892 0.78209 0.967283 0.778042 0.945019 0.7745 0.938441 0.760838 0.933887
0 0.633329 0.987016 0.621185 0.98651 0.618149 0.998047 0.627257 0.998047 0.65711 0.998047
0 0.620932 0.746165 0.6098 0.750719 0.607776 0.76691 0.620932 0.776018 0.632064 0.769946
0 0.69683 0.836737 0.683675 0.849893 0.700372 0.857483 0.702902 0.846351
0 0.71707 0.837749 0.71201 0.852423 0.723142 0.849893 0.72213 0.840785
0 0.688229 0.867602 0.676591 0.881264 0.687723 0.88683 0.694301 0.878228
0 0.71201 0.870638 0.705938 0.875698 0.70948 0.88683 0.718082 0.885818
0 0.767163 0.916684 0.757549 0.922755 0.760585 0.930851 0.768681 0.931863
0 0.793981 0.851411 0.786391 0.857483 0.791451 0.864566 0.796511 0.862543 0.799547 0.857989
0 0.900745 0.601451 0.891637 0.609547 0.902263 0.616631 0.907829 0.608029
