0 0.914913 0.602463 0.918455 0.583741 0.940212 0.5802 0.960452 0.599427 0.972596 0.613595 0.985751 0.634847 0.984739 0.654074 0.967536 0.64446 0.952862 0.635859 0.9392 0.628269 0.920478 0.643448 0.898721 0.649014 0.883035 0.649014 0.882529 0.629281 0.913901 0.612583
0 0.873927 0.661158 0.880505 0.681904 0.899733 0.697589 0.916937 0.709733 0.924526 0.688988 0.915925 0.666724 0.897709 0.663688
0 0.857736 0.694048 0.853688 0.728455 0.869879 0.746671 0.888095 0.743129 0.887589 0.720359 0.890625 0.707203 0.872915 0.692024
0 0.84458 0.742623 0.825352 0.759826 0.800559 0.772476 0.797523 0.783102 0.81422 0.797776 0.83699 0.796764 0.850146 0.7745 0.855712 0.753754
0 0.861278 0.740093 0.853182 0.751224 0.85976 0.75426 0.870385 0.753754
0 0.781837 0.795246 0.788921 0.830665 0.810172 0.825099 0.813714 0.812449 0.796511 0.789174
0 0.805619 0.832183 0.806631 0.854953 0.825858 0.856977 0.827882 0.837749
0 0.700878 0.851917 0.682663 0.855965 0.673049 0.869626 0.694807 0.883794 0.726178 0.877216 0.728708 0.867096 0.710492 0.852423
0 0.640665 0.852423 0.618908 0.869626 0.625992 0.887842 0.654833 0.892902 0.659387 0.875698 0.648761 0.852929
0 0.59968 0.901504 0.586018 0.90454 0.58956 0.920731 0.607776 0.931357 0.638642 0.934393 0.657869 0.921237 0.643701 0.900492 0.619414 0.896444 0.603728 0.89695
0 0.533395 0.929333 0.538455 0.947549 0.558695 0.959693 0.581465 0.961717 0.578429 0.940465 0.556165 0.929333
0 0.426631 0.804354 0.413982 0.823581 0.423595 0.829653 0.431185 0.822063
0 0.491398 0.945525 0.483808 0.955645 0.492916 0.964753 0.496964 0.952609
