0 0.0334764 0.198176 0.0279105 0.215886 0.0420782 0.224488 0.0476441 0.209308
0 0.406898 0 0.409934 0.0180436 0.425113 0.0251275 0.437763 0.0296814 0.442317 0.0175376 0.436751 0.00792382 0.428201 0
0 0.397284 0.0327174 0.389188 0.0473911 0.41044 0.0489091 0.408416 0.0367653
0 0.858242 0.239668 0.84458 0.236632 0.833954 0.247258 0.846098 0.257377 0.864819 0.250799
0 0.674567 0.482543 0.664447 0.496205 0.649773 0.502783 0.656857 0.520493 0.684181 0.508349 0.691265 0.491651 0.686711 0.476977
0 0.93414 0.815485 0.916431 0.829653 0.916431 0.844327 0.918455 0.852929 0.928068 0.845845 0.932116 0.834713 0.942742 0.827123
0 0.934646 0.880758 0.939706 0.893914 0.950332 0.901504 0.95944 0.892396 0.948814 0.874686
0 0.976643 0.916178 0.988787 0.930345 0.998047 0.931117 0.998047 0.913648
0 0.937176 0.844833 0.92402 0.855965 0.937176 0.868614 0.94679 0.86406
0 0.962476 0.801824 0.945272 0.813967 0.960452 0.819533 0.96956 0.812955
0 0.973608 0.885312 0.958934 0.893914 0.971584 0.913142 0.978667 0.91466
0 0.802583 0.773488 0.790439 0.783102 0.802077 0.790692 0.809666 0.786138
0 0.775259 0.738575 0.760079 0.748695 0.775259 0.760332 0.791451 0.752742
0 0.752995 0.713781 0.744394 0.729973 0.758055 0.727949
0 0.552623 0.797776 0.535419 0.809919 0.543515 0.821557 0.551105 0.813461
0 0.910865 0.556418 0.895685 0.56755 0.905805 0.578682 0.912889 0.573116
0 0.702902 0.593355 0.688229 0.600439 0.700372 0.612583
0 0.987775 0.329734 0.998047 0.319462 0.998047 0.339348
0 0.861784 0.273063 0.84964 0.276605 0.85976 0.287231
0 0.775765 0.305446 0.766151 0.317084 0.774247 0.322144 0.780825 0.308482
