0 0.0704137 0.270027 0.0673778 0.284195 0.0815455 0.288749 0.0977372 0.305446 0.107857 0.309494 0.124049 0.309494 0.135687 0.317084 0.146818 0.33024 0.16048 0.351492 0.15795 0.373249 0.136193 0.369707 0.100267 0.367177 0.0840755 0.378309 0.0709197 0.384887 0.05574 0.397031 0.05321 0.425872 0.0795215 0.429414 0.122531 0.45269 0.173636 0.44004 0.204501 0.425366 0.219175 0.396525 0.228283 0.358576 0.18831 0.314554 0.184262 0.295833 0.150866 0.287737 0.105833 0.277617 0.105327 0.265979 0.0719317 0.253329
0 0.0481501 0.655086 0.0456201 0.670772 0.0678837 0.676338 0.0896414 0.675832 0.0673778 0.655592 0.0496681 0.650026
0 0.0127307 0.698095 0.0203206 0.712769 0.0253805 0.726937 0.0420782 0.731491 0.0501741 0.710745 0.0203206 0.688482 0.0172847 0.680386 0.00969479 0.687976
0 0.0491621 0.769946 0.0370183 0.791704 0.0228506 0.810425 0.0172847 0.829653 0.0263925 0.856471 0.0334764 0.86659 0.0466321 0.869626 0.053716 0.855965 0.054728 0.847363 0.05321 0.838255 0.0461261 0.830665 0.051692 0.817003 0.0618119 0.800306 0.0719317 0.770452
0 0.0825575 0.317084 0.0734496 0.317084 0.0678837 0.324674 0.0759796 0.331758
0 0.103303 0.361105 0.0921713 0.34542 0.0987492 0.334794 0.117471 0.334288 0.130627 0.355034 0.131133 0.364647 0.112917 0.363635
0 0.0668718 0.556924 0.054728 0.567044 0.0572579 0.583741 0.0683897 0.584753
0 0.0355003 0.534154 0.0233565 0.53972 0.0309464 0.550346
0 0.0435962 0.600945 0.0314524 0.596391 0.0339824 0.611571
0 0.0881234 0.589813 0.105327 0.593355 0.107351 0.586271 0.106845 0.579188 0.118483 0.576152 0.127085 0.584247 0.124049 0.599427 0.112917 0.610053 0.0982432 0.611571 0.0845814 0.604993 0.0764856 0.602463 0.0744616 0.593355 0.0749676 0.593355
