0 0.297604 0.964247 0.308229 0.983474 0.338589 0.994606 0.351745 0.972849 0.349215 0.945019 0.321385 0.944007 0.301652 0.946537
0 0.303676 0.940971 0.335047 0.935911 0.352251 0.90707 0.343143 0.89695 0.323409 0.901504 0.309747 0.910612 0.294568 0.936923
0 0.356805 0.894926 0.370466 0.877216 0.385646 0.86406 0.40285 0.851917 0.428149 0.826617 0.452943 0.787656 0.449401 0.744647 0.425619 0.749707 0.409428 0.773994 0.38008 0.812449 0.359841 0.812955 0.332011 0.824087 0.325433 0.860013 0.318855 0.88683 0.342131 0.896444
0 0.435233 0.875192 0.421571 0.89948 0.443329 0.903528 0.450413 0.893408 0.448895 0.878228
0 0.5 0.996124 0.51771 0.975378 0.532889 0.979426 0.536436 0.998047 0.498988 0.998047
0 0.473688 0.863554 0.491398 0.854953 0.487856 0.843821 0.475712 0.842303 0.469135 0.857989
0 0.501518 0.837243 0.49494 0.851411 0.505566 0.855965 0.519228 0.845339 0.511132 0.838255
0 0.52783 0.763874 0.5253 0.787656 0.526312 0.809413 0.543515 0.805872 0.554141 0.795752 0.559201 0.776018 0.539467 0.766404
0 0.555659 0.737563 0.547057 0.752236 0.562237 0.758814 0.566791 0.752742 0.568309 0.741611
0 0.561731 0.711757 0.558189 0.726937 0.571851 0.729973 0.577417 0.718335
0 0.597656 0.642436 0.588548 0.666218 0.604234 0.670772 0.610812 0.655592
0 0.486338 0.747177 0.499494 0.714793 0.507084 0.693542 0.524288 0.691012 0.540985 0.678362 0.545033 0.66217 0.540479 0.653062 0.549587 0.634847 0.539973 0.611065 0.524794 0.610559 0.49241 0.622197 0.483808 0.637377 0.506578 0.64446 0.507084 0.656098 0.49241 0.661158 0.473182 0.663688 0.467617 0.678868 0.455473 0.686458 0.449401 0.708215 0.462557 0.736045 0.475712 0.753248
0 0.554141 0.655086 0.549081 0.673808 0.550599 0.701637 0.563755 0.698601 0.571345 0.681904 0.583489 0.675326 0.575899 0.649014
0 0.578935 0.616125 0.571851 0.630799 0.583489 0.639401 0.591584 0.631305 0.592596 0.627257
0 0.297604 0.873168 0.283436 0.893408 0.291532 0.901504 0.301146 0.910106 0.308735 0.904034 0.308229 0.883288
0 0.246499 0.928827 0.243463 0.945525 0.259654 0.947043 0.263702 0.933381 0.252064 0.928321
0 0.440293 0.726431 0.428149 0.733515 0.437257 0.740093 0.447377 0.737563
0 0.279894 0.931863 0.273822 0.946031 0.286472 0.945019
0 0.278882 0.950079 0.264208 0.964753 0.2804 0.965765
0 0.232331 0.946031 0.221705 0.945525 0.229295 0.956657 0.236379 0.955139
0 0.279894 0.907576 0.27534 0.918202 0.283436 0.922249 0.28546 0.912636
