0 0.689494 0.704673 0.680386 0.725419 0.691012 0.736045 0.707203 0.726937 0.707709 0.712263 0.695565 0.707203
0 0.883035 0.705179 0.861278 0.708721 0.854194 0.718841 0.855206 0.732503 0.870891 0.722383 0.876963 0.746165 0.890119 0.755272 0.899986 0.743129 0.909094 0.733009 0.903022 0.721371
0 0.868614 0.471918 0.860519 0.481531 0.868614 0.489121 0.880252 0.484061
0 0.755778 0.593355 0.764886 0.614101 0.768428 0.625233 0.783102 0.611571 0.776271 0.601451 0.768175 0.590825
0 0.835725 0.692024 0.830665 0.711251 0.842303 0.715805 0.850905 0.696071
0 0.887336 0.757296 0.878228 0.7745 0.870638 0.79221 0.852423 0.805872 0.840785 0.826617 0.839267 0.834207 0.837749 0.850399 0.848122 0.861531 0.861531 0.838761 0.87165 0.823581 0.884806 0.806884 0.893408 0.79727 0.907576 0.7745 0.910106 0.753248 0.90201 0.747683
0 0.0311994 0.952609 0.0271515 0.971331 0.0398012 0.981956 0.0570049 0.971837 0.051945 0.960705 0.0438492 0.952103
0 0.771717 0.507843 0.791957 0.513409 0.801065 0.513409 0.796511 0.501265 0.780825 0.499241 0.776271 0.498735
0 0.767163 0.526059 0.777283 0.541744 0.786391 0.541744 0.782849 0.522011 0.775765 0.516445
0 0.561225 0.56249 0.563249 0.580706 0.573875 0.574634 0.571851 0.564514
0 0.553129 0.572104 0.541491 0.575646 0.550599 0.587789 0.555659 0.586271
0 0.760585 0.675832 0.740852 0.68241 0.750972 0.694554 0.766151 0.691518
0 0.746418 0.753248 0.73478 0.761344 0.750972 0.769946 0.754007 0.755272
0 0.697842 0.786644 0.685193 0.797776 0.681145 0.808401 0.696324 0.814979 0.713022 0.808907 0.7196 0.788668
0 0.665965 0.762862 0.656351 0.779054 0.669507 0.783102 0.673555 0.769946
0 0.605752 0.926803 0.638136 0.922249 0.646737 0.922249 0.666471 0.926803 0.680133 0.931863 0.671025 0.913648 0.654327 0.901504 0.642689 0.89948 0.63004 0.900492 0.616884 0.909094 0.606258 0.910612 0.60221 0.915166
0 0.70442 0.925285 0.72719 0.922249 0.727696 0.907576 0.713022 0.906058 0.694807 0.919719
0 0.74237 0.91719 0.762103 0.934899 0.775259 0.940465 0.798029 0.934899 0.817762 0.927309 0.830412 0.911118 0.825352 0.897962 0.808148 0.89189 0.806125 0.906058 0.788415 0.910106 0.771211 0.91213 0.755525 0.90707 0.743382 0.906564
0 0.833448 0.850399 0.825352 0.862543 0.830918 0.874686 0.835978 0.868614 0.837496 0.855965
0 0.771211 0.575646 0.766657 0.583741 0.774247 0.593355 0.781331 0.580706
0 0.504048 0.76185 0.495952 0.77197 0.51012 0.777536 0.51265 0.767416
