2 0.0453559 0.0838759 0.0334201 0.0871311 0.0355903 0.106662 0.0486111 0.103407 0.0551215 0.0914714
2 0.318793 0.282444 0.306858 0.273763 0.300347 0.290039 0.313368 0.296549
2 0.217882 0.299805 0.222222 0.287869 0.208116 0.283529 0.203776 0.297635
2 0.437066 0.30089 0.42513 0.3074 0.433811 0.320421 0.446832 0.310655
2 0.482639 0.323676 0.467448 0.313911 0.459852 0.328016 0.478299 0.334527
2 0.113715 0.548286 0.10178 0.556966 0.11263 0.571072 0.123481 0.556966
2 0.826606 0.368164 0.834201 0.38444 0.848307 0.374674 0.839627 0.364909
2 0.383898 0.77181 0.366536 0.770725 0.364366 0.783746 0.380642 0.785916
2 0.938368 0.652452 0.938368 0.641602 0.926432 0.632921 0.919922 0.642687 0.926432 0.655707
2 0.983941 0.651367 0.987196 0.665473 0.998047 0.665473 0.998047 0.648112
2 0.794054 0.643772 0.791884 0.657878 0.804905 0.660048 0.809245 0.645942
2 0.796224 0.435438 0.790799 0.447374 0.80599 0.45497 0.807075 0.438694
2 0.633464 0.833659 0.634549 0.852105 0.648655 0.880317 0.667101 0.882487 0.670356 0.856445
2 0.899306 0.807617 0.901476 0.823893 0.914497 0.823893 0.912326 0.811957
2 0.683377 0.381185 0.683377 0.398546 0.707248 0.399631 0.707248 0.379015
2 0.0692274 0.815213 0.0692274 0.833659 0.0855035 0.832574 0.0855035 0.815213
2 0.26888 0.0936415 0.269965 0.112088 0.282986 0.113173 0.284071 0.0947266
2 0.153863 0.383355 0.151693 0.396376 0.167969 0.402886 0.170139 0.3801
2 0.622613 0.741428 0.623698 0.762044 0.636719 0.763129 0.639974 0.745768
2 0.65842 0.314996 0.65408 0.332357 0.672526 0.337782 0.673611 0.320421
