0 0.342637 0.0190556 0.337577 0.0357533 0.350733 0.0408132 0.360347 0.0306934
0 0.900745 0.000333954 0.910359 0.0145017 0.938188 0.0205736 0.95185 0.00438188 0.952824 0
0 0.378562 0.524035 0.377044 0.541238 0.389694 0.542756 0.398296 0.530106
0 0.508096 0.382863 0.50506 0.400067 0.501012 0.42233 0.502024 0.441052 0.516192 0.454714 0.535419 0.456738 0.533901 0.439028 0.529853 0.424354 0.528335 0.392477 0.520746 0.381345
0 0.509614 0.491651 0.496964 0.498735 0.51012 0.517963 0.526818 0.508349 0.528841 0.491145
0 0.480266 0.555406 0.475712 0.569574 0.492916 0.573622 0.495952 0.561478
0 0.51771 0.54984 0.510626 0.55743 0.518722 0.569574 0.531371 0.563502 0.526312 0.54731
0 0.865831 0.666218 0.857736 0.691012 0.864313 0.711251 0.884047 0.710239 0.883541 0.68494
0 0.923008 0.680892 0.908335 0.698095 0.91896 0.712769 0.913395 0.733009 0.931104 0.750719 0.94679 0.766404 0.982715 0.798282 0.998047 0.801567 0.998047 0.758308 0.975631 0.744647 0.958428 0.731491 0.947802 0.722383 0.950838 0.692024
0 0.667483 0.265979 0.659893 0.285207 0.678109 0.289255 0.680133 0.271039
0 0.713528 0.33783 0.69683 0.340866 0.702902 0.35301 0.711504 0.356552
0 0.775259 0.370719 0.765645 0.374767 0.770705 0.386911 0.775765 0.385899 0.776271 0.381345
0 0.710998 0.391971 0.705432 0.395513 0.70695 0.404115 0.715046 0.401585
