2 0.509108 0.778042 0.497976 0.78209 0.51265 0.805872 0.520746 0.798788
2 0.648761 0.749707 0.635606 0.755778 0.646737 0.7745 0.658375 0.76944
2 0.821304 0.829653 0.809666 0.831171 0.81169 0.846857 0.822316 0.845845
2 0.176166 0.88177 0.165034 0.890372 0.173636 0.909094 0.179202 0.897962
2 0.160986 0.898974 0.152384 0.902516 0.156938 0.913648 0.166552 0.910612
2 0.0769916 0.949573 0.0643418 0.955645 0.0694017 0.968295 0.0769916 0.963741
2 0.551105 0.770958 0.540985 0.775512 0.551611 0.785126
2 0.48482 0.835725 0.474194 0.838761 0.47976 0.849893 0.489374 0.847363
2 0.633582 0.356046 0.620932 0.359588 0.630546 0.373249 0.640159 0.373755
2 0.891797 0.889062 0.891602 0.898828 0.902148 0.898633 0.902148 0.888672
