2 0.0967252 0.184009 0.0845814 0.196152 0.0916653 0.216392 0.102291 0.22044 0.104821 0.204754 0.104315 0.189069
2 0.0435962 0.423848 0.0304404 0.434474 0.0375243 0.453702 0.0597879 0.45269 0.0577639 0.439534
2 0.454461 0.193622 0.431185 0.193622 0.428655 0.21032 0.449907 0.21285
2 0.503542 0.121266 0.486338 0.123796 0.492916 0.140999 0.50506 0.137963
2 0.657869 0.054475 0.643701 0.055487 0.649773 0.0731966 0.665965 0.0731966
2 0.810678 0.0155137 0.796511 0.0175376 0.807136 0.0311994 0.817762 0.0311994
2 0.626498 0.0979902 0.608788 0.104568 0.618402 0.116712
2 0.919972 0.2255 0.901251 0.232584 0.909347 0.246246 0.925032 0.244222
2 0.570333 0.834207 0.558695 0.836737 0.562237 0.858495 0.571851 0.860013
2 0.319361 0.885818 0.304182 0.88936 0.311265 0.902516
