2 0.145508 0.155273 0.166992 0.15332 0.165039 0.145508 0.145508 0.147461
2 0.108398 0.446289 0.118164 0.446289 0.120117 0.442383 0.137695 0.44043 0.139648 0.448242 0.12793 0.450195 0.124023 0.454102 0.110352 0.454102
2 0.00498384 0.189773 0.0045629 0.202401 0.0146653 0.201559 0.0146653 0.191457
2 0.0344491 0.161571 0.0340282 0.173778 0.0483398 0.174199 0.047498 0.161992
2 0.0449724 0.177566 0.0449724 0.187668 0.0546538 0.187668 0.053812 0.176724
2 0.078226 0.223027 0.0634934 0.234392 0.0677027 0.239864 0.0849609 0.239443 0.0849609 0.229341
2 0.0277142 0.275643 0.0268723 0.28322 0.0373956 0.283641 0.0373956 0.276906
2 0.126212 0.0613887 0.123687 0.0714911 0.133789 0.071912 0.13421 0.0609678
2 0.268066 0.168305 0.26049 0.172936 0.265541 0.180092 0.277327 0.174199
2 0.186827 0.271013 0.189352 0.27859 0.196929 0.274801 0.193982 0.268487
2 0.078226 0.369932 0.078226 0.379613 0.090854 0.378351 0.0841191 0.368669
2 0.214608 0.413288 0.214608 0.421286 0.227657 0.421286 0.226815 0.413288
2 0.236496 0.410762 0.235655 0.420444 0.258806 0.420023 0.25165 0.411183
2 0.148943 0.499579 0.148522 0.508419 0.161571 0.507577 0.160308 0.5
2 0.189352 0.504209 0.190615 0.523572 0.20198 0.521468 0.196508 0.50463
2 0.25628 0.511365 0.253334 0.526098 0.264699 0.527361 0.269329 0.514733
2 0.149784 0.580398 0.149784 0.591342 0.162833 0.591763 0.161992 0.581661
2 0.173357 0.501263 0.173778 0.510523 0.180933 0.509681 0.180933 0.500421
2 0.25628 0.488635 0.255438 0.496212 0.263436 0.497895 0.263015 0.489056
2 0.169147 0.534937 0.168726 0.543777 0.177566 0.543777 0.176724 0.534937
2 0.124529 0.517258 0.124108 0.525256 0.133789 0.526098 0.133368 0.516837
2 0.203664 0.975653 0.204927 0.98786 0.225552 0.983651 0.221343 0.976074
2 0.160308 0.828327 0.15694 0.848532 0.172936 0.851478 0.168726 0.840955 0.169568 0.829169
2 0.29668 0.872852 0.291211 0.881055 0.301758 0.886719 0.306445 0.876758
2 0.360156 0.84375 0.35625 0.857227 0.369727 0.857812 0.368359 0.845313
