0 0.0714257 0.0220916 0.0709197 0.0392953 0.0845814 0.0438492 0.0921713 0.0311994 0.0820515 0.0205736
0 0.0886294 0.0757266 0.0947013 0.0919183 0.108869 0.102544 0.121519 0.0995082 0.123037 0.0833165 0.103809 0.0752206
0 0.0850874 0.102544 0.0790155 0.117724 0.0947013 0.127338 0.102291 0.116712 0.0982432 0.102038
0 0.18072 0.11064 0.174142 0.126832 0.193875 0.132904 0.194887 0.118736
0 0.221199 0.117724 0.221199 0.135434 0.230813 0.145047 0.243463 0.131892 0.251558 0.118736 0.233343 0.111652
0 0.446365 0.556418 0.465593 0.563502 0.481784 0.568562 0.495952 0.56502 0.501518 0.540732 0.511638 0.520493 0.522264 0.524541 0.529347 0.546804 0.522264 0.570586 0.518722 0.587283 0.507084 0.600439 0.50253 0.607523 0.498482 0.622197 0.483808 0.623715 0.468123 0.632317 0.465087 0.615113 0.453449 0.611065 0.437763 0.610559 0.416511 0.627257 0.402344 0.620679 0.390706 0.614607 0.387164 0.594367 0.407404 0.592849 0.416006 0.584753 0.418535 0.575646 0.435739 0.57008
0 0.423595 0.930851 0.418535 0.947043 0.425113 0.952103 0.437257 0.941477 0.435233 0.931357
0 0.485832 0.898468 0.479254 0.906058 0.484314 0.91719 0.494434 0.91466 0.492916 0.89948
0 0.602716 0.910106 0.58703 0.910106 0.578429 0.919213 0.613848 0.938441 0.616378 0.919213
0 0.713022 0.817003 0.696324 0.829147 0.697336 0.839267 0.716058 0.842809 0.732756 0.837243 0.730732 0.819533
0 0.761091 0.80233 0.739334 0.810425 0.747936 0.821557 0.772223 0.820545
0 0.836484 0.913142 0.833448 0.899986 0.81422 0.889866 0.798029 0.903528 0.782849 0.904034 0.764633 0.899986 0.734274 0.905046 0.724154 0.9096 0.723142 0.925791 0.727696 0.940465 0.7449 0.936923 0.761091 0.926803 0.785379 0.931863 0.811184 0.938441 0.837496 0.933381 0.841544 0.922249
0 0.738828 0.406645 0.746418 0.425872 0.761091 0.42992 0.768681 0.419294 0.754007 0.410693
0 0.575393 0.497723 0.59462 0.511891 0.616884 0.514927 0.621438 0.500759 0.588548 0.487603 0.569321 0.483555
0 0.514168 0.506325 0.530359 0.518975 0.534407 0.53466 0.544527 0.548322 0.553635 0.560972 0.565273 0.573622 0.595126 0.587283 0.615366 0.587789 0.633076 0.583741 0.631558 0.568056 0.613342 0.545792 0.607776 0.531118 0.593102 0.539214 0.596644 0.556418 0.596644 0.565526 0.581971 0.556924 0.574887 0.542756 0.571345 0.533142 0.555659 0.525047 0.540985 0.511891 0.523782 0.495193 0.509614 0.492157
0 0.627004 0.493675 0.628522 0.508349 0.638136 0.510879 0.643701 0.503795 0.640665 0.495193
0 0.663435 0.511385 0.650785 0.516445 0.650279 0.5296 0.661411 0.533648 0.670013 0.523529
0 0.672543 0.42992 0.659387 0.44004 0.655339 0.454714 0.662423 0.459774 0.676591 0.447124 0.686205 0.443582 0.684687 0.430426
0 0.84711 0.817509 0.837496 0.827629 0.83952 0.836737 0.850652 0.841291 0.856724 0.829147
0 0.739334 0.364141 0.72719 0.371731 0.7449 0.379827 0.748948 0.368189
0 0.797017 0.242704 0.792969 0.260919 0.813208 0.270027 0.81928 0.262943 0.80916 0.253329
0 0.0112128 0.514421 0.0117187 0.533142 0.0182966 0.533648 0.0208266 0.519987
