0 0.390453 0.325686 0.388935 0.342384 0.397537 0.348962 0.417776 0.346938 0.429414 0.344408 0.439534 0.349468 0.444088 0.358576 0.444088 0.371731 0.43751 0.383369 0.4451 0.395007 0.458256 0.386405 0.4704 0.369707 0.470906 0.348962 0.456738 0.32771 0.438016 0.31253 0.421318 0.328216 0.408163 0.328216 0.406139 0.321638
0 0.358576 0.409175 0.357058 0.426378 0.353516 0.44257 0.354528 0.458762 0.370213 0.466352 0.390453 0.467364 0.405633 0.458256 0.398549 0.435992 0.387923 0.429414 0.376791 0.429414 0.375273 0.422836 0.373249 0.412211 0.374008 0.402091 0.367936 0.394501
0 0.635859 0.365153 0.625739 0.379321 0.630799 0.391465 0.64699 0.384381 0.651038 0.367683 0.645472 0.361105
0 0.64699 0.34542 0.658122 0.359082 0.671784 0.354022 0.676844 0.339854 0.660652 0.337324 0.65205 0.329228 0.64446 0.329734
0 0.721371 0.314048 0.733515 0.295833 0.746165 0.286725 0.748695 0.276099 0.734527 0.273569 0.724913 0.282677 0.716817 0.289761 0.712263 0.303929 0.712263 0.314554
0 0.76691 0.213862 0.762356 0.21032 0.742623 0.201212 0.710745 0.201212 0.693036 0.191093 0.686458 0.178443 0.721371 0.177431 0.739587 0.175913 0.750719 0.165287 0.76185 0.158203 0.778042 0.158203 0.784114 0.160227 0.78209 0.175913 0.775006 0.184515 0.775512 0.204248 0.77703 0.21032
0 0.636871 0.199694 0.618655 0.211838 0.616125 0.224994 0.636871 0.219934 0.650532 0.209308 0.65711 0.203742 0.649014 0.199694 0.645978 0.193116 0.642942 0.199694
0 0.245234 0.326192 0.244728 0.338336 0.255353 0.345926 0.264967 0.352504 0.271039 0.344408 0.259907 0.334288 0.253329 0.326192
0 0.254088 0.46028 0.244475 0.466352 0.248017 0.475965 0.25763 0.474447
0 8.09585e-05 0.818521 0.0137427 0.817509 0.0198146 0.807895 0.0193086 0.796258 0.0127307 0.78209 0.00463488 0.775512 8.09585e-05 0.775006 1.35525e-20 0.775843 0.00159893 0.795752 0.00514087 0.801824 -8.67362e-19 0.806497
0 0.353263 0.677856 0.352251 0.668242 0.352757 0.65711 0.352757 0.648002 0.353769 0.635859 0.353769 0.624727 0.361864 0.619161 0.378056 0.630799 0.380586 0.646484 0.379068 0.657616 0.374514 0.668242 0.361864 0.67988
0 0.451931 0.625233 0.445353 0.637883 0.453449 0.64446 0.459015 0.630799
0 0.368948 0.559454 0.359335 0.563502 0.366924 0.57767 0.379068 0.573622 0.381092 0.559454
0 0.400826 0.562996 0.411452 0.557936 0.406392 0.546804 0.396778 0.551864
0 0.39273 0.538202 0.385646 0.548322 0.394248 0.551358 0.400826 0.546804 0.400826 0.538202
0 0.522264 0.441558 0.510626 0.451172 0.518216 0.457244 0.522264 0.449654
0 0.609294 0.292291 0.602716 0.294315 0.606258 0.303929 0.611824 0.305446 0.61233 0.297351
0 0.59209 0.322144 0.577923 0.320626 0.580959 0.332264 0.588042 0.336312
0 0.70442 0.32012 0.70189 0.331758 0.686711 0.342384 0.688735 0.35301 0.706444 0.354022 0.715046 0.341372 0.719094 0.328216 0.717576 0.319614
0 0.761597 0.236632 0.760585 0.252317 0.763115 0.260413 0.774753 0.256871 0.777283 0.241186 0.767163 0.235114
