0 0.3353 0.0873644 0.34289 0.111652 0.346432 0.126832 0.361105 0.134928 0.374261 0.127338 0.376791 0.111652 0.370719 0.10052 0.367177 0.0949543 0.368189 0.0777506 0.346432 0.0767386
0 0.412695 0.295703 0.417776 0.311518 0.43125 0.306641 0.432422 0.297656 0.428516 0.292187 0.417969 0.284766
0 0.450666 0.33783 0.463822 0.348962 0.477483 0.346938 0.473941 0.33783 0.468882 0.33024 0.460786 0.32265
0 0.709227 0.484061 0.703661 0.492157 0.700625 0.508349 0.713781 0.507337 0.720865 0.493675 0.721371 0.483555
0 0.67735 0.64699 0.677856 0.661664 0.677856 0.679374 0.684434 0.690506 0.69506 0.691518 0.705179 0.67229 0.705179 0.656098 0.702143 0.638895 0.687976 0.638389
0 0.705685 0.696071 0.714029 0.691257 0.721371 0.697083 0.734527 0.693542 0.745153 0.69506 0.742117 0.706191 0.733515 0.715805 0.720865 0.717323 0.710239 0.716311 0.699578 0.707679
0 0.900998 0.762356 0.9096 0.779054 0.919213 0.771464 0.916684 0.76438
0 0.355078 0.0162109 0.360156 0.0320312 0.368164 0.028125 0.359766 0.0136719
0 0.479492 0.351758 0.479687 0.362695 0.490234 0.362305 0.489648 0.351172
0 0.674414 0.508594 0.665234 0.524609 0.677344 0.525586 0.683984 0.5125
0 0.638477 0.533398 0.639648 0.545703 0.641602 0.560742 0.656641 0.549023 0.666211 0.541797 0.662891 0.533008 0.652734 0.533984 0.647656 0.536328
0 0.646484 0.560547 0.646094 0.568359 0.654102 0.568164 0.654297 0.559375
0 0.690819 0.629073 0.691038 0.636955 0.700235 0.636517 0.699359 0.628416
0 0.742275 0.636079 0.742713 0.644838 0.752347 0.644181 0.751033 0.634766
0 0.906895 0.811064 0.905982 0.821712 0.91663 0.821408 0.916022 0.81076
0 0.742188 0.879883 0.741992 0.886914 0.749023 0.886914 0.748828 0.879102
0 0.381055 0.163672 0.381055 0.172656 0.39043 0.172656 0.390625 0.164062
