0 0.0691487 0.6647 0.0651008 0.679374 0.0762326 0.67988 0.0843284 0.692024 0.0990022 0.69506 0.106086 0.699613 0.11317 0.713275 0.11317 0.724913 0.111905 0.745659 0.117218 0.761344 0.124808 0.767922 0.136952 0.789174 0.120507 0.798788 0.13088 0.825605 0.127338 0.849893 0.120001 0.87165 0.123543 0.892396 0.1453 0.905552 0.151878 0.891384 0.149601 0.872662 0.146565 0.855459 0.151119 0.839773 0.153143 0.823581 0.154661 0.812449 0.160733 0.800306 0.155673 0.778042 0.148083 0.763368 0.140999 0.747683 0.139481 0.738069 0.135434 0.709227 0.129868 0.69 0.122784 0.680386 0.10811 0.67229 0.0919183 0.661158 0.0812925 0.655086 0.0731966 0.657616
0 0.169335 0.88936 0.157191 0.901504 0.153143 0.909094 0.156685 0.916684 0.168323 0.918202 0.177937 0.910612 0.180973 0.89442 0.179455 0.888348
0 0.279388 0.767922 0.269268 0.776524 0.276352 0.78968 0.292291 0.786138 0.29558 0.802836 0.308229 0.809919 0.311012 0.794234 0.31253 0.784114 0.303929 0.771464 0.293303 0.764886
0 0.29558 0.807895 0.280906 0.813461 0.28293 0.827629 0.29558 0.833195 0.299628 0.819027
0 0.196911 0.893408 0.210573 0.883288 0.215633 0.867602 0.199441 0.868614 0.186792 0.88177
0 0.130121 0.897962 0.121519 0.903022 0.125061 0.914154 0.139228 0.919213 0.138216 0.90707
0 0.18831 0.965765 0.184768 0.980944 0.194381 0.99663 0.207031 0.988534 0.206019 0.973861 0.196405 0.966271
0 0.232837 0.968295 0.248523 0.976896 0.258136 0.97639 0.253582 0.965259 0.238403 0.955645
0 0.226259 0.992582 0.227271 0.983474 0.236885 0.981956 0.240427 0.992076 0.237868 0.998047 0.228283 0.998047
0 0.217151 0.883288 0.209561 0.888348 0.210067 0.895938 0.221199 0.895432
0 0.232331 0.889866 0.223729 0.892396 0.224235 0.903528 0.233849 0.903528
0 0.186286 0.913648 0.174648 0.918202 0.177178 0.926803 0.188816 0.921743
0 0.235367 0.937935 0.226259 0.942489 0.231319 0.949067 0.240427 0.948561
0 0.247005 0.903022 0.241439 0.910612 0.250546 0.91719 0.26269 0.918202
