2 0.220187 0.426378 0.209055 0.451172 0.219681 0.456232 0.235367 0.43751
2 0.244475 0.625739 0.230307 0.640412 0.235367 0.649014 0.245993 0.64952
2 0.577417 0.744647 0.562743 0.763368 0.574381 0.767922 0.581465 0.767416 0.583994 0.752742
2 0.258136 0.872156 0.251558 0.883794 0.26016 0.888348 0.272304 0.87924
2 0.451425 0.859001 0.440799 0.870132 0.455979 0.87418 0.467617 0.86659
2 0.576405 0.618655 0.568815 0.633329 0.583489 0.636365 0.595126 0.626751 0.591584 0.615619
2 0.895179 0.506325 0.891637 0.518469 0.897203 0.527071 0.905299 0.518469
2 0.933128 0.412717 0.921996 0.431944 0.9392 0.43245 0.938694 0.421318
2 0.838508 0.251811 0.829906 0.265979 0.846604 0.276099 0.855206 0.265979 0.850652 0.253835
2 0.977655 0.242198 0.968042 0.256871 0.977655 0.260413 0.986257 0.252823
2 0.83446 0.323156 0.830918 0.336312 0.84205 0.346938 0.85217 0.339348 0.843568 0.328722
2 0.488362 0.482543 0.48229 0.496711 0.490386 0.499241 0.497976 0.492663
2 0.532889 0.516951 0.524288 0.527577 0.534407 0.536684 0.539973 0.524035
2 0.942742 0.0372713 0.935658 0.0473911 0.945778 0.0595349 0.952356 0.050933 0.948814 0.0367653
2 0.461523 0.835156 0.461523 0.841797 0.469922 0.841211 0.469922 0.834375
2 0.489063 0.00820313 0.488672 0.0136719 0.494531 0.0136719 0.494727 0.00957031
