0 0.765645 0.296339 0.772476 0.307976 0.775006 0.333782 0.78462 0.341878 0.800306 0.349468 0.786644 0.360094 0.787656 0.378815 0.79727 0.384381 0.807895 0.376285 0.825605 0.372743 0.840279 0.364141 0.833701 0.352504 0.824593 0.337324 0.811943 0.327204 0.803342 0.327204 0.809413 0.311012 0.797776 0.301399 0.787909 0.289255 0.772729 0.289255
0 0.524035 0.22803 0.516951 0.24321 0.533142 0.248776 0.537696 0.24068 0.536178 0.228536
0 0.561478 0.255859 0.57261 0.266991 0.58703 0.264967 0.590066 0.253835 0.578935 0.244222 0.568056 0.244728
0 0.600439 0.258389 0.611065 0.258389 0.623715 0.256365 0.641424 0.264967 0.666724 0.262943 0.669507 0.24827 0.649014 0.238656 0.622703 0.229042 0.613595 0.238656 0.602463 0.245234 0.592343 0.24827
0 0.675326 0.211332 0.670772 0.198176 0.666218 0.181479 0.673808 0.161745 0.68494 0.156179 0.693036 0.166299 0.685952 0.180973 0.691012 0.194128 0.69506 0.209308 0.690506 0.223476 0.67988 0.218416
0 0.675832 0.143023 0.68747 0.12835 0.697589 0.12582 0.696577 0.107098 0.69 0.102544 0.672037 0.0762326 0.665965 0.0919183 0.676338 0.11317 0.670266 0.122278 0.66217 0.129868 0.661158 0.137963 0.663182 0.149601
0 0.629281 0.0853404 0.648508 0.0792685 0.65205 0.0635828 0.635353 0.0615589 0.626245 0.0499211 0.604487 0.0600409 0.613595 0.0787625
0 0.560466 0.0261395 0.557936 0.0398012 0.57261 0.0448612 0.584753 0.0443552 0.598415 0.0433432 0.593355 0.0322114 0.579188 0.0241155 0.57008 0.0210796
0 0.65458 0.0332234 0.67229 0.0322114 0.683422 0.0362593 0.698095 0.0387893 0.710239 0.0322114 0.716311 0.0195616 0.710745 0.00539386 0.707203 0.000839945 0.661006 0 0.648508 0.0175376
0 0.114941 0.263955 0.104821 0.261931 0.101279 0.271545 0.107857 0.278629 0.114941 0.279641
0 0.518216 0.151625 0.50759 0.154155 0.512144 0.163769 0.52024 0.162757
0 0.672037 0.0352473 0.657869 0.0301874 0.644207 0.0403072 0.651797 0.052451 0.664447 0.055487
0 0.453449 0.134422 0.446365 0.132398 0.443835 0.142517 0.451931 0.145047
0 0.465087 0.161239 0.454967 0.161239 0.455979 0.169335 0.462051 0.171359
0 0.603728 0.20779 0.595126 0.21032 0.599174 0.218416 0.60727 0.216392
0 0.568815 0.204754 0.559707 0.20526 0.559201 0.212344 0.567297 0.215886
0 0.634594 0.0408132 0.629028 0.0408132 0.625486 0.0418252 0.626498 0.0494151 0.633076 0.052451
