2 0.418029 0.165287 0.41297 0.178949 0.422583 0.187045 0.427643 0.173889
2 0.778801 0.21032 0.755019 0.218416 0.770199 0.239162 0.783355 0.234608
2 0.917949 0.436498 0.901251 0.4451 0.916431 0.461798 0.92402 0.452184
2 0.680639 0.631811 0.654833 0.641424 0.667989 0.658628 0.686205 0.645472
2 0.615366 0.943501 0.597656 0.957163 0.618402 0.962729
2 0.513156 0.57514 0.498988 0.594873 0.504048 0.627257 0.519734 0.637883 0.541997 0.610559 0.551105 0.582224 0.531877 0.573116
2 0.483302 0.463822 0.467111 0.480519 0.482796 0.490639
2 0.770871 0.630608 0.785603 0.637736 0.788929 0.651992 0.775148 0.654843
2 0.675354 0.705216 0.662048 0.716621 0.6668 0.728501 0.680106 0.720898
2 0.575559 0.758915 0.557501 0.759865 0.571757 0.776498
2 0.536523 0.24668 0.536328 0.25625 0.551172 0.256445 0.550977 0.246484
2 0.50293 0.833984 0.502148 0.846484 0.514453 0.846289 0.512305 0.832812
2 0.5125 0.849023 0.511719 0.857422 0.525391 0.858789 0.525 0.847461
2 0.508398 0.868164 0.508398 0.882617 0.526172 0.883398 0.525586 0.866992
2 0.480469 0.904883 0.474414 0.92793 0.487305 0.923438 0.495117 0.933594 0.509375 0.92832 0.505078 0.916016 0.499219 0.914453 0.498047 0.902734
2 0.519336 0.914258 0.518359 0.923242 0.528516 0.924023 0.52793 0.913867
2 0.452148 0.918359 0.451172 0.928125 0.4625 0.92832 0.460742 0.920312
2 0.365039 0.655078 0.363086 0.670508 0.372656 0.670508 0.373242 0.65293
2 0.0849609 0.443945 0.0861328 0.463281 0.0980469 0.462109 0.096875 0.44375
2 0.72168 0.727734 0.721875 0.737695 0.740234 0.7375 0.739844 0.727539
2 0.32168 0.310156 0.321094 0.326367 0.333594 0.326172 0.333008 0.30957
