2 0.328469 0.164781 0.318349 0.180973 0.334035 0.188563 0.341625 0.174901
2 0.336059 0.234608 0.334541 0.249281 0.350733 0.255859 0.351239 0.241186
2 0.885565 0.444088 0.876963 0.461798 0.888601 0.466858 0.895685 0.452184
2 0.891131 0.32518 0.885059 0.336818 0.893155 0.34795 0.899227 0.335806
2 0.907829 0.217404 0.905299 0.232584 0.914913 0.237644 0.91896 0.227524
2 0.771717 0.12582 0.764633 0.137963 0.776777 0.144541 0.783355 0.13594
2 0.531002 0.91646 0.522735 0.928861 0.542503 0.934393 0.546503 0.924727
2 0.690662 0.731223 0.688079 0.748274 0.695312 0.749308 0.699963 0.73794
2 0.888561 0.47708 0.888561 0.484684 0.8966 0.484901 0.896382 0.476428
2 0.562004 0.91336 0.550637 0.91336 0.549603 0.924727 0.562004 0.927827
2 0.304688 0.255084 0.295387 0.260251 0.306754 0.268519
