0 0.0552734 0.103516 0.0552734 0.111523 0.0605469 0.117188 0.0675781 0.116602 0.0669922 0.108203 0.0619141 0.102539
0 0.0759766 0.116211 0.0707031 0.123438 0.0830078 0.123828 0.0822266 0.116602
0 0.0884766 0.145898 0.0882813 0.154297 0.0978516 0.152344 0.0982422 0.146875
0 0.119141 0.169531 0.119336 0.175586 0.125391 0.175781 0.125391 0.168945
0 0.164258 0.188086 0.164258 0.194922 0.170313 0.195117 0.170313 0.187891
0 0.150391 0.0847656 0.15 0.0978516 0.155664 0.102344 0.158789 0.113086 0.167187 0.111133 0.161719 0.100781 0.172852 0.0970703 0.17207 0.0882813 0.166406 0.0873047
0 0.18418 0.10293 0.184375 0.1125 0.195703 0.111719 0.195312 0.103516
0 0.204297 0.115234 0.204883 0.124805 0.216016 0.124414 0.214844 0.114258
0 0.221289 0.129492 0.221289 0.133789 0.218164 0.136914 0.219531 0.141016 0.230859 0.139063 0.229297 0.132812
0 0.286133 0.200781 0.28418 0.216406 0.295898 0.214453 0.297461 0.208984 0.293945 0.207422 0.294727 0.202539
0 0.193875 0.179961 0.216139 0.174395 0.236379 0.178443 0.270786 0.174395 0.274834 0.185021 0.26016 0.199188 0.235873 0.209308 0.210573 0.208296 0.200453 0.195646 0.19084 0.184515
