2 0.180664 0.555664 0.174805 0.569336 0.18457 0.573242 0.194336 0.561523 0.182617 0.555664
2 0.0484375 0.690625 0.0611328 0.699219 0.0667969 0.688086 0.0542969 0.680859
2 0.218555 0.450391 0.21875 0.463477 0.229102 0.462891 0.228906 0.449805
2 0.0894531 0.909766 0.0890625 0.919531 0.0990234 0.918945 0.0980469 0.905859
2 0.382422 0.637695 0.382031 0.647266 0.391602 0.647461 0.391406 0.638086
2 0.34082 0.608789 0.34043 0.617578 0.351953 0.617969 0.351758 0.608203
2 0.423242 0.941016 0.423047 0.951758 0.43418 0.950977 0.432812 0.941602
2 0.716797 0.530273 0.717969 0.541992 0.732227 0.539844 0.728125 0.525977
2 0.677344 0.623437 0.677344 0.633203 0.689453 0.632227 0.688672 0.622852
2 0.770117 0.816992 0.771289 0.827734 0.781641 0.825977 0.780664 0.816797
2 0.700977 0.907422 0.700977 0.916992 0.711133 0.916406 0.710156 0.907031
2 0.964063 0.858984 0.964453 0.867188 0.971484 0.866992 0.970703 0.858203
2 0.967969 0.752344 0.967773 0.761914 0.979492 0.761328 0.979297 0.752734
2 0.968555 0.111133 0.968555 0.121875 0.976758 0.121094 0.975391 0.109766
2 0.234375 0.0146484 0.234375 0.0222656 0.243359 0.0220703 0.242773 0.0148437
2 0.0626953 0.577734 0.0626953 0.589063 0.0712891 0.588672 0.0708984 0.577344
2 0.119141 0.577734 0.119141 0.586133 0.130273 0.586133 0.129883 0.577539
2 0.930928 0.44833 0.917493 0.455564 0.917493 0.464864 0.932994 0.463831
2 0.18068 0.872024 0.167245 0.873057 0.165179 0.885458 0.179646 0.886491
2 0.449363 0.925761 0.439029 0.932994 0.444196 0.946429 0.45143 0.939195
