0 0.0117187 0.193116 0.0233565 0.207284 0.0344883 0.206272 0.0355003 0.223476 0.0309464 0.239668 0.0233565 0.247764 0.0142487 0.24574 0.0107068 0.231572 0 0.219218 0.00109294 0.19514
0 0.2273 0.217034 0.207031 0.234608 0.217151 0.246752 0.232331 0.23815 0.239921 0.22803 0.236885 0.216392
0 0.398802 0.224994 0.385646 0.23309 0.38767 0.242198 0.401838 0.244222 0.41044 0.235114
0 0.0476441 0.500253 0.0425842 0.524035 0.05321 0.536684 0.0633298 0.54731 0.0967252 0.548828 0.0977372 0.520999 0.0825575 0.503795 0.0587759 0.495699
0 0.0613059 0.0271515 0.053716 0.0352473 0.0607999 0.0494151 0.0704137 0.0408132
0 0.0466321 0.234608 0.0334764 0.242198 0.0435962 0.250293 0.052198 0.238656
0 0.0972312 0.453702 0.0785096 0.466352 0.0901473 0.476471 0.0977372 0.46787
0 0.111905 0.486591 0.0992552 0.489121 0.105833 0.502277 0.111399 0.504807
0 0.245949 0.166033 0.237682 0.1743 0.244571 0.182912 0.249049 0.177745
0 0.232515 0.183945 0.223559 0.183945 0.218047 0.189112 0.221147 0.194279 0.233548 0.193246
0 0.27144 0.217014 0.261106 0.223214 0.267306 0.230793
0 0.23596 0.249049 0.226314 0.251116 0.228726 0.259728 0.235615 0.259039
0 0.293141 0.244916 0.288663 0.256628 0.297964 0.262139 0.298308 0.253527
0 0.324832 0.264895 0.31622 0.277984 0.329999 0.282807 0.331032 0.275229
0 0.41026 0.260072 0.41646 0.25525 0.427138 0.258694 0.425761 0.267306 0.415427 0.266962
0 0.304508 0.29383 0.294863 0.302786 0.303475 0.310709
0 0.253872 0.247671 0.253183 0.258694 0.260417 0.260072 0.26145 0.253872
