0 0.0771484 0.960156 0.0863281 0.950586 0.0919922 0.942383 0.0996094 0.941016 0.106641 0.936133 0.117773 0.938672 0.125195 0.92168 0.14898 0.930816 0.161914 0.925586 0.170313 0.933398 0.164666 0.95055 0.158594 0.970789 0.152522 0.986475 0.144491 0.999023 0.1338 0.999023 0.130764 0.991535 0.123438 0.994531 0.114648 0.978125 0.111328 0.992969 0.104102 0.973828 0.0931641 0.994727 0.0849609 0.99668 0.0705078 0.998437 0.0646484 0.994141 0.0691406 0.973437
0 0.157191 0.905046 0.166299 0.923261 0.171359 0.932369 0.183503 0.930345 0.194128 0.920225 0.20273 0.923767 0.204102 0.933008 0.198437 0.94082 0.185156 0.940039 0.184961 0.948438 0.213086 0.960352 0.23125 0.960352 0.231572 0.946031 0.240174 0.946031 0.259907 0.955645 0.272051 0.960199 0.277111 0.962223 0.284766 0.942773 0.273569 0.931357 0.265039 0.922852 0.255859 0.932617 0.237138 0.926803 0.237109 0.917578 0.223476 0.912636 0.217404 0.90454 0.206272 0.89695 0.190587 0.888854 0.175407 0.89189 0.166805 0.896444
0 0.22297 0.87924 0.221289 0.893555 0.235114 0.9096 0.24321 0.920225 0.248776 0.907576 0.244728 0.898974 0.23815 0.8843 0.235114 0.881264
0 0.245508 0.863477 0.236914 0.875977 0.249219 0.882227 0.256641 0.887109 0.250977 0.899219 0.263672 0.905664 0.268003 0.91719 0.275593 0.928827 0.290773 0.931357 0.293809 0.914154 0.279135 0.90454 0.273063 0.888854 0.271545 0.876204 0.264461 0.861025 0.254341 0.860013
0 0.311518 0.820545 0.294315 0.846857 0.289761 0.860013 0.297857 0.86912 0.310506 0.862543 0.319108 0.849387 0.329228 0.856471 0.339854 0.857989 0.349974 0.840279 0.341372 0.831171 0.338336 0.825099 0.334794 0.810425 0.320626 0.810425
0 0.494922 0.792773 0.481055 0.806445 0.494531 0.80957 0.506445 0.802148 0.510938 0.791797 0.500759 0.786138
0 0.423848 0.904034 0.414741 0.921237 0.401079 0.931863 0.414741 0.944513 0.426378 0.946031 0.455726 0.960199 0.466858 0.942995 0.481531 0.928827 0.469894 0.920731 0.45775 0.926803 0.450666 0.932875 0.444594 0.935405 0.432956 0.929333 0.441558 0.919719 0.438016 0.9096 0.432956 0.907576
0 0.528588 0.865578 0.517457 0.872156 0.525047 0.878734 0.53466 0.880252 0.540226 0.872662
0 0.513281 0.959375 0.500781 0.957227 0.491016 0.970898 0.502783 0.987522 0.515939 0.993088 0.530106 0.988028 0.532636 0.976896
0 0.483203 0.814844 0.490625 0.838477 0.500391 0.835156 0.491797 0.811328
0 0.445898 0.877539 0.444922 0.886133 0.453906 0.886719 0.454102 0.875977
0 0.352734 0.820898 0.353125 0.831641 0.364453 0.842578 0.37207 0.833594 0.368555 0.820898
0 0.378125 0.804492 0.377539 0.816016 0.39082 0.816016 0.388867 0.803516
0 0.282813 0.872656 0.283203 0.883984 0.303125 0.882422 0.302539 0.873047
0 0.312109 0.878516 0.312109 0.904687 0.319336 0.904687 0.319141 0.878125
0 0.364844 0.857422 0.365625 0.866602 0.376758 0.864844 0.374609 0.855469
0 0.38125 0.82832 0.380859 0.835742 0.400391 0.835156 0.398633 0.826367
0 0.394727 0.868359 0.394141 0.879687 0.404687 0.880469 0.404687 0.867578
