0 0.66976 0.219428 0.663688 0.232078 0.672796 0.242198 0.682916 0.24321 0.687976 0.23309 0.682916 0.213862 0.680892 0.218922 0.675326 0.218922
0 0.648002 0.239162 0.633329 0.242704 0.632823 0.253835 0.645978 0.254847 0.65711 0.250799
0 0.67229 0.44004 0.662676 0.458762 0.683928 0.458256 0.685952 0.444088
0 0.733009 0.423342 0.737563 0.405127 0.750213 0.398549 0.757296 0.402597 0.768934 0.388935 0.77956 0.380333 0.798788 0.378815 0.822569 0.386405 0.830159 0.396019 0.823581 0.408163 0.806884 0.409175 0.795246 0.400067 0.778548 0.409175 0.772982 0.4198 0.757296 0.424354 0.746671 0.432956 0.733515 0.436498
0 0.842809 0.378815 0.832183 0.397031 0.839267 0.416259 0.852929 0.419294 0.86659 0.42486 0.862037 0.433968 0.867602 0.445606 0.88177 0.459268 0.887842 0.46534 0.905046 0.473941 0.924273 0.462304 0.937935 0.444594 0.941983 0.421824 0.947043 0.402597 0.943501 0.384887 0.941983 0.365153 0.926297 0.34795 0.911118 0.339854 0.893408 0.339854 0.886324 0.353516 0.878734 0.364647 0.857483 0.370719 0.852929 0.372237 0.847869 0.375779
0 0.956657 0.415753 0.948561 0.434474 0.954633 0.444088 0.966271 0.433968 0.968801 0.425366
0 0.883288 0.477483 0.857989 0.501771 0.842303 0.520493 0.829653 0.536178 0.816497 0.556924 0.807895 0.56502 0.79727 0.574128 0.78968 0.592343 0.787656 0.606005 0.785126 0.614101 0.761344 0.632317 0.749707 0.621185 0.744141 0.630799 0.735539 0.64193 0.729973 0.646484 0.728455 0.656604 0.723901 0.663688 0.720865 0.67735 0.717829 0.687976 0.706697 0.699107 0.703661 0.703155 0.693036 0.706697 0.685952 0.720865 0.696577 0.726937 0.717829 0.724913 0.75679 0.724913 0.765898 0.709227 0.773488 0.698601 0.782596 0.665712 0.788668 0.653062 0.812449 0.629787 0.819027 0.588801 0.837243 0.578176 0.852929 0.548828 0.892902 0.508855 0.895432 0.496711 0.899986 0.490639 0.90707 0.477483
0 0.601451 0.718335 0.607017 0.731491 0.618655 0.737563 0.629281 0.738575 0.634847 0.734527 0.617643 0.714287
0 0.632317 0.707203 0.632317 0.723395 0.649014 0.734527 0.671784 0.739081 0.679374 0.731491 0.673302 0.715805 0.658628 0.714287 0.643448 0.706191
0 0.504807 0.820545 0.497723 0.832689 0.495193 0.851411 0.510879 0.849387 0.518469 0.838761 0.512397 0.821557
