2 0.0615234 0.217773 0.0673828 0.22168 0.0634766 0.233398 0.0556641 0.231445 0.0615234 0.227539 0.0595703 0.219727
2 0.583008 0.268555 0.588867 0.282227 0.598633 0.280273 0.594727 0.274414 0.588867 0.268555 0.586914 0.262695 0.581055 0.262695
2 0.790039 0.358398 0.790039 0.366211 0.786133 0.368164 0.786133 0.356445
2 0.704102 0.540039 0.711914 0.545898 0.713867 0.545898 0.72168 0.538086 0.72168 0.53418 0.719727 0.536133 0.713867 0.538086 0.711914 0.53418 0.706055 0.53418
2 0.727539 0.543945 0.727539 0.553711 0.723633 0.553711 0.72168 0.547852
2 0.803711 0.446289 0.803711 0.450195 0.805664 0.448242 0.813477 0.438477 0.805664 0.442383
2 0.188477 0.924805 0.200195 0.948242 0.198242 0.950195 0.186523 0.952148
2 0.118164 0.950195 0.12207 0.961914 0.12207 0.973633 0.125977 0.975586 0.125977 0.979492 0.116211 0.979492 0.116211 0.969727 0.114258 0.96582 0.112305 0.952148
2 0.0732422 0.959961 0.0986328 0.969727 0.0966797 0.959961 0.0771484 0.954102
2 0.100586 0.418945 0.110352 0.416992 0.12207 0.415039 0.12207 0.411133 0.104492 0.411133
2 0.0712891 0.479492 0.0693359 0.485352 0.0615234 0.483398 0.0654297 0.479492
2 0.604492 0.454102 0.612305 0.454102 0.612305 0.450195 0.604492 0.452148
