2 0.448242 0.49707 0.446289 0.512695 0.44043 0.512695 0.44043 0.506836 0.442383 0.50293 0.444336 0.49707
2 0.915039 0.514648 0.914625 0.525324 0.905025 0.520359 0.90918 0.512695 0.913086 0.510742
2 0.845438 0.0857058 0.840473 0.105568 0.830211 0.103582 0.833852 0.0870299 0.840142 0.0814023
2 0.208333 0.773438 0.217448 0.777778 0.226562 0.77474 0.224392 0.766493 0.210503 0.761719
2 0.541214 0.146286 0.55247 0.148934 0.558097 0.146286 0.555449 0.137679 0.542207 0.137017
2 0.772461 0.450195 0.770508 0.456055 0.766602 0.456055 0.764648 0.452148 0.766602 0.450195
2 0.313368 0.798611 0.317274 0.807292 0.328125 0.802517 0.330295 0.793403 0.31684 0.788194
2 0.279694 0.767313 0.279694 0.778238 0.294922 0.775258 0.293929 0.76632
2 0.384964 0.753079 0.384633 0.764334 0.399199 0.764996 0.39953 0.754734
2 0.500166 0.646815 0.49851 0.659064 0.511421 0.659395 0.50811 0.646484
2 0.576966 0.654429 0.577628 0.666016 0.586235 0.665354 0.585242 0.653105
2 0.548828 0.600801 0.549159 0.608746 0.557104 0.608746 0.557104 0.60047
2 0.537573 0.587891 0.537904 0.598153 0.547504 0.597822 0.54618 0.587891
2 0.448524 0.538566 0.448193 0.548166 0.458455 0.548828 0.4568 0.53989
2 0.435282 0.479972 0.435282 0.489903 0.444551 0.489903 0.44422 0.478317
2 0.573987 0.470041 0.56869 0.477655 0.576304 0.480303 0.578953 0.47302
2 0.578622 0.283998 0.578622 0.295253 0.591201 0.296577 0.591201 0.285984
2 0.618346 0.30717 0.61636 0.315777 0.630595 0.320081 0.630595 0.31015
2 0.601794 0.37404 0.601463 0.383309 0.608415 0.383309 0.608746 0.373378
2 0.603118 0.248577 0.602787 0.258508 0.612718 0.25917 0.612387 0.248577
2 0.56207 0.1827 0.561739 0.190645 0.572332 0.190976 0.572663 0.183031
2 0.663698 0.143306 0.663367 0.153238 0.677602 0.153238 0.677602 0.143306
2 0.697133 0.0903403 0.697133 0.0999404 0.706733 0.0999404 0.706733 0.0896782
2 0.679257 0.0383673 0.679588 0.0473053 0.688195 0.0473053 0.687864 0.0377052
2 0.713354 0.0304224 0.713023 0.0390294 0.722623 0.0390294 0.723285 0.0304224
2 0.610732 0.173431 0.610401 0.181707 0.620994 0.182038 0.620663 0.173762
2 0.64814 0.204548 0.64814 0.214811 0.655091 0.215473 0.655753 0.204548
2 0.674954 0.569684 0.674954 0.582263 0.68654 0.581932 0.685878 0.570015
2 0.703754 0.654098 0.704085 0.666678 0.714678 0.664691 0.712692 0.654098
2 0.716333 0.659726 0.716664 0.671974 0.725602 0.671643 0.725602 0.662374
2 0.739175 0.617353 0.739506 0.627946 0.748775 0.627946 0.748775 0.618015
2 0.719313 0.618346 0.719313 0.625298 0.72792 0.625629 0.727589 0.617684
2 0.890128 0.86828 0.890459 0.87788 0.898735 0.877549 0.897742 0.867287
2 0.908336 0.866625 0.908998 0.877218 0.919922 0.876556 0.918267 0.865963
2 0.822266 0.792141 0.822928 0.800417 0.835507 0.799755 0.835176 0.79181
2 0.991426 0.576304 0.991757 0.587229 0.998047 0.586682 0.998047 0.576635
2 0.987379 0.614083 0.986657 0.623469 0.99496 0.623469 0.99496 0.614805
2 0.670041 0.439709 0.669319 0.450179 0.679067 0.450179 0.68015 0.438987
2 0.727804 0.412633 0.727804 0.422741 0.735386 0.422741 0.734664 0.41155
2 0.764268 0.434294 0.764629 0.44332 0.775459 0.44332 0.774376 0.433211
2 0.531684 0.804253 0.531684 0.817708 0.546875 0.817274 0.544271 0.804688
2 0.397486 0.118926 0.396571 0.128989 0.402518 0.128989 0.402518 0.133563 0.412581 0.133563 0.412123 0.123042 0.405262 0.123042 0.405262 0.117553
2 0.856265 0.359064 0.857637 0.374158 0.870444 0.373244 0.869987 0.360436
2 0.869529 0.338938 0.869529 0.348086 0.879135 0.347629 0.878678 0.339853
