0 0.148842 0.277617 0.144794 0.294315 0.159974 0.305952 0.172118 0.294821 0.161998 0.281665
0 0.74237 0.814473 0.738322 0.832689 0.752489 0.844327 0.768175 0.840785 0.762103 0.826617 0.756537 0.815485
0 0.740346 0.890878 0.730226 0.894926 0.738828 0.908082 0.754007 0.90707 0.751983 0.897456
0 0.729214 0.929333 0.759573 0.922249 0.762609 0.920225 0.777789 0.932369 0.774247 0.945019 0.782849 0.948055 0.802077 0.940465 0.811184 0.947043 0.802583 0.970825 0.788415 0.966271 0.768175 0.981956 0.754007 0.977402 0.745406 0.972849 0.742876 0.956657 0.733262 0.957669 0.72213 0.944007 0.721624 0.936923
0 0.133157 0.2255 0.142264 0.24321 0.14783 0.257883 0.131133 0.260919 0.107351 0.252317 0.107351 0.241692 0.119495 0.230054
0 0.146312 0.220946 0.136699 0.224488 0.139228 0.234608 0.143276 0.23309
0 0.14024 0.173383 0.126579 0.174395 0.133157 0.189575 0.141758 0.183503 0.140746 0.179455
0 0.0506801 0.0974842 0.0360063 0.0979902 0.0405602 0.110134
0 0.662929 0.193116 0.651291 0.192105 0.642689 0.216898 0.652303 0.218416 0.662929 0.209308
0 0.680639 0.152131 0.670013 0.152637 0.674567 0.160733
0 0.185274 0.330746 0.17313 0.331758 0.18072 0.34289
0 0.743888 0.841797 0.725672 0.841797 0.726684 0.853941 0.73478 0.855965 0.738322 0.855965
0 0.994353 0.738069 0.982209 0.737563 0.982715 0.749707 0.991317 0.757802 0.995365 0.749707
0 0.984233 0.804354 0.992329 0.803342 0.998047 0.807153 0.993847 0.817003 0.984739 0.812955
0 0.979173 0.714793 0.97209 0.715805 0.978667 0.726937 0.985245 0.720865
0 0.784367 0.625739 0.773235 0.626751 0.779813 0.639401
0 0.8547 0.935405 0.838002 0.941477 0.849134 0.949573
