2 0.895685 0.771464 0.883541 0.79221 0.902263 0.815485 0.917443 0.7998 0.915925 0.784114
2 0.939706 0.728455 0.928068 0.739081 0.9392 0.751224 0.948814 0.742623
2 0.983221 0.840785 0.974114 0.855459 0.987775 0.865578 0.998047 0.853319
2 0.641677 0.888348 0.62751 0.91213 0.644713 0.916684 0.660399 0.900492
2 0.712516 0.918707 0.711504 0.934899 0.726178 0.937429 0.729214 0.923261
2 0.745406 0.653062 0.73478 0.666724 0.746924 0.67482 0.755525 0.668748
2 0.92402 0.250293 0.914407 0.267497 0.924526 0.280653 0.936164 0.268509
2 0.308229 0.053463 0.308229 0.0691487 0.320879 0.0706667 0.324421 0.054981
2 0.666211 0.69082 0.666406 0.69707 0.671875 0.696875 0.67168 0.69082
2 0.550391 0.593555 0.550391 0.600391 0.55918 0.600391 0.558789 0.593359
2 0.394727 0.396484 0.394922 0.404102 0.400391 0.403906 0.400195 0.396289
