0 0.499747 0.653568 0.491992 0.669727 0.497656 0.678711 0.509867 0.680892 0.526953 0.688086 0.533984 0.685352 0.538202 0.670266 0.538202 0.657616 0.536178 0.650532 0.512903 0.650026 0.507337 0.652556
0 0.597909 0.815485 0.594367 0.831171 0.596897 0.844833 0.611065 0.852929 0.629787 0.853435 0.646484 0.847363 0.655086 0.836231 0.654074 0.819533 0.646484 0.812449 0.637883 0.811943 0.630293 0.822569 0.624221 0.828641 0.619667 0.832689 0.620173 0.820545 0.611065 0.813967
0 0.623209 0.867096 0.630799 0.878228 0.647496 0.87924 0.653062 0.876204 0.655592 0.8843 0.655592 0.892902 0.666724 0.895432 0.67735 0.887336 0.676338 0.87165 0.6647 0.862543 0.653568 0.861531 0.632317 0.862543
0 0.776018 0.673808 0.772982 0.694554 0.781584 0.702649 0.788162 0.701131 0.798282 0.692024 0.805872 0.678868 0.79727 0.676338 0.788668 0.669254
0 0.410938 0.68457 0.410938 0.695312 0.429883 0.694922 0.428516 0.689844 0.428516 0.681445
0 0.819727 0.70957 0.822656 0.72168 0.833203 0.717969 0.826758 0.706055
0 0.691998 0.662165 0.691743 0.673384 0.701942 0.673384 0.702707 0.662675
0 0.927595 0.77832 0.980608 0.746931 0.993862 0.761579 0.958984 0.77274 0.935965 0.792969
0 0.774135 0.976423 0.779715 0.991071 0.801339 0.982701 0.796456 0.972935
0 0.895117 0.996875 0.905273 0.996094 0.904492 0.988477 0.89082 0.988867 0.881836 0.996094 0.882413 0.999414 0.889453 0.999414
0 0.914453 0.995117 0.914453 1 0.924023 1 0.924023 0.994531
0 0.437109 0.912891 0.4375 0.923047 0.44707 0.922266 0.446094 0.911719
0 0.704102 0.874805 0.715234 0.869922 0.716992 0.875195 0.705078 0.879883
