0 0.294531 0.823047 0.286914 0.836914 0.293303 0.851917 0.305664 0.866016 0.318945 0.867773 0.322656 0.85957 0.309375 0.845508 0.30494 0.828135
0 0.499747 0.777536 0.501265 0.792716 0.511385 0.7998 0.516951 0.817003 0.517457 0.828135 0.536178 0.827629 0.541238 0.812955 0.530612 0.794234 0.521505 0.783102 0.503795 0.772476
0 0.180859 0.619727 0.180469 0.630859 0.194141 0.63125 0.193945 0.61875
0 0.204492 0.586719 0.203906 0.598437 0.222266 0.604492 0.228906 0.598828 0.217188 0.591992 0.208984 0.58457
0 0.285742 0.72793 0.311523 0.709375 0.320117 0.710547 0.321875 0.724023 0.316211 0.730664 0.287695 0.736914
0 0.354492 0.687891 0.354297 0.708398 0.363281 0.707227 0.3625 0.686133
0 0.379883 0.708789 0.370312 0.721094 0.366797 0.73418 0.357422 0.740234 0.357617 0.749414 0.354297 0.760156 0.343164 0.763867 0.343555 0.775586 0.35625 0.774219 0.370312 0.762109 0.381836 0.745703 0.393555 0.735742 0.397266 0.718164 0.389648 0.70918
0 0.321094 0.830469 0.320508 0.838281 0.331055 0.842383 0.334961 0.849805 0.341406 0.848047 0.338672 0.832422 0.327148 0.82793
0 0.354102 0.854297 0.354492 0.863672 0.374219 0.862695 0.373047 0.851953
0 0.407422 0.835352 0.407617 0.846094 0.414844 0.848047 0.420508 0.85625 0.427539 0.849414 0.416797 0.835352
0 0.416016 0.873437 0.415234 0.882227 0.424219 0.881641 0.424805 0.873828
0 0.465234 0.775391 0.465234 0.786523 0.476172 0.785937 0.475391 0.775977
0 0.242773 0.908203 0.242578 0.919336 0.252539 0.919336 0.25332 0.908398
0 0.629883 0.846289 0.622656 0.845117 0.613477 0.852539 0.616602 0.865234 0.616406 0.874805 0.63125 0.875 0.633008 0.850195
