0 0.363332 0.573943 0.344464 0.571904 0.337835 0.588222 0.341404 0.621879 0.350583 0.635648 0.360273 0.637688 0.364352 0.60964 0.369962 0.586182
0 0.358743 0.642277 0.342934 0.644827 0.344974 0.657066 0.353133 0.663185 0.359763 0.652986
0 0.361802 0.677464 0.329675 0.670325 0.321006 0.677974 0.325086 0.688173 0.356193 0.695312
0 0.714691 0.159351 0.701942 0.16037 0.703982 0.171079 0.71826 0.16802
0 0.748348 0.297548 0.737639 0.290919 0.734069 0.304178 0.744268 0.311827
0 0.762117 0.322536 0.750898 0.322026 0.753447 0.335285 0.764156 0.335285
0 0.72795 0.432686 0.716221 0.432176 0.72183 0.444415 0.72642 0.443905
0 0.00381446 0.16853 0.020133 0.178729 0.0333918 0.186378 0.0374714 0.176179 0.0221728 0.16598 0.00636423 0.155781 0 0.155781
0 0.0568497 0.151191 0.0400212 0.157311 0.0395113 0.16853 0.0522601 0.171589 0.0512402 0.183318 0.0634791 0.189438 0.0777578 0.179239 0.0803076 0.16394 0.0695986 0.157311
0 0.286839 0.459714 0.27409 0.469913 0.2746 0.478072 0.28072 0.490821 0.289899 0.49898 0.294998 0.486741
