0 0.00625 0.562305 0.00527344 0.572656 0.00390625 0.580078 0.000585937 0.582617 0 0.609375 0.00722656 0.601562 0.00703125 0.594336 0.0119141 0.585938 0.00957031 0.583984 0.0144531 0.576758 0.0160156 0.567969
0 0.00820313 0.452734 0.000585937 0.460156 0 0.47793 0.00605469 0.47832 0.00605469 0.486719 0.0105469 0.486914 0.0103516 0.49375 0.0146484 0.495117 0.0136719 0.502148 0.0138672 0.50957 0.0173828 0.511914 0.0105469 0.526758 0.0169922 0.53418 0.0201172 0.546875 0.0267578 0.550977 0.0269531 0.560742 0.0341797 0.560156 0.0347656 0.555078 0.0416016 0.557031 0.0423828 0.549219 0.0353516 0.538477 0.0328125 0.531445 0.0375 0.529297 0.0304687 0.52207 0.0230469 0.523438 0.0298828 0.515625 0.0304687 0.506836 0.0263672 0.497852 0.0210938 0.489063 0.0162109 0.481836 0.0126953 0.474805 0.0103516 0.468945 0.00859375 0.463867 0.0197266 0.450391 0.0318359 0.447852 0.0292969 0.440234 0.0234375 0.435937 0.0201172 0.443359 0.0140625 0.442383 0.00859375 0.446875
0 0.0623047 0.366602 0.0544922 0.372266 0.0541016 0.380859 0.0449219 0.387891 0.0390625 0.396094 0.0248047 0.398438 0.025 0.42207 0.0173828 0.422656 0.01875 0.431445 0.0306641 0.435156 0.0427734 0.433008 0.0492187 0.424609 0.0388672 0.414258 0.0347656 0.409961 0.0373047 0.405469 0.0494141 0.403125 0.0517578 0.397461 0.0591797 0.398633 0.0685547 0.395898 0.0667969 0.379492 0.0677734 0.368945
0 0.0898438 0.371289 0.0900391 0.383789 0.101367 0.382812 0.100781 0.370508
0 0.113867 0.381445 0.111914 0.387109 0.0988281 0.387305 0.101758 0.399414 0.107227 0.398438 0.107227 0.394141 0.119141 0.393945 0.116992 0.389453 0.121484 0.387305 0.120117 0.380859
0 0.123438 0.307031 0.116797 0.312891 0.118555 0.317773 0.112695 0.319336 0.112305 0.326172 0.121289 0.328125 0.123047 0.323437 0.13457 0.324609 0.138672 0.317383 0.136133 0.306836
0 0.154883 0.342187 0.147461 0.345508 0.143555 0.35293 0.150781 0.35957 0.154492 0.353125 0.163867 0.353516 0.1625 0.349023 0.170117 0.348242 0.178125 0.346094 0.183008 0.35 0.187695 0.347852 0.186523 0.341406 0.179688 0.338086 0.16543 0.337891
0 0.130859 0.274609 0.131055 0.279102 0.139258 0.278711 0.140039 0.282813 0.135547 0.287891 0.135742 0.292773 0.141797 0.292773 0.150195 0.297266 0.150195 0.303711 0.156641 0.304297 0.158789 0.295312 0.146875 0.290234 0.146289 0.280469 0.149609 0.275586 0.155078 0.272461 0.150586 0.266992 0.145117 0.269531 0.143555 0.279492 0.138477 0.273047
0 0.119336 0.274219 0.104883 0.256836 0.107813 0.248047 0.0978516 0.240234 0.101367 0.226172 0.108594 0.216992 0.114453 0.216016 0.114648 0.211328 0.104492 0.198242 0.108008 0.18418 0.127539 0.157617 0.138867 0.157031 0.158008 0.161133 0.167383 0.160742 0.174023 0.167969 0.173633 0.173437 0.17832 0.173828 0.178125 0.182422 0.16582 0.182617 0.157812 0.174219 0.152344 0.177539 0.143555 0.17168 0.137109 0.169336 0.131641 0.168359 0.133203 0.174219 0.127734 0.175781 0.119141 0.175781 0.120703 0.181641 0.116992 0.188867 0.11582 0.199805 0.129688 0.212695 0.12168 0.224023 0.1125 0.231055 0.123633 0.242969 0.124414 0.253125 0.128125 0.275391
0 0.202539 0.184766 0.212305 0.176953 0.225391 0.175 0.229297 0.184961 0.232031 0.191406 0.233008 0.196875 0.237305 0.197461 0.236133 0.207813 0.22832 0.207422 0.227539 0.199609 0.223242 0.196875 0.21582 0.196094 0.219531 0.1875 0.214648 0.184766 0.210547 0.183398 0.207422 0.190039 0.203516 0.189062
0 0.201367 0.205273 0.202734 0.213281 0.209961 0.213281 0.209961 0.22207 0.210156 0.232031 0.224023 0.235742 0.23457 0.233203 0.234961 0.225977 0.224219 0.224609 0.226562 0.216992 0.222852 0.208203 0.214453 0.204687
0 0.261815 0.219277 0.269004 0.229462 0.264211 0.238449 0.269603 0.250431 0.274995 0.25822 0.262414 0.260616 0.2714 0.2714 0.267806 0.279788 0.248634 0.276193 0.236053 0.270202 0.234854 0.281586 0.245638 0.283383 0.254026 0.293568 0.269603 0.298361 0.2714 0.31274 0.283982 0.312141 0.279788 0.289973 0.279189 0.277991 0.289374 0.284581 0.295964 0.279788 0.307348 0.267207 0.301356 0.263013 0.295365 0.267207 0.284581 0.263612 0.292969 0.252229 0.284581 0.241445 0.294167 0.22407 0.291771 0.21029
0 0.179735 0.452334 0.176141 0.470308 0.192916 0.477497 0.182132 0.491277 0.179136 0.503858 0.195312 0.518836 0.236053 0.507453 0.23785 0.485286 0.193515 0.501462 0.206097 0.48229 0.231859 0.470907 0.233057 0.456528 0.213286 0.454731 0.198907 0.449339
0 0.288176 0.472704 0.280387 0.493074 0.273797 0.504457 0.282185 0.524228 0.295365 0.504457 0.307348 0.520634 0.312141 0.499664 0.327718 0.491876 0.319929 0.476299
0 0.424775 0.296563 0.430167 0.328317 0.454132 0.328317 0.457127 0.334308 0.425973 0.340898 0.431964 0.352881 0.442748 0.344493 0.462519 0.349286 0.485885 0.324123 0.485286 0.313339 0.497268 0.303753 0.493074 0.29237 0.507453 0.282784 0.494872 0.276193 0.470308 0.282185 0.449339 0.294167
0 0.374449 0.381039 0.36007 0.388828 0.375647 0.397215 0.385233 0.385832
0 0.487682 0.34629 0.473303 0.361867 0.466114 0.375647 0.446942 0.382836 0.433162 0.382836 0.42777 0.401409 0.454731 0.392422 0.467911 0.399612 0.48229 0.385832 0.492475 0.374449 0.508651 0.370255 0.506255 0.350484
0 0.498466 0.378643 0.48888 0.386431 0.490678 0.40081 0.500264 0.413391 0.523629 0.412193 0.52303 0.397215 0.535612 0.396616 0.531418 0.382237 0.51644 0.391224 0.510449 0.378044
0 0.498466 0.42118 0.487083 0.434361 0.501462 0.445145 0.512246 0.460123 0.504457 0.472704 0.499664 0.493673 0.505656 0.503858 0.504457 0.526026 0.524827 0.515841 0.538008 0.513444 0.546396 0.529021 0.549391 0.496669 0.55059 0.481691 0.526625 0.500863 0.52303 0.483488 0.533215 0.469109 0.541004 0.453532 0.537409 0.43496 0.51644 0.433162
0 0.597321 0.462519 0.599118 0.474502 0.606258 0.480519 0.618908 0.482037 0.608105 0.461321
0 0.625479 0.463118 0.661426 0.449339 0.681796 0.436158 0.701567 0.452933 0.729127 0.452334 0.768669 0.422977 0.80821 0.412193 0.843558 0.38703 0.862131 0.388828 0.869919 0.379841 0.880104 0.399013 0.859734 0.403206 0.836369 0.415189 0.813003 0.423576 0.777655 0.437356 0.753091 0.452334 0.724334 0.464317 0.702166 0.46851 0.682995 0.481691 0.649444 0.476299 0.626678 0.472704
0 0.692581 0.487682 0.697373 0.502061 0.712951 0.514043 0.706959 0.53022 0.719541 0.533215 0.734519 0.518836 0.74051 0.500264 0.753691 0.485885 0.746501 0.477497 0.737514 0.478695 0.734519 0.499065 0.716545 0.502061 0.708757 0.485286
0 0.877708 0.409797 0.872915 0.420581 0.856739 0.419982 0.850748 0.439154 0.863329 0.445145 0.87651 0.432563 0.886096 0.420581
0 0.391016 0.315234 0.391016 0.325391 0.402148 0.325586 0.401758 0.314648
0 0.187695 0.248242 0.187891 0.256055 0.201172 0.258789 0.20293 0.250781
0 0.228906 0.319727 0.236133 0.323047 0.239063 0.332617 0.245312 0.334961 0.253906 0.341406 0.250781 0.351172 0.258789 0.35293 0.263281 0.364844 0.27168 0.380859 0.276953 0.376563 0.276367 0.365234 0.288867 0.346875 0.297656 0.344336 0.292383 0.336914 0.282617 0.332813 0.277148 0.319727 0.271484 0.333984 0.281445 0.346094 0.272266 0.345508 0.262891 0.345313 0.262305 0.33457 0.248047 0.329297 0.250391 0.318555 0.241211 0.311328
0 0.332031 0.335938 0.332813 0.34375 0.33418 0.353711 0.344727 0.350781 0.344727 0.33457
0 0.313672 0.403516 0.302344 0.409766 0.307422 0.41582 0.316602 0.411914 0.323242 0.412305 0.326758 0.42207 0.335156 0.420312 0.348242 0.426563 0.354492 0.422461 0.341992 0.417187 0.343555 0.405273 0.336133 0.404102 0.333594 0.414648
0 0.358008 0.403125 0.358789 0.4125 0.382031 0.416406 0.386719 0.411523 0.396484 0.415039 0.397461 0.405469 0.401758 0.396289 0.394727 0.395508 0.390625 0.402344 0.380469 0.404492 0.369922 0.401562
0 0.381055 0.345508 0.373242 0.350586 0.373242 0.35625 0.384766 0.357031 0.385937 0.34668
0 0.365039 0.538281 0.365234 0.547266 0.375195 0.546875 0.374219 0.537891
0 0.59668 0.544922 0.597656 0.553516 0.607617 0.553125 0.606055 0.543359
0 0.607617 0.532031 0.608398 0.539062 0.618945 0.538867 0.616992 0.531055
0 0.909853 0.448642 0.898215 0.447124 0.900239 0.458762 0.904793 0.456738
0 0.96703 0.395513 0.959946 0.392983 0.955898 0.398043 0.958934 0.406139 0.9645 0.405127
0 0.983727 0.465846 0.991317 0.467364 0.988787 0.458256
