2 0.215633 0.0615589 0.209055 0.0742086 0.218163 0.0797745 0.228283 0.0742086
2 0.512144 0.0382833 0.498482 0.0398012 0.518722 0.0615589 0.552117 0.0762326 0.551105 0.0595349
2 0.608788 0.0438492 0.615366 0.0438492 0.619414 0.0585229 0.602716 0.0605469
2 0.631052 0.0225976 0.653315 0.0150077 0.655339 0.0281635 0.632064 0.0317054
2 0.948814 0.0635828 0.935658 0.0671248 0.942742 0.0858464 0.955898 0.0878704
2 0.994859 0.11317 0.987269 0.116712 0.988787 0.128856 0.998047 0.125615
2 0.742876 0.173383 0.730226 0.187045 0.744394 0.195646 0.750466 0.186539
2 0.653453 0.0795718 0.64243 0.0788828 0.64553 0.0902502 0.654142 0.0905947
2 0.606605 0.21288 0.59386 0.21288 0.594205 0.22597 0.606261 0.230104 0.610739 0.21977
2 0.603505 0.265928 0.581115 0.263861 0.579048 0.273506 0.584904 0.284529 0.605572 0.297619 0.621073 0.288318 0.614528 0.274195 0.608328 0.269717
2 0.900091 0.251461 0.891479 0.251461 0.892168 0.26145 0.90388 0.263517
2 0.793306 0.302097 0.77505 0.301753 0.783661 0.327932 0.792962 0.331721
2 0.686522 0.331721 0.693411 0.333444 0.688589 0.3455 0.676532 0.341366
2 0.562514 0.351356 0.548391 0.3486 0.555624 0.368924 0.567681 0.369957
2 0.666198 0.41336 0.655175 0.415771 0.666543 0.428172 0.675843 0.425072
2 0.943494 0.437128 0.932126 0.437817 0.935227 0.450218 0.945905 0.449873
2 0.488109 0.369957 0.476742 0.372368 0.479842 0.379602 0.48742 0.379947 0.488109 0.373746
2 0.190834 0.141231 0.179812 0.139853 0.183256 0.149498 0.192901 0.151565
2 0.228726 0.112296 0.219081 0.117463 0.222525 0.127453 0.230104 0.128142
2 0.289352 0.239749 0.287974 0.255939 0.27764 0.263172 0.272129 0.272129 0.283496 0.280396 0.299341 0.277984 0.304508 0.254216 0.307264 0.236648 0.302097 0.231137 0.297275 0.231826
2 0.38718 0.250772 0.379258 0.25835 0.379602 0.275573 0.400615 0.27144 0.400615 0.258694
2 0.187045 0.268339 0.178434 0.273506 0.178434 0.284529 0.19359 0.289352 0.193935 0.275229
2 0.200824 0.374091 0.192557 0.380291 0.191868 0.395103 0.20358 0.410604 0.216325 0.409226 0.210125 0.38098
2 0.192557 0.45194 0.175678 0.45194 0.165344 0.454007 0.169478 0.462963 0.192557 0.46813 0.203924 0.465374 0.198413 0.455385
2 0.405093 0.407159 0.394414 0.407848 0.395448 0.418527 0.406126 0.419905
2 0.573192 0.478119 0.547702 0.483975 0.557347 0.49362 0.574226 0.49362
2 0.663098 0.533234 0.653453 0.543568 0.670676 0.560791 0.67171 0.542535
2 0.676877 0.574915 0.667576 0.575948 0.659309 0.595238 0.663442 0.602472 0.674121 0.59076 0.681699 0.579048
2 0.376502 0.580426 0.364446 0.59076 0.364101 0.605917 0.380635 0.610395 0.390969 0.597994
2 0.499132 0.637952 0.49052 0.637952 0.488453 0.652764 0.503954 0.657242
2 0.215636 0.567681 0.204613 0.564581 0.202891 0.576292 0.214947 0.579737
2 0.0467276 0.442354 0.031987 0.445513 0.0388309 0.458147
2 0.677413 0.663989 0.664778 0.665042 0.666884 0.678729 0.678466 0.681362
2 0.61266 0.544485 0.600552 0.548697 0.606869 0.559752
2 0.5637 0.737165 0.549486 0.747168 0.565806 0.754538
2 0.7727 0.754012 0.756381 0.757697 0.768489 0.775069
2 0.738234 0.736659 0.727602 0.742959 0.742959 0.752016
2 0.991431 0.743747 0.973318 0.744928 0.978831 0.763436
2 0.9871 0.847704 0.997732 0.844947 0.998047 0.845892 0.998047 0.865817
2 0.842584 0.967411 0.868967 0.965836 0.874874 0.989069 0.862667 0.994975
2 0.729725 0.930618 0.730345 0.944878 0.742125 0.944878 0.740885 0.930618
2 0.943662 0.112742 0.944083 0.123687 0.957974 0.121161 0.955869 0.112742
2 0.602287 0.0984308 0.602287 0.108112 0.611968 0.107691 0.611126 0.0980098
