0 0.448642 0.0499211 0.44763 0.0747146 0.463822 0.10052 0.482037 0.108616 0.485579 0.116206 0.493675 0.124302 0.495193 0.143023 0.510879 0.166805 0.524035 0.171359 0.536178 0.162757 0.533648 0.157191 0.526565 0.148589 0.520999 0.137963 0.518469 0.126326 0.520493 0.113676 0.511891 0.0954602 0.499747 0.0898943 0.491651 0.0828105 0.484061 0.0686427 0.478495 0.0585229 0.46787 0.0382833 0.449654 0.0291754 0.444594 0.0372713
0 0.500759 0.052451 0.516951 0.0398012 0.528588 0.0372713 0.53719 0.0281635 0.537696 0.0145017 0.53466 0.00488787 0.528143 -8.67362e-19 0.509867 0 0.514421 0.0114658 0.511891 0.0225976 0.476218 0.0200676 0.473688 0.0332234 0.488615 0.0463791 0.493675 0.053969
0 0.573116 0.0458731 0.575646 0.0615589 0.583741 0.0656068 0.589813 0.055993 0.582224 0.0438492
0 0.616631 0.0428372 0.603475 0.0590289 0.593355 0.0752206 0.602463 0.0898943 0.613089 0.0929303 0.619667 0.0853404 0.623209 0.0651008 0.627257 0.0610529 0.631305 0.053463 0.630293 0.0453671
0 0.843315 0.0165257 0.830159 0.0357533 0.831171 0.0458731 0.843821 0.0463791 0.853435 0.0347413 0.856471 0.0281635
0 0.885818 0.0661128 0.880758 0.0828105 0.882276 0.0939423 0.897962 0.0878704 0.897456 0.0747146 0.890878 0.0656068
0 0.793222 0.0681367 0.780066 0.0737026 0.782596 0.0954602 0.789174 0.102544 0.805366 0.0990022 0.817256 0.0863524 0.818268 0.0706667 0.808654 0.0630768
0 0.737057 0.10305 0.743129 0.117724 0.756284 0.131892 0.765392 0.129362 0.760838 0.108616 0.750213 0.0984962
0 0.359841 0.00539386 0.372288 0 0.381598 0.000333954 0.378056 0.00539386 0.369454 0.0119717
0 0.736298 0.0848344 0.72972 0.0883764 0.726684 0.0939423 0.734274 0.0984962 0.74237 0.0934363
0 0.730732 0.0974842 0.722636 0.10558 0.726178 0.109122 0.733262 0.109628
0 0.790945 0.129868 0.785885 0.129868 0.778801 0.132398 0.786897 0.144035 0.794993 0.138975
0 0.84205 0.0666188 0.83446 0.0716787 0.836484 0.0843284 0.845086 0.0817985
0 0.870385 0.183503 0.863301 0.180973 0.855712 0.191093 0.861784 0.194128
