2 0.148842 0.053463 0.16554 0.053969 0.167058 0.0706667 0.155926 0.0671248
2 0.0658598 0.134422 0.0805335 0.136446 0.0805335 0.146565 0.0694017 0.148083
2 0.180214 0.108616 0.187298 0.0974842 0.197923 0.0934363 0.206019 0.110134 0.198429 0.123796 0.187804 0.124302 0.179708 0.119748
2 0.110387 0.149095 0.123037 0.146059 0.127591 0.161745 0.117471 0.164275
2 0.126579 0.166805 0.14277 0.166805 0.141252 0.185527 0.128603 0.184515
2 0.16301 0.133916 0.182744 0.133916 0.189322 0.145553 0.178696 0.157697 0.169082 0.149095
2 0.614354 0.10305 0.60474 0.1157 0.6098 0.122784 0.620426 0.112158 0.62245 0.102038
2 0.586524 0.156179 0.604234 0.137963 0.618908 0.13594 0.618402 0.154661 0.598668 0.163769
2 0.684687 0.248776 0.698348 0.242704 0.694301 0.258895
2 0.806125 0.246752 0.826364 0.246752 0.823328 0.261931 0.806125 0.262437
2 0.476218 0.286725 0.493928 0.287737 0.496964 0.317084 0.490386 0.317084
2 0.546045 0.374767 0.556671 0.375779 0.556671 0.389441 0.547563 0.388935
2 0.518722 0.483555 0.532889 0.482543 0.536937 0.494181 0.525806 0.494181
2 0.465087 0.550346 0.480266 0.550346 0.480772 0.561984 0.469641 0.561984
2 0.453955 0.628775 0.468629 0.634847 0.464075 0.649014 0.448895 0.651544
2 0.354275 0.487097 0.36996 0.491651 0.371478 0.511385 0.365406 0.521505 0.358323 0.517457
2 0.196911 0.298363 0.215633 0.273063 0.232837 0.286725 0.237391 0.31506 0.217657 0.315566
2 0.256112 0.232584 0.27028 0.228536 0.276858 0.254341 0.26016 0.250293
2 0.310759 0.270533 0.319361 0.248776 0.334035 0.249281 0.340613 0.255859 0.334541 0.272051
2 0.373502 0.228536 0.386152 0.228536 0.388176 0.248776 0.373502 0.24827
2 0.319361 0.288243 0.330999 0.282171 0.340107 0.298869 0.327963 0.302917
2 0.304182 0.306458 0.319867 0.310506 0.316831 0.317084 0.304688 0.316072
2 0.329481 0.328722 0.345673 0.326698 0.356299 0.336312 0.345167 0.338336 0.336059 0.338336
2 0.345167 0.348456 0.361864 0.343396 0.368948 0.35554 0.358829 0.362117
2 0.0375243 0.245234 0.05321 0.241692 0.0567519 0.259401 0.0415722 0.260413
2 0.054222 0.666724 0.0759796 0.659134 0.0855934 0.669254 0.0668718 0.677856
2 0.148842 0.880252 0.165034 0.877722 0.171612 0.888348 0.158962 0.895938
2 0.151372 0.947043 0.161998 0.944513 0.17313 0.956657 0.16807 0.963235
2 0.216645 0.934899 0.230813 0.932369 0.230813 0.947549 0.222211 0.948055
2 0.461039 0.967283 0.479254 0.969307 0.4747 0.98145 0.459015 0.980438
2 0.770705 0.731491 0.786391 0.733009 0.788921 0.762356 0.776271 0.766404
2 0.974619 0.720359 0.994353 0.723901 0.988281 0.735539 0.974619 0.733009
2 0.970572 0.740599 0.983221 0.733515 0.996883 0.738069 0.998047 0.747379 0.998047 0.764886
2 0.747936 0.7745 0.766151 0.772982 0.763115 0.784114 0.749454 0.78209
2 0.894673 0.665712 0.910865 0.667736 0.912383 0.683928 0.897709 0.684434
2 0.578935 0.163263 0.590572 0.158709 0.595126 0.173383 0.586018 0.171865
2 0.536431 0.868614 0.543515 0.86406 0.550093 0.876204 0.538961 0.87924
