2 0.777778 0.53418 0.757161 0.53418 0.761502 0.555881 0.781033 0.550456
2 0.635634 0.568902 0.622613 0.562391 0.605252 0.571072 0.626953 0.593859 0.636719 0.586263
2 0.681207 0.862956 0.664931 0.861871 0.666016 0.879232 0.682292 0.882487
2 0.917752 0.836914 0.911241 0.818468 0.894965 0.827148 0.904731 0.84668
2 0.96224 0.647027 0.947049 0.647027 0.948134 0.661133 0.957899 0.666558 0.965495 0.658963
2 0.96658 0.127279 0.951389 0.129449 0.948134 0.141385 0.965495 0.14681
2 0.89605 0.183702 0.884115 0.192383 0.8852 0.207574 0.902561 0.207574 0.905816 0.192383
2 0.621528 0.359484 0.605252 0.365994 0.613932 0.38227 0.626953 0.376845
2 0.648202 0.88032 0.662924 0.879338 0.669271 0.895508 0.650165 0.899949
0 0.470344 0.151467 0.469846 0.166414 0.483797 0.167909 0.488281 0.149474
2 0.166413 0.100249 0.166413 0.121854 0.19234 0.126175 0.193204 0.101113
2 0.489898 0.358567 0.489898 0.380455 0.507577 0.381297 0.509261 0.358567
2 0.609442 0.498316 0.606075 0.518521 0.623754 0.519363 0.625438 0.493265
2 0.398976 0.246599 0.392241 0.260069 0.408237 0.269329 0.415814 0.248283
