0 0.71707 0.0463791 0.715046 0.0656068 0.727696 0.0711727 0.736298 0.0630768 0.733768 0.053969
0 0.782343 0.247764 0.785885 0.262943 0.769693 0.286219 0.771717 0.300893 0.788921 0.294821 0.801065 0.278123 0.802583 0.257377 0.794993 0.24827
0 0.739334 0.336818 0.720612 0.341372 0.715552 0.359082 0.72213 0.381345 0.735792 0.363129 0.74996 0.35554 0.755525 0.341878 0.744394 0.336312
0 0.796511 0.241692 0.775765 0.229042 0.770199 0.214874 0.773741 0.20273 0.786391 0.202224 0.791451 0.214368 0.800053 0.22803 0.804101 0.239162
0 0.92908 0.22297 0.954886 0.222464 0.965512 0.218416 0.965512 0.230054 0.950838 0.23309 0.92655 0.236632 0.924526 0.23056
0 0.970066 0.259907 0.958428 0.259401 0.958428 0.269521 0.965006 0.271039
0 0.896697 0.42739 0.884047 0.411705 0.86229 0.410187 0.859254 0.418282 0.870891 0.426378 0.884047 0.433968 0.896191 0.441052 0.901757 0.437004
0 0.939706 0.421318 0.939706 0.442064 0.947802 0.45269 0.960958 0.446112 0.963994 0.431438 0.962476 0.4198
0 0.928574 0.425872 0.910359 0.43245 0.908335 0.439534 0.919972 0.449654 0.92908 0.451678
0 0.97209 0.454714 0.95438 0.451172 0.953874 0.458762 0.95944 0.464328
0 0.983221 0.46281 0.967536 0.461798 0.96703 0.472423 0.980185 0.474447
0 0.976137 0.488109 0.96197 0.485579 0.963994 0.494181 0.973608 0.496711
0 0.838002 0.44004 0.827376 0.44004 0.82687 0.451678 0.834966 0.453196
