0 0.00159893 0.160227 0.0223446 0.153143 0.0309464 0.169335 0.0198146 0.180973 -3.46945e-18 0.175524
0 0.27028 0.110134 0.264714 0.130374 0.276858 0.140493 0.294568 0.132398 0.295074 0.116712
0 0 0.852423 0.0218386 0.851411 0.0395483 0.840785 0.0314524 0.829147 0.00564686 0.831171 0 0.831924
0 0.0866054 0.648002 0.0891354 0.667736 0.0972312 0.67482 0.109375 0.668748 0.111905 0.650532 0.0957132 0.644966
0 0.0992552 0.733515 0.105327 0.717829 0.117977 0.721371 0.123543 0.709733 0.131133 0.695565 0.143276 0.69 0.148842 0.673808 0.135687 0.666218 0.115447 0.666724 0.0815455 0.711251 0.0820515 0.723901
0 0.051186 0.932875 0.0673778 0.921237 0.0683897 0.900998 0.052198 0.898468 0.0415722 0.898468 0.0355003 0.913142 0.0425842 0.923767
0 0.0663658 0.862543 0.0633298 0.870638 0.0754736 0.882782 0.0825575 0.87418 0.0825575 0.861531 0.0729437 0.857483
0 0.256112 0.990558 0.229295 0.992076 0.218163 0.984486 0.215127 0.958681 0.221705 0.937935 0.234861 0.918202 0.247511 0.913142 0.26775 0.921743 0.263196 0.935911 0.251558 0.954127 0.244981 0.969307 0.256112 0.973861 0.264714 0.981956
0 0.327457 0.952609 0.345167 0.953115 0.349721 0.941983 0.338083 0.932875 0.318349 0.933381 0.320373 0.946031
0 0.846604 0.959187 0.843062 0.973861 0.851664 0.988534 0.864819 0.989546 0.868867 0.97639
0 0.817762 0.91719 0.810172 0.932369 0.813714 0.945525 0.825858 0.950079 0.836484 0.943501 0.835978 0.925791
0 0.965006 0.837243 0.943754 0.842809 0.933128 0.837749 0.919972 0.844833 0.905299 0.832689 0.875445 0.820039 0.852676 0.812955 0.824846 0.811943 0.815738 0.800306 0.813208 0.790186 0.838508 0.775006 0.871397 0.765392 0.899227 0.762356 0.93414 0.758308 0.966018 0.762862 0.992835 0.762862 0.998047 0.771926 0.998047 0.797776 0.987269 0.797776 0.977149 0.815485 0.961464 0.822063
0 0.829906 0.765898 0.818268 0.75426 0.821304 0.737563 0.847616 0.729973 0.85723 0.743129 0.84964 0.75679
0 0.810678 0.728961 0.800053 0.723395 0.803595 0.706697 0.825352 0.694554 0.840026 0.688988 0.851158 0.701637 0.846098 0.711757 0.833954 0.720359
0 0.870891 0.682916 0.879493 0.6647 0.882023 0.641424 0.882023 0.629281 0.889107 0.654074 0.906817 0.65458 0.918455 0.646484 0.928068 0.628269 0.910865 0.615619 0.896697 0.608535 0.886071 0.602463 0.863807 0.591331 0.861278 0.601451 0.859254 0.612077 0.846098 0.637377 0.850146 0.645472 0.855206 0.670266
0 0.828894 0.58273 0.82181 0.602463 0.827882 0.618149 0.838002 0.619667 0.848628 0.601957 0.83699 0.584247
0 0.965512 0.45016 0.965512 0.472423 0.973608 0.501265 0.991823 0.487097 0.993847 0.472423 0.980185 0.456738
0 0.94932 0.367177 0.946284 0.380839 0.953368 0.393995 0.970572 0.395007 0.979679 0.384887 0.966018 0.361611
0 0.916937 0.476977 0.911877 0.487097 0.928574 0.494687 0.943754 0.500253 0.95438 0.491145 0.940212 0.479507 0.92149 0.472929
0 0.951344 0.403103 0.94173 0.412211 0.945778 0.41727 0.96197 0.416764
0 0.325939 0.13088 0.321385 0.150613 0.335047 0.158203 0.351745 0.139481
0 0.337577 0.440546 0.335047 0.467364 0.350733 0.482037 0.366924 0.499241 0.381092 0.504807 0.395766 0.497723 0.39526 0.475459 0.37755 0.46028 0.367936 0.454714 0.351745 0.438522
0 0.409934 0.541238 0.402344 0.560972 0.399814 0.578682 0.408922 0.592849 0.426631 0.597403 0.442823 0.585765 0.446365 0.560466 0.438775 0.539214
0 0.605246 0.498229 0.59715 0.514421 0.611824 0.524541 0.622956 0.511385
0 0.630546 0.619161 0.630546 0.633835 0.62498 0.66217 0.634088 0.675832 0.654833 0.66217 0.669001 0.643448 0.663435 0.619161 0.646231 0.612583
0 0.551105 0.599933 0.583489 0.590319 0.599174 0.578682 0.587536 0.558442 0.561225 0.542756 0.536431 0.552876 0.541491 0.568562 0.560213 0.57261 0.546551 0.587789
0 0.656351 0.509361 0.645725 0.520999 0.653821 0.533648 0.669507 0.526565
0 0.454967 0.568562 0.475206 0.568562 0.47976 0.54984 0.467111 0.543262 0.458509 0.55743
0 0.254088 0.156179 0.245993 0.171865 0.237897 0.185527 0.247511 0.189575 0.256112 0.176419 0.265726 0.164275 0.264714 0.157191
0 0.437257 0.509867 0.423089 0.514927 0.430679 0.528082 0.436245 0.523529
0 0.266232 0.87924 0.260666 0.875698 0.25763 0.8843 0.263196 0.887842
0 0.574381 0.858495 0.561731 0.854953 0.559201 0.866084 0.569321 0.868108
0 0.592596 0.822063 0.585512 0.818521 0.581971 0.831171 0.592596 0.834207
0 0.943754 0.431944 0.931104 0.431944 0.933128 0.444594 0.941224 0.443582
0 0.881011 0.513915 0.869879 0.514927 0.873421 0.526059
0 0.490386 0.564514 0.5 0.553382 0.514674 0.549334 0.529853 0.545286 0.533395 0.534154 0.520746 0.521505 0.501012 0.532636 0.486338 0.538202 0.480772 0.539214 0.481278 0.551358
0 0.504554 0.568562 0.516698 0.56502 0.521252 0.556418 0.51012 0.551358 0.497976 0.561984
0 0.388682 0.601451 0.376538 0.606511 0.385646 0.619667 0.39526 0.623209 0.39526 0.607523
0 0.552623 0.650026 0.546045 0.663688 0.556165 0.669254 0.567803 0.660652 0.564767 0.642942 0.557683 0.638895 0.549587 0.643448
0 0.904793 0.106086 0.898721 0.137457 0.891637 0.158203 0.913901 0.175407 0.942742 0.174901 0.980185 0.156179 0.986763 0.134928 0.960452 0.12329 0.942742 0.0939423 0.912383 0.0990022
0 0.399814 0.295833 0.413476 0.294315 0.412464 0.281665 0.40285 0.287231
0 0.171106 0.877722 0.187298 0.875698 0.192864 0.868108 0.181226 0.859507 0.16807 0.864566 0.167058 0.868108
