0 0.379068 0.769946 0.372996 0.788668 0.39273 0.789174 0.404368 0.782596 0.398802 0.770958
0 0.345167 0.833195 0.3649 0.817509 0.379574 0.80233 0.39526 0.793222 0.422583 0.776018 0.438775 0.776524 0.453449 0.786138 0.457497 0.803342 0.438775 0.805366 0.424101 0.814979 0.404874 0.824087 0.381092 0.838761 0.399814 0.852929 0.426631 0.854953 0.444341 0.873674 0.426631 0.88936 0.398802 0.885818 0.372996 0.882276 0.354781 0.862037 0.343649 0.840785
0 0.433209 0.739081 0.444847 0.753248 0.467617 0.75679 0.475206 0.746165 0.455979 0.721877 0.443329 0.719347 0.428149 0.724407
0 0.5253 0.698095 0.517204 0.723901 0.528841 0.739081 0.539467 0.731997 0.549587 0.713781 0.554141 0.693542
0 0.458509 0.883794 0.450919 0.898974 0.463063 0.903022
0 0.445353 0.836231 0.427137 0.851917 0.443835 0.863048 0.470147 0.878734 0.4747 0.871144 0.454461 0.841797
0 0.688735 0.78968 0.706444 0.793728 0.706444 0.80233 0.695818 0.800306
0 0.73984 0.860519 0.752489 0.860519 0.752489 0.869626 0.743382 0.871144
0 0.725672 0.960705 0.741358 0.959187 0.740346 0.966271 0.72972 0.971837
0 0.686205 0.953115 0.69683 0.954127 0.697842 0.961211 0.690253 0.961717
0 0.702902 0.863048 0.71201 0.861531 0.713528 0.872662 0.701384 0.871144
