0 0.761597 0.623209 0.759573 0.640918 0.774753 0.66217 0.796511 0.67735 0.822316 0.678868 0.828894 0.660652 0.81675 0.643954 0.790945 0.627257 0.767163 0.623209
0 0.733768 0.691012 0.731744 0.702143 0.721118 0.734527 0.73478 0.765898 0.759573 0.752742 0.770199 0.718841 0.772223 0.693036 0.738828 0.685952
0 0.876457 0.674314 0.873421 0.691518 0.884047 0.699613 0.898721 0.694554 0.899733 0.68241 0.882529 0.67482
0 0.92149 0.710239 0.903781 0.719347 0.898721 0.729973 0.915925 0.736551 0.927562 0.729467 0.923008 0.715299
0 0.920984 0.803848 0.913395 0.816497 0.927562 0.824593 0.937682 0.815485
0 0.766657 0.760838 0.764633 0.778548 0.775765 0.784114 0.791451 0.770958
0 0.675579 0.816497 0.671025 0.839773 0.665965 0.859001 0.673049 0.876204 0.69683 0.884806 0.707962 0.86406 0.695818 0.848375 0.696324 0.826617 0.685193 0.809919
0 0.731238 0.897456 0.732756 0.91719 0.743888 0.921237 0.750972 0.908588 0.736298 0.895938
0 0.802583 0.932875 0.798535 0.958175 0.817256 0.960199 0.822822 0.947043
0 0.711504 0.979426 0.707962 0.993088 0.722838 0.998047 0.735286 0.989546
0 0.976643 0.885818 0.962476 0.900492 0.984233 0.913648 0.998047 0.902447 0.998047 0.885312
0 0.907323 0.853941 0.882529 0.856977 0.882529 0.880758 0.902769 0.90454 0.931104 0.898974 0.930598 0.87924 0.92149 0.861025
0 0.945778 0.972343 0.930092 0.989546 0.952862 0.99663 0.957416 0.984486
0 0.750466 0.874686 0.745912 0.892902 0.759573 0.895938
0 0.764127 0.953621 0.756537 0.965765 0.771211 0.974366
0 0.761091 0.932875 0.756537 0.946537 0.766657 0.947549 0.770705 0.938947
0 0.756537 0.625739 0.738828 0.614101 0.70189 0.622197 0.708974 0.649014 0.72719 0.658628 0.73984 0.64952 0.756031 0.639906
0 0.735286 0.799294 0.723648 0.796764 0.72466 0.809413 0.731744 0.813461 0.734274 0.804354
0 0.757549 0.827123 0.74743 0.828135 0.743382 0.838761 0.758055 0.841797
0 0.73984 0.865578 0.726684 0.862543 0.72972 0.87671 0.740346 0.882782 0.750972 0.879746 0.748948 0.868614
0 0.804607 0.686964 0.790945 0.695565 0.792969 0.703661 0.805113 0.701131
0 0.796511 0.715299 0.788415 0.715299 0.795499 0.728455 0.803595 0.724913
0 0.789933 0.75173 0.775259 0.760838 0.781331 0.771464 0.791451 0.76944
0 0.691771 0.635353 0.662423 0.667736 0.653315 0.69 0.671531 0.710239 0.692277 0.739587 0.700878 0.758308 0.71707 0.766404 0.723648 0.750719 0.719094 0.735539 0.720106 0.709733 0.730732 0.693036 0.73478 0.674314 0.720612 0.658628 0.698854 0.635859
0 0.906311 0.701131 0.885565 0.707203 0.884553 0.719853 0.900745 0.718841 0.911371 0.713275
0 0.706444 0.99157 0.688735 0.995112 0.676157 0.998047 0.646737 0.9941 0.642183 0.983474 0.657363 0.98145 0.677603 0.97639 0.70189 0.969813 0.71707 0.971331 0.710998 0.982968
0 0.755019 0.979426 0.745406 0.980944 0.746924 0.987522 0.755019 0.988534
0 0.731238 0.913648 0.712516 0.924273 0.725166 0.941477 0.741358 0.944007 0.750972 0.939453 0.741358 0.933887 0.728708 0.929839
0 0.799041 0.903528 0.787909 0.908588 0.789427 0.918202 0.797523 0.916684
0 0.786897 0.844833 0.769693 0.849893 0.776271 0.860519 0.784367 0.860013
0 0.781837 0.738069 0.766151 0.740599 0.775259 0.748695 0.781837 0.749201
0 0.693289 0.78462 0.679627 0.79221 0.687217 0.801824 0.695818 0.794234
0 0.94426 0.831171 0.955392 0.828641 0.955898 0.840785 0.9392 0.845845 0.932116 0.839773
0 0.763621 0.655086 0.742876 0.674314 0.755525 0.685952 0.771211 0.691012 0.786391 0.683928 0.785379 0.667736
