0 0.188563 0.399561 0.183503 0.417776 0.194128 0.425872 0.206778 0.4198 0.205766 0.409681
0 0.540226 0.219934 0.533648 0.234102 0.543262 0.235114 0.554394 0.228536 0.555406 0.22044
0 0.548322 0.286725 0.54731 0.298869 0.551358 0.306964 0.564008 0.305952 0.57008 0.292797 0.56502 0.287737
0 0.674314 0.398549 0.673302 0.411705 0.678362 0.42233 0.690506 0.420812 0.693036 0.409681 0.688482 0.401585
0 0.842303 0.524541 0.829653 0.526565 0.827629 0.538202 0.826111 0.549334 0.833701 0.569068 0.852423 0.579694 0.865072 0.588801 0.880758 0.586271 0.884553 0.576152 0.903275 0.57514 0.927056 0.565526 0.919213 0.543262 0.905046 0.53466 0.886324 0.538202 0.878228 0.541744 0.873674 0.534154 0.855965 0.53719 0.852929 0.543262 0.847869 0.536178 0.847869 0.524541
0 0.893914 0.592343 0.88936 0.606511 0.888854 0.613089 0.87418 0.622197 0.87165 0.632317 0.872662 0.643954 0.88177 0.653062 0.897962 0.626245 0.908082 0.622197 0.901251 0.638895 0.904793 0.649014 0.928068 0.656098 0.938188 0.653568 0.949573 0.644966 0.958681 0.617137 0.950585 0.606005 0.938441 0.603475 0.914154 0.613595 0.905552 0.613089 0.905552 0.604993 0.911118 0.600945 0.908588 0.590319
0 0.714287 0.80486 0.705179 0.820039 0.704167 0.831171 0.716311 0.842303 0.729467 0.838255 0.733009 0.824593 0.723901 0.805366
0 0.684434 0.532636 0.67988 0.545286 0.684434 0.555912 0.694554 0.545792 0.691012 0.535672
0 0.363635 0.863554 0.353516 0.875698 0.360599 0.891384 0.375779 0.890878 0.380333 0.878734 0.375273 0.867602
0 0.393236 0.296845 0.381092 0.298869 0.372996 0.305952 0.376538 0.31759 0.388176 0.318096 0.397284 0.306964
0 0.716564 0.392983 0.70948 0.402597 0.701384 0.410693 0.699866 0.418282 0.716058 0.426378 0.727696 0.419294 0.73478 0.406645 0.72972 0.397537
0 0.71201 0.509361 0.733262 0.508349 0.743888 0.492663 0.728202 0.482037 0.71454 0.479507 0.70189 0.497723 0.698854 0.503795
0 0.741358 0.53972 0.755019 0.54478 0.756031 0.552876 0.765139 0.558948 0.772729 0.548322 0.757043 0.531118 0.741864 0.526059 0.737816 0.531624
0 0.386658 0.865072 0.392224 0.859507 0.396272 0.848881 0.392224 0.843315 0.381598 0.846857 0.378562 0.865072
0 0.478242 0.822569 0.470147 0.823075 0.47217 0.834207 0.480266 0.831677
0 0.954886 0.828135 0.943248 0.823075 0.935152 0.832689 0.943248 0.838255 0.952862 0.836231
0 0.807136 0.895938 0.800053 0.890372 0.794487 0.90201 0.800559 0.909094 0.807642 0.907576
0 0.865831 0.683422 0.845592 0.685446 0.845592 0.697083 0.857736 0.700625
0 0.788921 0.56502 0.779307 0.566538 0.771717 0.581212 0.770199 0.597403 0.779307 0.602969 0.790945 0.585765 0.801571 0.57261
0 0.789933 0.614607 0.774247 0.611065 0.766657 0.623209 0.776777 0.629281 0.786897 0.620173
0 0.757549 0.587789 0.743382 0.591331 0.746924 0.604487 0.755525 0.604487
0 0.17566 0.360094 0.163516 0.357564 0.16048 0.367177 0.16807 0.376285 0.176166 0.367683
0 0.0385363 0.569574 0.0193086 0.56755 0.0223446 0.576152 0.0294284 0.583236
