2 0.202148 0.258789 0.204102 0.262695 0.208008 0.262695 0.208008 0.268555 0.202148 0.270508 0.202148 0.276367 0.198242 0.272461 0.198242 0.258789
2 0.249023 0.266602 0.250977 0.266602 0.254883 0.264648 0.254883 0.262695 0.24707 0.262695
2 0.282227 0.258789 0.282227 0.27832 0.290039 0.280273 0.290039 0.272461 0.28418 0.258789
2 0.200195 0.803711 0.200195 0.817383 0.204102 0.817383 0.206055 0.813477 0.204102 0.80957 0.202148 0.807617 0.202148 0.803711
2 0.286133 0.901367 0.303711 0.926758 0.307617 0.920898 0.299805 0.915039 0.291992 0.901367
2 0.323242 0.932617 0.327148 0.944336 0.333008 0.944336 0.329102 0.93457 0.323242 0.928711
2 0.34668 0.952148 0.364258 0.981445 0.368164 0.979492 0.364258 0.97168 0.358398 0.961914 0.352539 0.948242
2 0.37207 0.825195 0.381836 0.834961 0.40332 0.856445 0.405273 0.852539 0.399414 0.844727 0.385742 0.831055 0.375977 0.821289 0.37207 0.821289
2 0.514648 0.260742 0.516602 0.264648 0.522461 0.272461 0.52832 0.272461 0.520508 0.249023 0.514648 0.24707
2 0.530273 0.313477 0.532227 0.338867 0.52832 0.338867 0.526367 0.327148 0.522461 0.31543
2 0.432617 0.102539 0.438477 0.100586 0.442383 0.0986328 0.452148 0.0947266 0.452148 0.0908203 0.446289 0.0908203 0.432617 0.0966797
2 0.198242 0.208008 0.198242 0.217773 0.202148 0.219727 0.204102 0.206055
2 0.47168 0.389648 0.473633 0.401367 0.477539 0.40332 0.483398 0.399414 0.475586 0.387695
2 0.506836 0.31543 0.516602 0.317383 0.514648 0.30957 0.512695 0.305664 0.506836 0.305664
