0 0.0815455 0.0139957 0.0800275 0.0281635 0.0759796 0.0398012 0.0435962 0.0595349 0.0208266 0.0848344 0.0127307 0.105074 0.0258865 0.126326 0.0441022 0.106086 0.0653538 0.0812925 0.0906533 0.0777506 0.106339 0.0696547 0.105327 0.0489091 0.102797 0.0195616 0.0871114 0.0129837 0.0876174 0.0139957
0 0.0233565 0.157697 0.0193086 0.199188 0.0253805 0.23815 0.0430902 0.246246 0.0769916 0.22044 0.0780036 0.209308 0.0577639 0.203742 0.051186 0.195646 0.0496681 0.166299 0.0471381 0.151119 0.0349943 0.145553
0 0.0906533 0.201212 0.0891354 0.222464 0.104315 0.23056 0.115447 0.220946 0.107351 0.207284
0 0.136699 0.220946 0.126579 0.243716 0.150866 0.247764 0.158456 0.233596
0 0.177684 0.251811 0.17566 0.279641 0.195899 0.274581 0.191346 0.256871
0 0.274328 0.233596 0.26775 0.246246 0.25004 0.255859 0.254088 0.270533 0.271292 0.273063 0.288496 0.287737 0.312277 0.281665 0.316325 0.258895 0.311265 0.23815 0.286472 0.229548
0 0.514674 0.222464 0.50506 0.227018 0.509108 0.242198 0.526818 0.241692
0 0.349721 0.382863 0.340107 0.409681 0.338589 0.428402 0.353769 0.428908 0.371984 0.396019 0.362876 0.373249
0 0.502024 0.298363 0.48988 0.31759 0.508602 0.328216 0.523276 0.318096
0 0.462557 0.322144 0.464075 0.334794 0.478748 0.347444 0.48988 0.34795 0.493422 0.333276 0.480772 0.326192 0.465593 0.316578
0 0.475206 0.362117 0.467617 0.381345 0.464075 0.397537 0.48482 0.408163 0.493422 0.388429 0.481784 0.369707
0 0.511638 0.348962 0.50506 0.360094 0.51265 0.371225 0.525806 0.363635
0 0.490386 0.355034 0.483808 0.361611 0.48482 0.372237 0.498482 0.369201
0 0.373502 0.517963 0.366924 0.536684 0.355287 0.543768 0.37502 0.56249 0.399308 0.541238 0.383116 0.513409
0 0.332517 0.498735 0.308735 0.516951 0.29811 0.53719 0.339601 0.545792 0.357817 0.514927 0.352251 0.500759
0 0.27028 0.548322 0.252064 0.559454 0.264714 0.574128 0.290014 0.573116 0.291532 0.54984
0 0.267244 0.598415 0.253076 0.619667 0.244981 0.647496 0.261678 0.655086 0.279388 0.651544 0.290014 0.632317 0.299628 0.601451 0.276352 0.600945
0 0.277364 0.723395 0.285966 0.754766 0.302664 0.770958 0.338083 0.778548 0.356299 0.762356 0.339601 0.739587 0.309747 0.734021 0.294568 0.711757
0 0.38008 0.698095 0.381092 0.710239 0.396778 0.713781 0.40285 0.698601 0.392224 0.693542
0 0.372996 0.727443 0.365912 0.743635 0.38767 0.749201 0.388682 0.731997
0 0.420053 0.798282 0.434221 0.79727 0.447377 0.812955 0.432197 0.816497
0 0.463569 0.788162 0.458003 0.809919 0.468123 0.818015 0.496964 0.821557 0.506578 0.80486 0.486844 0.796258
0 0.646231 0.776524 0.613848 0.789174 0.606258 0.820545 0.61739 0.839773 0.61739 0.86406 0.618402 0.880758 0.629534 0.880758 0.644713 0.875698 0.655339 0.852929 0.643195 0.817509 0.652809 0.806884 0.673049 0.804354 0.678109 0.785126 0.666471 0.76944
0 0.69936 0.785126 0.694807 0.79474 0.699866 0.803342 0.710998 0.803848 0.714034 0.790186
0 0.614354 0.886324 0.643701 0.880252 0.660399 0.87165 0.678615 0.878734 0.682157 0.888854 0.671025 0.902516 0.673555 0.916178 0.663435 0.920225 0.639653 0.924779 0.60474 0.90454
0 0.665965 0.926297 0.686205 0.931863 0.69683 0.944007 0.705938 0.950079 0.730226 0.948055 0.725672 0.927309 0.706444 0.91719 0.687217 0.904034 0.665965 0.910106
0 0.736804 0.966271 0.731238 0.974872 0.743382 0.98145 0.756537 0.973355 0.745912 0.961717
0 0.186792 0.173383 0.17566 0.175913 0.177684 0.190587 0.187298 0.194128
0 0.476218 0.22297 0.460027 0.227524 0.470653 0.236126 0.478748 0.232584
0 0.325939 0.333276 0.314301 0.333276 0.316831 0.348456 0.328975 0.35807
0 0.902769 0.8843 0.886577 0.884806 0.902769 0.898468
0 0.0780036 0.00185193 0.0855934 0.00944179 0.0941953 0.000333954
0 0.118483 0.0301874 0.104821 0.0286694 0.106339 0.0418252 0.114435 0.0398012
0 0.374514 0.776524 0.385646 0.776524 0.386152 0.789174 0.378056 0.78968
0 0.351745 0.724407 0.360852 0.725419 0.360852 0.735033 0.351745 0.735033
