2 0.577734 0.707422 0.577734 0.717187 0.588086 0.716211 0.585742 0.706641
2 0.742188 0.284961 0.741406 0.297852 0.758594 0.295508 0.755273 0.283789
2 0.816211 0.412695 0.816602 0.422656 0.825391 0.422266 0.824805 0.413477
2 0.962305 0.503125 0.961523 0.511914 0.971094 0.5125 0.970313 0.504102
2 0.927734 0.473242 0.927539 0.482227 0.934375 0.482422 0.93418 0.473242
2 0.709375 0.733594 0.709766 0.749609 0.723633 0.749023 0.720117 0.7375
2 0.756641 0.923828 0.755664 0.936133 0.763477 0.935547 0.762305 0.92207
2 0.705469 0.876563 0.705469 0.882812 0.712695 0.882617 0.713086 0.876953
2 0.364453 0.666992 0.364258 0.676562 0.373633 0.677148 0.37207 0.667188
2 0.4375 0.675977 0.437695 0.681836 0.446289 0.681445 0.445117 0.675195
2 0.150195 0.821484 0.150391 0.831836 0.15918 0.830859 0.158789 0.820703
2 0.230078 0.808008 0.230078 0.818359 0.239063 0.816406 0.238086 0.806445
2 0.388672 0.806445 0.389648 0.814258 0.395898 0.814258 0.395508 0.806445
2 0.779883 0.655078 0.779492 0.665234 0.789844 0.665039 0.79043 0.65625
2 0.736133 0.438867 0.735742 0.445117 0.745898 0.445117 0.744336 0.438281
2 0.137891 0.208789 0.138086 0.216797 0.150391 0.216797 0.149219 0.208203
2 0.142578 0.506445 0.142383 0.517383 0.149219 0.517773 0.149219 0.50625
2 0.211133 0.475977 0.210547 0.483398 0.217773 0.483594 0.217383 0.476367
2 0.195117 0.493945 0.194531 0.503516 0.204102 0.502344 0.201367 0.492383
2 0.181836 0.863086 0.181445 0.874023 0.191797 0.873242 0.189648 0.862891
2 0.285547 0.819727 0.284766 0.826758 0.291602 0.826172 0.291797 0.818945
2 0.431445 0.479102 0.431641 0.488672 0.440234 0.488086 0.439648 0.47793
