0 0.361184 0.0794834 0.370466 0.0969782 0.370466 0.12076 0.370466 0.136446 0.388176 0.129362 0.398296 0.104062 0.388728 0.0794834 0.376032 0.0610529 0.36181 0.0660244
0 0.384634 0.152131 0.391212 0.178443 0.411958 0.193116 0.446871 0.198682 0.456485 0.173889 0.448389 0.162757 0.434727 0.167817 0.422583 0.155167 0.403356 0.142011 0.38767 0.144541
0 0.461039 0.189069 0.48482 0.199694 0.504048 0.213356 0.528335 0.21032 0.544527 0.197164 0.577923 0.180973 0.610812 0.157191 0.618402 0.144035 0.603222 0.135434 0.586018 0.137457 0.560719 0.139481 0.536937 0.149601 0.521252 0.158203 0.491904 0.161239 0.479254 0.168829 0.467617 0.167817 0.459521 0.168829
0 0.645725 0.157191 0.681651 0.153649 0.688735 0.146059 0.692783 0.124808 0.690759 0.0949543 0.695312 0.0701607 0.689747 0.054475 0.694301 0.0332234 0.694301 0.0150077 0.675072 0 0.632064 0.000839945 0.649773 0.0190556 0.658881 0.0327174 0.665459 0.051945 0.666977 0.0686427 0.665459 0.0812925 0.662929 0.0969782 0.661411 0.117218 0.654833 0.129362 0.647243 0.138975 0.641171 0.147071
0 0.101279 0.591837 0.0941953 0.569574 0.0860994 0.541744 0.0997612 0.523023 0.120507 0.514927 0.131133 0.517963 0.147324 0.502783 0.15795 0.494687 0.17566 0.499747 0.184768 0.509867 0.209055 0.509361 0.231319 0.525047 0.234861 0.552876 0.225753 0.565526 0.209561 0.572104 0.194887 0.573622 0.187298 0.571092 0.195393 0.555912 0.209055 0.535672 0.192358 0.53466 0.163516 0.531624 0.151372 0.530612 0.151372 0.550852 0.156938 0.560466 0.13771 0.56502 0.132651 0.57261 0.143782 0.586777 0.136193 0.594873 0.109375 0.597909
0 0.162504 0.607523 0.176672 0.614607 0.181732 0.623209 0.207537 0.607017 0.227271 0.589813 0.236379 0.604993 0.248523 0.628269 0.261678 0.640918 0.271292 0.645978 0.299122 0.645978 0.308229 0.625739 0.284448 0.616125 0.266738 0.610559 0.261678 0.588801 0.248017 0.564514 0.240427 0.563502 0.186792 0.5802 0.158962 0.58273 0.156432 0.593355
0 0.208043 0.642942 0.206525 0.657616 0.223223 0.663688 0.228789 0.65205 0.222717 0.644966
0 0.207501 0.661665 0.194981 0.668864 0.197923 0.705179 0.206525 0.719347 0.226259 0.736551 0.239415 0.749201 0.274834 0.764886 0.294062 0.776018 0.316831 0.786138 0.365406 0.786138 0.39779 0.79221 0.421065 0.782596 0.429161 0.761344 0.435739 0.745153 0.441811 0.717829 0.438775 0.698095 0.433209 0.683422 0.429667 0.66217 0.410946 0.65964 0.3902 0.683928 0.393742 0.696071 0.374008 0.669254 0.358323 0.653568 0.342131 0.639401 0.321385 0.633835 0.310759 0.638389 0.299628 0.64952 0.283436 0.661664 0.288496 0.679374 0.304182 0.684434 0.328469 0.686964 0.364394 0.715299 0.395766 0.743129 0.385646 0.746165 0.350733 0.733009 0.325433 0.723901 0.289002 0.717323 0.259654 0.698601 0.236379 0.67482 0.220693 0.670772
0 0.442823 0.769946 0.442823 0.748189 0.443329 0.727443 0.459521 0.727443 0.472676 0.754766 0.470653 0.77197 0.451931 0.776524
0 0.463569 0.721371 0.443329 0.696577 0.431185 0.687976 0.433715 0.680386 0.440293 0.665206 0.470147 0.673302 0.487856 0.685952 0.490892 0.706697 0.474194 0.720359
0 0.590066 0.0170317 0.580959 0.0215856 0.580453 0.0342353 0.592596 0.0291754 0.593102 0.0241155
0 0.144901 0.603134 0.13332 0.610959 0.140832 0.624105 0.154917 0.616593
0 0.177453 0.628487 0.157421 0.647267 0.182461 0.663543 0.197485 0.662291 0.197798 0.64132 0.186217 0.634747
0 0.22096 0.00530223 0.210944 0.00780624 0.213135 0.0146923 0.221899 0.0168833 0.225655 0.00937124
0 0.238801 0.00718024 0.235679 0 0.251008 0.000607222
0 0.365253 0.0494353 0.352107 0.0566344 0.363062 0.0616424
0 0.656657 0.0566344 0.648832 0.0603904 0.652901 0.0697804 0.659474 0.0669634
0 0.532709 0.0854304 0.527388 0.0904385 0.531457 0.0970115 0.536465 0.0954465
