0 0.00078125 0.541602 0.0126953 0.535937 0.0130859 0.528906 0.0259766 0.520703 0.0226562 0.512891 0.0138672 0.510547 0.0101563 0.502148 0.00449219 0.505273 0 0.504297
0 0.0396484 0.467969 0.0361328 0.471094 0.0322266 0.474805 0.0320312 0.480078 0.0433594 0.480078 0.0439453 0.470508
0 0.0601563 0.448633 0.0603516 0.456055 0.0669922 0.455859 0.0666016 0.44707
0 0.464648 0.293164 0.457031 0.293164 0.457227 0.304102 0.447266 0.304102 0.452148 0.310742 0.453516 0.316211 0.458008 0.316602 0.462109 0.301758 0.469531 0.298047
0 0.445703 0.244336 0.445703 0.250781 0.450977 0.250195 0.450977 0.24375
0 0.437109 0.267188 0.437109 0.274414 0.443555 0.274414 0.444336 0.267383
0 0.49082 0.309766 0.484961 0.316211 0.475781 0.325977 0.475977 0.334766 0.485352 0.33418 0.485352 0.32832 0.488477 0.328125 0.489063 0.333789 0.497656 0.333203 0.497266 0.322852 0.495312 0.317578 0.497656 0.3125
0 0.52207 0.341992 0.52207 0.349805 0.513086 0.349023 0.5125 0.363086 0.504687 0.366406 0.504102 0.374609 0.51582 0.376953 0.517773 0.383008 0.526367 0.387109 0.526172 0.370703 0.518945 0.369531 0.517188 0.364844 0.532422 0.35 0.528125 0.347461 0.526953 0.339648
0 0.446484 0.401172 0.447461 0.410938 0.455469 0.420508 0.461133 0.416406 0.454883 0.400195
0 0.386328 0.40293 0.389258 0.417773 0.397461 0.419727 0.397266 0.424219 0.389844 0.427148 0.389844 0.432031 0.38125 0.439453 0.381836 0.444922 0.390234 0.444531 0.390039 0.435937 0.400586 0.435937 0.404883 0.425 0.404687 0.417187 0.396289 0.41543 0.399805 0.401953
0 0.273828 0.392188 0.273633 0.399805 0.283008 0.400586 0.28418 0.392383
0 0.26582 0.463477 0.26582 0.473828 0.275781 0.474414 0.275977 0.463867
0 0.448633 0.527539 0.449414 0.5375 0.440625 0.537695 0.44082 0.54707 0.452148 0.546875 0.454102 0.539062 0.459375 0.539062 0.467578 0.549805 0.471289 0.538867 0.479102 0.534375 0.476172 0.523047 0.469336 0.523438 0.464648 0.5375 0.460938 0.532227 0.455273 0.530859 0.452734 0.525195
0 0.498242 0.4625 0.498047 0.468359 0.505469 0.468555 0.506055 0.462891
0 0.48418 0.5 0.48457 0.505469 0.491406 0.505469 0.491211 0.499805
