0 0.354528 0.683928 0.355034 0.715299 0.363129 0.736045 0.386405 0.75173 0.402597 0.750719 0.407151 0.734021 0.404115 0.719347 0.407657 0.703661 0.400067 0.688988 0.384381 0.675832 0.363129 0.674314
0 0.3353 0.77703 0.318096 0.80486 0.31759 0.820039 0.328216 0.833195 0.352757 0.842303 0.352251 0.819027 0.370466 0.820545 0.366671 0.803342 0.354022 0.795752 0.351998 0.785632 0.348456 0.7745
0 0.31759 0.847869 0.319108 0.865578 0.331252 0.87671 0.350227 0.880252 0.355287 0.867602 0.348456 0.859507 0.3353 0.848375 0.32518 0.846857
0 0.314048 0.912636 0.302917 0.920731 0.302917 0.937935 0.304435 0.953621 0.329734 0.951091 0.341372 0.949067 0.345926 0.936417 0.332264 0.916684 0.322144 0.910612
0 0.342384 0.962729 0.331252 0.975884 0.333782 0.986004 0.34795 0.987522 0.359082 0.978414
0 0.552117 0.699107 0.536937 0.706191 0.550093 0.716817 0.554647 0.707709
0 0.595126 0.995112 0.602716 0.982968 0.612836 0.979426 0.613326 0.998047 0.601198 0.998047
0 0.0177906 0.197164 0.0339824 0.197164 0.0375243 0.183503 0.0223446 0.175913 0.0177906 0.185527 0.0137427 0.189575
0 0.357311 0.8843 0.345673 0.893408 0.354781 0.904034 0.363888 0.892902
0 0.381598 0.911118 0.367936 0.91719 0.371478 0.926803 0.381092 0.921743
