0 0.78125 0.927344 0.78209 0.940465 0.794234 0.948561 0.803848 0.948561 0.802836 0.936923 0.799294 0.932369 0.793728 0.922249 0.788162 0.919213
0 0.867096 0.952609 0.862543 0.964753 0.86912 0.973355 0.87924 0.968801 0.879746 0.961717 0.872156 0.956657
0 0.930851 0.614101 0.920225 0.627763 0.928321 0.642436 0.941983 0.648508 0.951597 0.640412 0.952103 0.626751 0.948055 0.617137 0.939959 0.615619
0 0.813461 0.698095 0.813461 0.711251 0.829147 0.712769 0.829653 0.694554 0.817509 0.694048
0 0.838255 0.693542 0.835219 0.705685 0.843315 0.711757 0.846857 0.703661 0.846351 0.696071
0 0.313281 0.125781 0.313086 0.135742 0.323828 0.135937 0.324023 0.126172
0 0.227539 0.318164 0.226953 0.331641 0.239453 0.331641 0.239648 0.318164
0 0.755273 0.558008 0.755859 0.566797 0.778125 0.56543 0.775195 0.555859
0 0.799219 0.567383 0.788672 0.59043 0.805469 0.596094 0.816797 0.595313 0.824023 0.605273 0.828906 0.613086 0.822656 0.622266 0.825586 0.624023 0.822266 0.630859 0.835742 0.635742 0.8375 0.622266 0.844336 0.614453 0.860547 0.614844 0.855078 0.603906 0.833594 0.593164 0.826562 0.58125 0.813672 0.587305 0.799805 0.584961 0.807031 0.567578
0 0.882812 0.602344 0.882812 0.611914 0.893359 0.611328 0.893164 0.602539
0 0.950586 0.653711 0.948633 0.661523 0.950781 0.67793 0.960547 0.677539 0.958789 0.652539
0 0.860938 0.674414 0.861133 0.683984 0.870117 0.684766 0.869922 0.673633
0 0.681055 0.530859 0.68125 0.542188 0.691602 0.541797 0.690625 0.530469
0 0.720313 0.62168 0.719531 0.632422 0.730469 0.632031 0.729688 0.621094
0 0.767773 0.696289 0.767578 0.704883 0.776953 0.705273 0.776172 0.696484
0 0.593359 0.632617 0.592773 0.644531 0.606641 0.643555 0.605273 0.631641
0 0.575586 0.858398 0.575977 0.868359 0.585547 0.867969 0.584961 0.857422
0 0.640234 0.9125 0.639648 0.922461 0.649023 0.92207 0.649023 0.911133
0 0.657422 0.917383 0.657227 0.926562 0.666406 0.925586 0.665234 0.916406
0 0.634961 0.939453 0.63418 0.949414 0.640625 0.949609 0.64082 0.939063
0 0.713281 0.951367 0.712109 0.959375 0.723828 0.961328 0.729297 0.955273 0.721094 0.95
0 0.740039 0.933008 0.740234 0.941602 0.751172 0.941406 0.751758 0.932617
0 0.84375 0.917578 0.833984 0.92168 0.834766 0.934961 0.839063 0.952344 0.845313 0.953711 0.844922 0.932813 0.850977 0.91875
0 0.857227 0.951367 0.857617 0.958984 0.864258 0.958398 0.863477 0.951562
0 0.855078 0.851758 0.854883 0.861133 0.864453 0.860938 0.863867 0.850977
0 0.817578 0.813477 0.817383 0.821875 0.827539 0.82207 0.826758 0.810547
