0 0.383116 0.879746 0.389188 0.90454 0.398802 0.920225 0.411452 0.904034 0.40285 0.88177
0 0.40285 0.87671 0.403862 0.859001 0.396272 0.843821 0.37755 0.842809 0.357817 0.859507 0.339095 0.881264 0.337071 0.913648 0.348709 0.939959 0.361358 0.952103 0.363382 0.934899 0.358323 0.917696 0.367936 0.892396 0.379068 0.866084 0.38514 0.863048 0.391212 0.877722
0 0.344155 0.972849 0.350733 0.954633 0.336565 0.932369 0.324927 0.933381 0.322397 0.947043 0.337071 0.961211
0 0.318349 0.959187 0.320879 0.972849 0.333023 0.970825 0.334035 0.962729
0 0.239415 0.948055 0.26269 0.951091 0.264714 0.936923 0.245993 0.932369 0.237391 0.941983
0 0.38261 0.925285 0.373502 0.938947 0.388176 0.940971 0.391212 0.933381
0 0.14024 0.960705 0.123543 0.961211 0.124049 0.972343 0.130627 0.972343
0 0.18578 0.936923 0.165034 0.943501 0.180214 0.960199 0.184262 0.950079
0 0.312277 0.916684 0.295074 0.921743 0.302158 0.940465 0.308735 0.935405
0 0.299122 0.952103 0.287484 0.950585 0.288496 0.962729 0.29811 0.967283
0 0.348709 0.981956 0.341625 0.982462 0.337071 0.991064 0.339066 0.998047 0.347191 0.995112
0 0.383622 0.898468 0.371478 0.904034 0.376032 0.923261 0.3902 0.923767
