0 0.151301 0.250235 0.155391 0.267619 0.17073 0.265063 0.164083 0.24819
0 0.189647 0.36732 0.219813 0.353004 0.240265 0.337666 0.25816 0.332041 0.259694 0.361185 0.235152 0.37499 0.204475 0.383682
0 0.305199 0.351982 0.336387 0.341245 0.381381 0.34329 0.398765 0.353516 0.413592 0.380103 0.4049 0.389817 0.449382 0.392374 0.468811 0.413336 0.478015 0.449127 0.478015 0.466511 0.479037 0.487985 0.447337 0.497699 0.423307 0.487985 0.398765 0.480315 0.383937 0.459353 0.382915 0.42254 0.362463 0.399532 0.364508 0.378058 0.317981 0.369366
0 0.232837 0.320626 0.269268 0.329228 0.288326 0.341245 0.307755 0.337666 0.302642 0.312612 0.284747 0.297274 0.252536 0.29165 0.223729 0.295833
0 0.294973 0.473157 0.331275 0.460375 0.360418 0.443503 0.375245 0.460375 0.363997 0.472135 0.363486 0.48594 0.346102 0.494631 0.307244 0.491052
0 0.458586 0.497699 0.4683 0.514572 0.486195 0.50588 0.48415 0.493098 0.475458 0.491564
0 0.464721 0.532467 0.489263 0.524798 0.500511 0.540647 0.490797 0.549851 0.475969 0.55343 0.466766 0.548828
0 0.15897 0.543204 0.169196 0.530422 0.19067 0.540647 0.193226 0.560076 0.173797 0.564678 0.152323 0.550873
0 0.137496 0.586152 0.144654 0.60916 0.158459 0.597401 0.150278 0.578994
0 0.0572235 0.674605 0.0587574 0.690967 0.0756299 0.709373 0.0853444 0.697102 0.074096 0.674605
0 0.144654 0.634213 0.132383 0.650575 0.155902 0.663868 0.17073 0.655688 0.160504 0.636259
0 0.107841 0.676139 0.111931 0.690967 0.124202 0.686365 0.126248 0.670004
0 0.112443 0.710396 0.134428 0.717042 0.147722 0.705283 0.138518 0.685854 0.128804 0.682275 0.118067 0.68841 0.114999 0.700681
0 0.0469977 0.740562 0.0418848 0.758968 0.0572235 0.776863 0.0771638 0.781465 0.0930137 0.766126 0.0873896 0.743629 0.063359 0.734937
0 0.0654041 0.81521 0.0843218 0.802939 0.0960815 0.812653 0.0945476 0.822879 0.0802315 0.824413
0 0.103809 0.77956 0.0896414 0.783608 0.0936893 0.793728 0.102797 0.796258
0 0.0142487 0.861531 0.0274045 0.856471 0.0289224 0.863048 0.0172847 0.872662 0.0102008 0.868614
0 0.188816 0.537696 0.199441 0.5296 0.196405 0.517457 0.182744 0.518469 0.17819 0.534154
0 0.210573 0.523529 0.232331 0.523023 0.244981 0.517457 0.25257 0.510879 0.242451 0.506325 0.216139 0.509361 0.200959 0.512397 0.202477 0.522517 0.205513 0.524541
0 0.265726 0.509361 0.280906 0.501265 0.294062 0.493169 0.306205 0.487603 0.295074 0.478495 0.277364 0.483049 0.261172 0.493675 0.256618 0.505819
0 0.165034 0.392983 0.144288 0.397537 0.150866 0.413223
0 0.151878 0.502783 0.139228 0.502783 0.14277 0.517457 0.149348 0.509361
0 0.221705 0.326698 0.231319 0.32518 0.231319 0.330746 0.226259 0.339348
0 0.196911 0.346432 0.209055 0.343902 0.207031 0.35301 0.197417 0.353516
0 0.0127307 0.316578 1.73472e-18 0.320216 1.92593e-34 0.320216 8.09585e-05 0.333276 0.0102008 0.328722 0.0208266 0.323156
0 0.135181 0.290773 0.14783 0.290773 0.143276 0.305446 0.135181 0.300387
0 0.321385 0.388935 0.319361 0.410187 0.314807 0.432956 0.342131 0.442064 0.367936 0.434474 0.356299 0.418788 0.351745 0.402597 0.339601 0.384381 0.321385 0.382863
