2 0.433715 0.290773 0.420559 0.294315 0.418029 0.311012 0.434727 0.32012 0.445353 0.311518
2 0.777283 0.514927 0.766151 0.520493 0.768175 0.53719 0.783861 0.530612
2 0.871397 0.562996 0.855206 0.562996 0.856218 0.571598 0.867855 0.576152
2 0.874939 0.578176 0.841544 0.578176 0.848122 0.589813 0.871397 0.589813
2 0.876963 0.593861 0.860266 0.602969 0.84964 0.611065 0.860772 0.619667 0.878481 0.612583
2 0.903781 0.65711 0.887083 0.656604 0.885059 0.672796 0.895179 0.682916 0.903275 0.671784
2 0.966018 0.787656 0.955898 0.78715 0.952862 0.795752 0.960452 0.801824
2 0.938694 0.939959 0.927056 0.936923 0.925032 0.958681 0.935658 0.959187
2 0.706444 0.704673 0.683675 0.706191 0.691771 0.727949 0.70695 0.730985 0.714034 0.725925
2 0.981641 0.975 0.98125 0.982812 0.990039 0.982812 0.989648 0.974219
