2 0.157118 0.193468 0.158203 0.207574 0.176649 0.210829 0.177734 0.194553
2 0.228733 0.199978 0.227648 0.211914 0.241753 0.216254 0.242839 0.201063
2 0.224392 0.210829 0.225477 0.23036 0.241753 0.234701 0.243924 0.215169
2 0.202691 0.201063 0.200521 0.218424 0.216797 0.217339 0.216797 0.204319
2 0.0681424 0.0741102 0.0703125 0.0925564 0.0855035 0.0893012 0.0822483 0.0741102
2 0.118056 0.103407 0.113715 0.116428 0.129991 0.119683 0.133247 0.102322
2 0.26671 0.0643446 0.26671 0.0838759 0.280816 0.0849609 0.281901 0.0686849
2 0.00195312 0.280273 0 0.295898 0.00954861 0.29872 0.0138889 0.282444
2 0.00412326 0.308485 0.00412326 0.325846 0.0182292 0.322591 0.016059 0.30957
2 0.00412326 0.337782 0.00412326 0.351888 0.0182292 0.352973 0.0182292 0.339952
2 0.0724826 0.323676 0.0724826 0.338867 0.0920139 0.334527 0.093099 0.317166
2 0.0421007 0.329102 0.0399306 0.342122 0.0572917 0.343207 0.0583767 0.328016
2 0.239583 0.341037 0.237413 0.357313 0.253689 0.360569 0.259115 0.344293
2 0.254774 0.308485 0.253689 0.322591 0.26888 0.323676 0.269965 0.310655
2 0.166884 0.478841 0.165799 0.495117 0.178819 0.495117 0.182075 0.479926
2 0.229818 0.674154 0.228733 0.6926 0.242839 0.693685 0.243924 0.674154
2 0.046441 0.768555 0.0453559 0.784831 0.0562066 0.785916 0.0594618 0.768555
2 0.236328 0.981228 0.234158 0.996419 0.250434 0.996419 0.250434 0.982313
2 0.316623 0.868381 0.318793 0.887912 0.335069 0.888997 0.333984 0.869466
2 0.329644 0.745768 0.330729 0.766385 0.34592 0.764214 0.34375 0.744683
2 0.354601 0.731662 0.355686 0.751194 0.369792 0.755534 0.370877 0.733832
2 0.491319 0.912869 0.488064 0.93023 0.505425 0.929145 0.505425 0.915039
2 0.623698 0.802192 0.624783 0.815213 0.639974 0.817383 0.637804 0.805447
2 0.584635 0.813043 0.588976 0.829319 0.603082 0.821723 0.600911 0.811957
2 0.604167 0.819553 0.598741 0.836914 0.610677 0.837999 0.616102 0.824978
2 0.458233 0.820062 0.456355 0.833834 0.470127 0.833834 0.470127 0.820688
2 0.407527 0.888296 0.408779 0.902068 0.421299 0.902694 0.420673 0.88767
2 0.380609 0.848858 0.380609 0.860126 0.392503 0.861378 0.391877 0.84698
2 0.16589 0.785632 0.167142 0.799404 0.180288 0.797526 0.180288 0.783128
2 0.72178 0.965294 0.722406 0.979693 0.7343 0.981571 0.7343 0.966546
2 0.487029 0.93149 0.486403 0.94401 0.498923 0.94401 0.500175 0.93149
2 0.286444 0.812285 0.285907 0.82409 0.297712 0.82409 0.297175 0.812822
2 0.337955 0.826236 0.337955 0.839114 0.348686 0.841797 0.348686 0.829992
2 0.214301 0.812174 0.214301 0.825195 0.225152 0.826823 0.225152 0.814887
2 0.405816 0.786133 0.405816 0.798611 0.417209 0.799154 0.417209 0.785048
2 0.409614 0.760634 0.407986 0.773655 0.419922 0.773655 0.422092 0.761719
2 0.482856 0.660265 0.483941 0.678711 0.499132 0.679253 0.496419 0.66352
2 0.481771 0.664062 0.482856 0.680339 0.471463 0.679253 0.468207 0.66352
2 0.587565 0.676541 0.585395 0.688477 0.597873 0.689019 0.598958 0.676541
2 0.465006 0.838427 0.467536 0.852089 0.479173 0.851583 0.480691 0.838427
2 0.672621 0.851725 0.670189 0.871985 0.688829 0.872796 0.69045 0.854156
2 0.702606 0.864691 0.702606 0.884142 0.717194 0.887383 0.718004 0.870364
2 0.656412 0.829033 0.648308 0.84362 0.649118 0.86226 0.658843 0.864691 0.671 0.835516
2 0.706658 0.844431 0.705038 0.860639 0.719625 0.86226 0.719625 0.841999
2 0.757715 0.829843 0.76582 0.844431 0.752042 0.853345 0.746369 0.837137
2 0.759336 0.828222 0.76663 0.844431 0.777976 0.841189 0.774734 0.822549
2 0.759336 0.850104 0.760957 0.866312 0.776355 0.866312 0.773924 0.850914
2 0.840379 0.851725 0.841999 0.876848 0.863881 0.863881 0.863881 0.852535
2 0.88171 0.9198 0.88171 0.93844 0.897919 0.939251 0.90035 0.91899
2 0.944923 0.908454 0.944923 0.922232 0.962753 0.925473 0.959511 0.908454
2 0.835516 0.947355 0.827412 0.959511 0.829843 0.978151 0.841189 0.974909 0.853345 0.958701
2 0.808772 0.759336 0.806341 0.773924 0.820928 0.777165 0.82336 0.763388
2 0.80553 0.779597 0.80553 0.794184 0.826601 0.793374 0.82417 0.777165
2 0.849293 0.756905 0.848483 0.769061 0.870364 0.771492 0.869554 0.756094
2 0.820928 0.705038 0.820928 0.722867 0.837137 0.723677 0.837137 0.705038
2 0.829843 0.725298 0.829033 0.745559 0.844431 0.746369 0.846052 0.726109
2 0.859829 0.722057 0.854966 0.734213 0.868744 0.741507 0.876037 0.72854
2 0.661275 0.741507 0.659654 0.760147 0.675862 0.760147 0.676673 0.741507
2 0.645877 0.636151 0.645066 0.65155 0.660464 0.650739 0.662085 0.63372
2 0.659654 0.67181 0.671 0.684777 0.662895 0.693692 0.650739 0.683156
2 0.655602 0.658033 0.667758 0.681535 0.680725 0.679104 0.67181 0.653981
2 0.754072 0.60911 0.760693 0.632283 0.781382 0.632283 0.783038 0.614076
2 0.786348 0.634766 0.780555 0.651318 0.797934 0.658766 0.801245 0.639731
2 0.816141 0.633938 0.812003 0.645524 0.82359 0.652973 0.832693 0.637248
2 0.725106 0.523868 0.725934 0.54042 0.74083 0.54373 0.742485 0.526351
2 0.778072 0.554489 0.773934 0.570213 0.789658 0.577662 0.792969 0.559454
2 0.8269 0.547041 0.8269 0.56442 0.843452 0.575179 0.84759 0.553661
2 0.812831 0.582627 0.808693 0.600007 0.825245 0.604972 0.8269 0.58842
2 0.901384 0.62649 0.901384 0.642214 0.920418 0.644697 0.919591 0.623179
2 0.906349 0.6058 0.904694 0.623179 0.920418 0.624007 0.923729 0.607455
2 0.98166 0.69849 0.982488 0.718353 0.99573 0.71918 0.998047 0.703539
2 0.891453 0.498212 0.893108 0.512282 0.907177 0.512282 0.906349 0.493247
2 0.744968 0.471729 0.740003 0.488281 0.762348 0.489936 0.764831 0.474212
2 0.918763 0.314486 0.919591 0.335176 0.936143 0.335176 0.936143 0.314486
2 0.315446 0.604145 0.320412 0.619041 0.338619 0.604145 0.332826 0.590903
2 0.34216 0.595385 0.339447 0.616559 0.355171 0.614076 0.355998 0.598351
2 0.340274 0.638904 0.343584 0.654628 0.360964 0.652145 0.357654 0.634766
2 0.337791 0.621524 0.336964 0.63311 0.354343 0.633938 0.355171 0.618214
2 0.308825 0.532144 0.308825 0.545385 0.32455 0.549523 0.329515 0.536282
2 0.321239 0.516419 0.317929 0.532971 0.336136 0.537937 0.338619 0.517247
2 0.28648 0.54373 0.285653 0.561937 0.305515 0.562765 0.30055 0.542903
2 0.382875 0.510758 0.382875 0.527034 0.398375 0.525484 0.398375 0.509983
2 0.372799 0.491381 0.372024 0.506107 0.384425 0.509983 0.38675 0.492156
2 0.350322 0.452629 0.340247 0.47123 0.354198 0.477431 0.361948 0.458054
2 0.399957 0.363295 0.399291 0.381293 0.415956 0.381293 0.417955 0.362628
2 0.519945 0.310634 0.519945 0.325965 0.53461 0.326632 0.535943 0.307967
2 0.284636 0.205978 0.28397 0.222643 0.299301 0.223976 0.298635 0.203978
2 0.343963 0.204645 0.343297 0.21931 0.357295 0.221976 0.363295 0.206645
2 0.412623 0.197979 0.410623 0.213977 0.425288 0.214644 0.427288 0.198645
2 0.501946 0.439953 0.50328 0.455285 0.521278 0.458618 0.524611 0.439953
2 0.325299 0.0833244 0.324632 0.0959898 0.337964 0.0966564 0.338631 0.0846576
2 0.442619 0.0919902 0.443286 0.106655 0.456618 0.106655 0.457285 0.0953232
2 0.487948 0.133986 0.485282 0.144651 0.499947 0.147318 0.503946 0.132653
2 0.529277 0.0813247 0.53061 0.097323 0.545275 0.09399 0.540609 0.0799915
2 0.611268 0.110655 0.609935 0.124653 0.625267 0.124653 0.625267 0.109988
2 0.655263 0.0766585 0.65793 0.0913236 0.669929 0.0913236 0.669262 0.0773251
2 0.690593 0.0739921 0.69126 0.0879906 0.705258 0.0879906 0.705258 0.0733255
2 0.59327 0.171982 0.591937 0.185314 0.605935 0.186647 0.607269 0.173315
2 0.649931 0.296635 0.645931 0.309967 0.663929 0.311967 0.665929 0.292635
2 0.709258 0.225309 0.707258 0.237308 0.723256 0.241308 0.723923 0.224643
2 0.679927 0.351962 0.681261 0.369294 0.700592 0.37196 0.699259 0.353296
2 0.660596 0.362628 0.659263 0.377293 0.675928 0.376626 0.673928 0.362628
2 0.640598 0.363295 0.639265 0.37596 0.655263 0.379293 0.655263 0.363961
2 0.590604 0.368627 0.590604 0.383959 0.604602 0.383959 0.605269 0.369294
2 0.580605 0.398624 0.579272 0.413956 0.59327 0.414622 0.593937 0.399291
2 0.601805 0.446704 0.602443 0.464576 0.617762 0.467129 0.615209 0.447342
2 0.595422 0.465214 0.595422 0.480533 0.611379 0.483086 0.613932 0.466491
2 0.493298 0.148629 0.493298 0.163309 0.507978 0.165862 0.51117 0.150544
2 0.442236 0.219478 0.440959 0.23352 0.458831 0.232881 0.458193 0.219478
2 0.465214 0.171607 0.462661 0.188202 0.476703 0.192032 0.477341 0.173522
2 0.431385 0.192032 0.428832 0.20735 0.442874 0.209265 0.446066 0.194585
2 0.512446 0.23352 0.512446 0.248838 0.526488 0.251391 0.528403 0.234796
2 0.427556 0.241179 0.426279 0.255859 0.439683 0.257774 0.444151 0.241817
2 0.855201 0.382238 0.852009 0.393727 0.869243 0.39628 0.872434 0.380323
2 0.824563 0.380961 0.823925 0.401386 0.84052 0.402025 0.84052 0.384791
2 0.855201 0.217563 0.855201 0.232881 0.868604 0.236711 0.869243 0.219478
2 0.907539 0.227775 0.903071 0.235435 0.916475 0.235435 0.91839 0.22586
2 0.926049 0.218839 0.928602 0.232881 0.942006 0.234158 0.941368 0.219478
2 0.953495 0.230967 0.950942 0.24437 0.964984 0.246285 0.966261 0.232881
2 0.911369 0.267348 0.910731 0.28139 0.924773 0.282667 0.927964 0.268625
2 0.980303 0.172245 0.97775 0.185011 0.989877 0.18884 0.993707 0.172245
2 0.986686 0.144161 0.987324 0.156927 0.996898 0.156927 0.998047 0.144863
2 0.817542 0.0988434 0.816904 0.111609 0.829031 0.112886 0.830946 0.0988434
2 0.847541 0.0828865 0.86286 0.0994817 0.870519 0.093099 0.86286 0.0733124
2 0.795494 0.250808 0.799283 0.267225 0.810227 0.264699 0.807701 0.250387
