2 0.384634 0.798788 0.38261 0.821051 0.398802 0.833701 0.414488 0.808907
2 0.429161 0.720865 0.423089 0.729467 0.436751 0.741105 0.443329 0.729973
2 0.439281 0.609547 0.430173 0.622703 0.448389 0.629281 0.455979 0.622703 0.451931 0.612583
2 0.510626 0.647496 0.494434 0.67482 0.513156 0.678868 0.530865 0.658628
2 0.597656 0.677856 0.59462 0.698095 0.609294 0.700625 0.616884 0.688482
2 0.610812 0.780572 0.596644 0.799294 0.631052 0.810425 0.641171 0.79474 0.63257 0.780572
2 0.811184 0.930851 0.800559 0.946031 0.811184 0.957669 0.8294 0.938947
2 0.677097 0.752742 0.670519 0.768934 0.684687 0.77956 0.695818 0.75679
2 0.818774 0.467364 0.8294 0.494687 0.843568 0.486085 0.843568 0.46281
2 0.73478 0.439534 0.746418 0.464328 0.751983 0.445606
2 0.71707 0.451678 0.71454 0.475965 0.730226 0.483049 0.728202 0.461292
2 0.796511 0.494181 0.784873 0.504301 0.798535 0.516445 0.807136 0.496205
2 0.889613 0.565526 0.879999 0.573622 0.886577 0.581718 0.902769 0.582224 0.902263 0.570586
2 0.707456 0.500253 0.702396 0.513915 0.71707 0.518975 0.723142 0.504807
2 0.635606 0.681904 0.636112 0.694554 0.63763 0.709733 0.654833 0.711251 0.655339 0.693036 0.650785 0.677856
2 0.611318 0.640918 0.613342 0.6647 0.634088 0.675832 0.641677 0.671278 0.627004 0.65205 0.627004 0.637883
2 0.534913 0.636365 0.563249 0.649014 0.567803 0.632823 0.541997 0.624727 0.536431 0.622197
2 0.510626 0.610053 0.508096 0.624221 0.521758 0.624727 0.524794 0.611571
2 0.0380303 0.209308 0.0344883 0.221958 0.0471381 0.227524 0.053716 0.213356
