0 0.809666 0.708215 0.799547 0.727443 0.806631 0.737563 0.817256 0.731997 0.829906 0.731997 0.83699 0.718841 0.818268 0.708215
0 0.667989 0.79221 0.663435 0.798282 0.661411 0.806884 0.675579 0.817003 0.691771 0.812449 0.688229 0.800306
0 0.601198 0.800306 0.592596 0.819533 0.600692 0.837749 0.621944 0.839773 0.632064 0.847363 0.63257 0.856977 0.650279 0.866084 0.658375 0.868614 0.667989 0.881264 0.680133 0.890878 0.711504 0.893408 0.720612 0.88683 0.72719 0.87165 0.732756 0.856977 0.721118 0.849387 0.703408 0.856471 0.694807 0.868108 0.681651 0.866084 0.675579 0.851411 0.660905 0.837749 0.644713 0.821051 0.631052 0.818015 0.628016 0.803848 0.610306 0.795752
0 0.755525 0.879746 0.746924 0.899986 0.754007 0.916684 0.773235 0.923767 0.772223 0.89695
0 0.846098 0.875192 0.830918 0.890878 0.825352 0.904034 0.817762 0.922249 0.817256 0.939959 0.817762 0.957163 0.81422 0.973861 0.798029 0.977402 0.776271 0.984486 0.777789 0.995112 0.784367 0.998047 0.830412 0.998047 0.838508 0.975884 0.841038 0.951597 0.848628 0.929333 0.850652 0.912636 0.85976 0.89442 0.870891 0.877722 0.861784 0.866084 0.841544 0.869626
0 0.74237 0.857989 0.738828 0.867096 0.733262 0.878734 0.733262 0.885312 0.746418 0.880758 0.753501 0.870132 0.753501 0.859507 0.74743 0.856977
0 0.920984 0.966271 0.905299 0.977402 0.912889 0.989546 0.926044 0.986004
0 0.867855 0.972343 0.8547 0.979932 0.864819 0.98904 0.873927 0.985498
0 0.851664 0.981956 0.844512 0.998047 0.864313 0.996124
0 0.881517 0.932875 0.85976 0.949067 0.865325 0.968295 0.885565 0.97639 0.896697 0.968801 0.894673 0.957163 0.886071 0.954127 0.892143 0.952609 0.896191 0.943501 0.894167 0.932369
0 0.72972 0.702143 0.773741 0.697589 0.780825 0.714287 0.790439 0.731491 0.794487 0.745659 0.786897 0.75173 0.776271 0.732503 0.768175 0.734527 0.754007 0.731491 0.725672 0.725925
0 0.716058 0.76185 0.70695 0.76438 0.710492 0.775512 0.7196 0.77703
