0 0.0157667 0.00589985 0.0107068 0.0190556 0.0177906 0.0352473 0.0284165 0.0134897 0.0248745 0.00286391
0 0.0486561 0.111652 0.0699077 0.117218 0.100773 0.103556 0.112917 0.100014 0.132145 0.109628 0.14277 0.0984962 0.129109 0.0858464 0.157444 0.0691487 0.161492 0.0387893 0.148336 0.0332234 0.115447 0.0489091 0.0759796 0.0696547 0.0597879 0.0848344 0.0339824 0.0898943 0.0380303 0.109122
0 0.173636 0.0170317 0.16807 0.0332234 0.186286 0.0367653 0.189828 0.0185496
0 0.206525 0.00387589 0.209561 0.0205736 0.223223 0.0276575 0.224235 0.0478971 0.228789 0.0716787 0.247005 0.0929303 0.258136 0.0828105 0.249028 0.052957 0.249534 0.0306934 0.241945 0.00438188 0.233343 0.000333954 0.224326 5.42101e-20
0 0.269774 0.132398 0.271798 0.154155 0.28546 0.174901 0.291532 0.19767 0.30064 0.230054 0.302664 0.251305 0.310253 0.262437 0.355287 0.273063 0.358323 0.247764 0.363382 0.213862 0.340613 0.204248 0.332517 0.205766 0.322903 0.169841 0.321385 0.155167 0.306205 0.137457 0.29052 0.124302
0 0.312277 0.293303 0.314301 0.31253 0.332517 0.318096 0.333529 0.301399
0 0.122025 0.361105 0.114435 0.375779 0.125061 0.386405 0.139734 0.382863 0.139734 0.367177
0 0.0992552 0.497723 0.100773 0.542756 0.118989 0.558442 0.142264 0.556418 0.141252 0.5296 0.128603 0.505819 0.131133 0.489121
0 0.346179 0.329734 0.329481 0.353516 0.323915 0.372743 0.312277 0.390959 0.30064 0.409175 0.309241 0.427896 0.307217 0.444594 0.29305 0.482037 0.291532 0.500759 0.29052 0.517457 0.280906 0.542756 0.286978 0.568562 0.274834 0.583741 0.278376 0.605499 0.278376 0.620173 0.266738 0.627257 0.27281 0.642942 0.256112 0.65711 0.253076 0.670266 0.25004 0.696577 0.281412 0.67482 0.273822 0.691012 0.273316 0.716817 0.281412 0.726431 0.311265 0.725419 0.322903 0.683422 0.345167 0.678868 0.355287 0.65964 0.341119 0.638389 0.330493 0.608535 0.320373 0.592343 0.318349 0.57261 0.319361 0.5549 0.323409 0.534154 0.329481 0.506325 0.336565 0.481025 0.344155 0.446618 0.350227 0.411199 0.371478 0.380333 0.384128 0.347444 0.370466 0.324674
0 0.00817681 0.797776 0.0198146 0.770452 0.0304404 0.747683 0.051692 0.747177 0.0663658 0.737563 0.0506801 0.709227 0.0182966 0.700119 0.00412889 0.728961 -8.67362e-19 0.74176 0 0.787656
0 0.0390423 0.690506 0.0587759 0.68241 0.0709197 0.660652 0.0795215 0.637883 0.0845814 0.613089 0.0896414 0.583741 0.0896414 0.558948 0.0825575 0.531118 0.0860994 0.504807 0.0941953 0.489627 0.0714257 0.500253 0.0597879 0.514927 0.0491621 0.53719 0.0587759 0.561984 0.0628238 0.580706 0.0628238 0.599933 0.056246 0.623209 0.0355003 0.655592 0.0258865 0.681904
0 0.0876174 0.675832 0.109375 0.712263 0.122531 0.721371 0.154408 0.729467 0.172118 0.726937 0.161998 0.703661 0.14783 0.68494 0.129109 0.658122 0.111399 0.650026 0.0901473 0.661158 0.0901473 0.670266
0 0.197923 0.713781 0.225753 0.718335 0.238403 0.69253 0.249028 0.6647 0.252064 0.64446 0.239921 0.618655 0.218669 0.621185 0.216139 0.648002 0.207537 0.668748 0.190334 0.67482 0.189322 0.697083
0 0.14783 0.644966 0.17566 0.642942 0.194887 0.638389 0.211585 0.634341 0.221705 0.609547 0.236885 0.599427 0.256112 0.582224 0.276352 0.545286 0.26269 0.533648 0.243969 0.550346 0.216139 0.570586 0.200959 0.569068 0.18072 0.590319 0.174648 0.611571 0.154408 0.609547 0.138722 0.627763
0 0.15036 0.544274 0.143276 0.566538 0.138722 0.586271 0.156938 0.597403 0.166046 0.582224 0.172624 0.561984 0.15795 0.544274
0 0.350227 0.525553 0.330999 0.536178 0.319867 0.5549 0.321385 0.588295 0.339095 0.610559 0.354781 0.629787 0.378056 0.645978 0.391212 0.632317 0.383622 0.607017 0.381092 0.592343 0.38767 0.575646 0.38261 0.552876 0.370972 0.578682 0.357817 0.585259 0.351745 0.57514 0.365912 0.545286 0.361864 0.522011
0 0.359335 0.645978 0.360347 0.671784 0.357817 0.700625 0.362876 0.712769 0.363382 0.735539 0.38008 0.748695 0.39526 0.750719 0.4155 0.749707 0.436245 0.751224 0.453449 0.744141 0.446365 0.720865 0.409428 0.68747 0.38767 0.661664
0 0.374514 0.750719 0.368948 0.780572 0.380586 0.798282 0.400826 0.813967 0.419041 0.834713 0.432703 0.848881 0.456485 0.86406 0.456991 0.842809 0.457497 0.814979 0.464075 0.793222 0.455979 0.769946 0.443835 0.750213 0.428655 0.750213 0.399308 0.76185 0.387164 0.750213
0 0.478242 0.809919 0.494434 0.800812 0.480772 0.78462 0.475206 0.804354
0 0.468629 0.77956 0.490892 0.781584 0.509614 0.780572 0.536431 0.76185 0.540985 0.736045 0.519734 0.728961 0.506578 0.716817 0.5 0.702649 0.490892 0.678868 0.482796 0.665712 0.466099 0.65964 0.448389 0.660146 0.433209 0.652556 0.411958 0.650532 0.399308 0.650026 0.396272 0.669254 0.418535 0.683422 0.451931 0.698095 0.465593 0.710239 0.48229 0.730985 0.47217 0.741611 0.461039 0.762862 0.462051 0.775512
0 0.399814 0.623209 0.397284 0.635353 0.407404 0.645978 0.4155 0.630799
0 0.242451 0.232584 0.253076 0.216392 0.247511 0.207284 0.231319 0.21285 0.237897 0.23562
0 0.213103 0.206272 0.204501 0.205766 0.203995 0.214368 0.214115 0.216392
0 0.0198146 0.375779 0.0102008 0.374767 0.00767082 0.380839 0.0152607 0.382357
0 0.110893 0.414741 0.105833 0.410693 0.0992552 0.418788 0.105327 0.425872
0 0.0355003 0.440546 0.0481501 0.443076 0.0486561 0.451678 0.0400542 0.45016 0.0339824 0.449654
0 0.140746 0.12076 0.128603 0.124808 0.135687 0.140999 0.1453 0.140999
0 0.00261091 0.053463 0.0268985 0.0458731 0.0319584 0.055993 0.0385363 0.106592 0.0395483 0.117218 0.0193086 0.132904 0 0.138053
0 0.205007 0.0919183 0.196911 0.0995082 0.197923 0.10811 0.202983 0.10811
0 0.253076 0.24068 0.242957 0.24321 0.242451 0.252317 0.249534 0.252823
0 0.193875 0.237644 0.18072 0.239162 0.182238 0.254341 0.193875 0.260919
0 0.184768 0.260413 0.169082 0.275593 0.156938 0.282171 0.173636 0.291785 0.196405 0.294315 0.205007 0.275087 0.19084 0.261931
0 0.285966 0.349974 0.268762 0.35048 0.27534 0.365153 0.281918 0.362623
0 0.273316 0.511891 0.261172 0.515433 0.273316 0.527577 0.283436 0.524035
0 0.621438 0.97892 0.634088 0.979426 0.641171 0.992076 0.635997 0.998047 0.61486 0.9941
0 0.0709197 0.293809 0.0876174 0.289255 0.0997612 0.276099 0.0977372 0.271039 0.0719317 0.279641 0.0653538 0.280653
0 0.142264 0.333276 0.132651 0.333276 0.135181 0.346938 0.143782 0.343902
0 0.126073 0.452184 0.113929 0.449148 0.111905 0.465846 0.124555 0.465846
