0 0.437763 0.00488787 0.427137 0.0311994 0.461039 0.0357533 0.47723 0.0408132 0.482796 0.0200676 0.472676 0.00741783 0.463569 0.00185193
0 0.487856 0.00134594 0.485832 0.0205736 0.485326 0.0433432 0.508602 0.0504271 0.523276 0.0696547 0.536431 0.0645948 0.543515 0.0408132 0.538961 0.0114658 0.539973 0.00438188 0.539575 0
0 0.640159 0.192105 0.631052 0.203236 0.650785 0.211838 0.654833 0.199694
0 0.662929 0.216898 0.661411 0.201718 0.669001 0.178949 0.706444 0.172371 0.738322 0.166299 0.760079 0.167311 0.775765 0.190081 0.779307 0.20779 0.766151 0.23056 0.745912 0.234102 0.747936 0.213862 0.753501 0.196658 0.743382 0.192105 0.71454 0.200706 0.691771 0.20273 0.681145 0.216392
0 0.70189 0.22803 0.710998 0.279641 0.727696 0.293809 0.750972 0.31 0.770199 0.316578 0.782343 0.30494 0.769187 0.286219 0.753501 0.273569 0.73731 0.256871 0.725672 0.238656 0.720612 0.22297
0 0.709986 0.375273 0.70695 0.387923 0.7196 0.392983 0.729214 0.382863 0.715046 0.374767
0 0.797017 0.675326 0.786897 0.700625 0.781837 0.714287 0.790439 0.722383 0.803089 0.701131 0.807136 0.744647 0.81928 0.755272 0.836484 0.740599 0.835978 0.713275 0.829906 0.68747 0.81675 0.683422
0 0.936164 0.779054 0.907323 0.797776 0.909347 0.820545 0.933634 0.824087 0.94932 0.799294 0.946284 0.782596
0 0.9392 0.948055 0.97209 0.952103 0.979679 0.937429 0.998047 0.938422 0.998047 0.963235 0.998047 0.97639 0.989799 0.979932 0.940212 0.975884 0.92908 0.968295
0 0.70442 0.86912 0.730732 0.867602 0.745406 0.87671 0.733768 0.883288 0.707962 0.88683
0 0.735792 0.806884 0.73225 0.825099 0.725166 0.849893 0.743888 0.861531 0.746924 0.874686 0.770199 0.883794 0.798535 0.87165 0.806125 0.839773 0.768681 0.836737 0.770705 0.815991 0.752489 0.80233
0 0.814726 0.7998 0.790439 0.815991 0.798029 0.830665 0.826364 0.827629 0.836484 0.80486 0.821304 0.797776
0 0.847616 0.821557 0.841038 0.835219 0.84964 0.846351 0.86229 0.834207 0.863807 0.826111
0 0.782849 0.731997 0.778801 0.751224 0.802077 0.762356 0.804101 0.748695 0.800559 0.740599 0.794487 0.733009
0 0.743382 0.752236 0.738828 0.770452 0.757549 0.775512 0.759573 0.760838 0.748442 0.75426
0 0.753501 0.78209 0.756031 0.801318 0.770705 0.795246
0 0.303676 0.366165 0.29305 0.366165 0.289508 0.375273 0.296592 0.380333
0 0.448895 0.0484031 0.434221 0.0433432 0.425619 0.0564989 0.448895 0.0600409
0 0.27787 0.119242 0.260666 0.125314 0.272304 0.131386
0 0.558695 0.443076 0.545033 0.443076 0.545539 0.451678 0.551611 0.459268
0 0.665965 0.353516 0.652809 0.354528 0.657363 0.366671 0.667989 0.366165
0 0.709986 0.362117 0.69683 0.364647 0.696324 0.375273 0.706444 0.374767
0 0.720612 0.394501 0.705938 0.390453 0.710492 0.406645 0.716564 0.409175
0 0.735792 0.590825 0.748948 0.581718 0.762609 0.575646 0.769187 0.565526 0.751477 0.564514 0.738828 0.57008 0.72972 0.579694 0.726684 0.586777 0.726684 0.591837
0 0.952356 0.784114 0.965512 0.770452 0.963994 0.763368 0.953368 0.765898 0.947802 0.780572
0 0.978667 0.739587 0.9645 0.738069 0.968042 0.749707 0.976643 0.749201
0 0.989799 0.752236 0.998047 0.74124 0.998047 0.754766 0.998047 0.764886 0.990811 0.760838 0.984739 0.757802
0 0.8547 0.853941 0.834966 0.850905 0.837496 0.860519 0.851158 0.862037
0 0.901251 0.801824 0.884553 0.812449 0.891131 0.823075 0.900745 0.814473
0 0.907323 0.820039 0.900239 0.824087 0.902263 0.831677 0.909347 0.831171
0 0.777283 0.751224 0.768175 0.754766 0.763115 0.768428 0.776777 0.772476 0.780825 0.75679
0 0.751477 0.776524 0.731744 0.77703 0.738322 0.793222 0.751477 0.792716
0 0.633582 0.867096 0.621438 0.867602 0.629028 0.884806 0.639653 0.882782
0 0.682157 0.87418 0.697842 0.881264 0.69683 0.885312 0.689747 0.890372 0.679121 0.882782
0 0.615872 0.872156 0.606258 0.880758 0.615872 0.888348
