0 0.102038 0.281159 0.0858464 0.291279 0.0924243 0.304435 0.114182 0.308988 0.132904 0.304435 0.130374 0.287231 0.112664 0.284195
0 0.165287 0.32771 0.159215 0.345926 0.157697 0.362117 0.170347 0.361105 0.176925 0.354022 0.186033 0.362117 0.20273 0.367177 0.208296 0.347444 0.196152 0.333782 0.186539 0.322144
0 0.582983 0.646484 0.57008 0.639906 0.555659 0.65205 0.542503 0.671278 0.548069 0.680386 0.55996 0.672796 0.58273 0.658122
0 0.516951 0.640918 0.523023 0.656604 0.53972 0.650026 0.530612 0.642942
0 0.279641 0.68494 0.276605 0.705685 0.25763 0.723395 0.253076 0.740599 0.270786 0.735033 0.286472 0.731491 0.294062 0.718841 0.294315 0.703661 0.294821 0.692024 0.300387 0.678362
0 0.166805 0.738575 0.143529 0.744141 0.154155 0.758308 0.177937 0.760838 0.187551 0.761344 0.198682 0.773488 0.204248 0.761344 0.198176 0.743635 0.189069 0.737057
0 0.126326 0.758814 0.116206 0.770958 0.12076 0.782596 0.134422 0.77703 0.138975 0.769946
0 0 0.884806 0.0129837 0.886324 0.0266455 0.878734 0.0428372 0.881264 0.0504271 0.89695 0.050933 0.913142 0.0448612 0.928827 0.0433432 0.940465 0.0615589 0.954127 0.0737026 0.947043 0.0898943 0.941477 0.0914123 0.950585 0.104568 0.952103 0.114688 0.956151 0.116206 0.974366 0.11823 0.982968 0.121772 0.998047 0.103556 0.998047 0.0974842 0.986004 0.0858464 0.990052 0.0757266 0.98145 0.0595349 0.967789 0.050933 0.969307 0.0403072 0.967789 0.0231035 0.952103 0.0175376 0.937429 0.0236095 0.926803 0.0261395 0.920225 0.00994778 0.910106 0.00286391 0.90707 0.000333954 0.906058
0 0.194634 0.813967 0.180467 0.822569 0.181479 0.832183 0.182744 0.843315 0.192611 0.846351 0.203995 0.838761 0.215127 0.835725 0.223729 0.850905 0.240427 0.846857 0.224741 0.816497 0.206525 0.811943
0 0.211332 0.860013 0.21791 0.883794 0.221452 0.89948 0.234608 0.901504 0.239668 0.91466 0.251811 0.923767 0.263955 0.91719 0.285207 0.905046 0.301905 0.883794 0.309494 0.865072 0.318096 0.856471 0.34036 0.847363 0.35807 0.840279 0.372743 0.840785 0.376285 0.834713 0.366165 0.809919 0.339854 0.809413 0.324168 0.819027 0.300893 0.834713 0.278629 0.850399 0.260919 0.856977 0.258895 0.862037 0.250293 0.871144 0.237138 0.882276 0.23815 0.857989 0.226512 0.853941 0.214368 0.850399
0 0.415247 0.870638 0.400573 0.883288 0.373249 0.893914 0.352504 0.904034 0.332264 0.922755 0.311012 0.929333 0.300387 0.937429 0.290267 0.951597 0.278123 0.959693 0.261425 0.962729 0.258389 0.949573 0.283183 0.917696 0.295833 0.913142 0.314554 0.903528 0.333276 0.896444 0.346432 0.887842 0.386911 0.862037 0.405633 0.853435
0 0.479001 0.806378 0.471918 0.819533 0.488615 0.824087 0.491651 0.817003 0.491651 0.804354
0 0.562996 0.738069 0.569574 0.736045 0.579188 0.747683 0.574128 0.755272 0.545286 0.755272 0.536684 0.749707 0.542756 0.741611 0.55237 0.738069
0 0.724407 0.698601 0.704673 0.725419 0.704673 0.744647 0.705179 0.753248 0.720865 0.753248 0.723901 0.735539 0.728961 0.724407 0.741611 0.716311 0.741611 0.69506
0 0.739081 0.772982 0.731744 0.755778 0.71201 0.762862 0.706444 0.776018 0.708721 0.806884 0.716817 0.818015 0.733515 0.815485 0.755778 0.79474 0.744647 0.777536
0 0.683928 0.806884 0.67988 0.820545 0.693036 0.828135 0.702143 0.815991 0.693542 0.807389
0 0.351998 0.617137 0.371225 0.614607 0.382357 0.621691 0.378815 0.638895 0.361611 0.640412 0.350986 0.632823
0 0.169082 0.948055 0.18072 0.967789 0.190334 0.98145 0.215127 0.995112 0.235367 0.997136 0.2551 0.984486 0.264208 0.963741 0.259148 0.949067 0.261172 0.938947 0.253582 0.926297 0.235873 0.914154 0.218669 0.908082 0.201465 0.918202 0.172624 0.935911
0 0.41297 0.937935 0.399308 0.937429 0.40285 0.949067 0.411958 0.955645 0.418029 0.946031
0 0.453449 0.846857 0.443835 0.854447 0.449907 0.865072 0.457497 0.861531
0 0.162504 0.781584 0.152384 0.793222 0.160986 0.797776
0 0.61233 0.666724 0.608282 0.678868 0.615872 0.682916 0.625486 0.676844 0.620932 0.670266
0 0.606764 0.68494 0.598162 0.69 0.600186 0.698095 0.612836 0.698601
0 0.695818 0.725419 0.678109 0.727949 0.676591 0.735539 0.692277 0.738069
0 0.145806 0.357564 0.135181 0.364647 0.141252 0.374767 0.147324 0.369201
0 0.198429 0.371731 0.189828 0.374767 0.166046 0.385899 0.178696 0.397537 0.192358 0.390453 0.203489 0.381345 0.207031 0.374767
0 0.209561 0.43751 0.206019 0.449654 0.211585 0.46534 0.222717 0.469388 0.233343 0.463822 0.230813 0.45016 0.215633 0.438016
0 0.17819 0.428908 0.189322 0.425366 0.198935 0.42992 0.205007 0.425366 0.195393 0.415753 0.186286 0.411705 0.17819 0.418282 0.17566 0.42233
0 0.139734 0.435486 0.130121 0.43751 0.128603 0.445606 0.139228 0.450666
0 0.199947 0.484567 0.178696 0.490639 0.175154 0.498229 0.180214 0.500759 0.189828 0.516951 0.199947 0.509361 0.203995 0.501771 0.230813 0.488615 0.232331 0.476977 0.216139 0.475459
