2 0.307617 0.93457 0.30957 0.936523 0.316831 0.946537 0.311771 0.961211 0.295074 0.950585 0.299805 0.938477
2 0.237305 0.991211 0.24707 1.00098 0.254883 1.00098 0.243164 0.987305
2 0.569336 0.674805 0.573242 0.68457 0.571289 0.692383 0.567383 0.688477 0.563477 0.676758
2 0.329481 0.951597 0.321385 0.948561 0.314807 0.952103 0.320879 0.964247 0.331505 0.970825 0.338589 0.967283
2 0.658375 0.596897 0.649267 0.600439 0.642689 0.614607 0.645725 0.620679 0.650279 0.625739 0.655845 0.618149 0.664953 0.607523 0.667483 0.599427
2 0.207031 0.908082 0.196911 0.913142 0.197923 0.924779 0.206525 0.926803 0.210067 0.915672
2 0.192864 0.920731 0.181732 0.920731 0.188816 0.939453 0.195393 0.935911
2 0.256618 0.963741 0.244981 0.964247 0.242957 0.971331 0.2551 0.980438 0.262184 0.979426
2 0.292544 0.963235 0.283436 0.965259 0.280906 0.974366 0.289508 0.977402 0.297604 0.968295
2 0.567803 0.709733 0.561731 0.711757 0.559707 0.718335 0.570839 0.721371 0.573369 0.716311
2 0.617896 0.702649 0.608282 0.704673 0.610306 0.713781 0.619414 0.714287
2 0.532889 0.683928 0.519228 0.687976 0.521252 0.698601 0.535925 0.694554
2 0.577923 0.588295 0.565273 0.592343 0.564261 0.599427 0.572863 0.603475 0.579441 0.599933
2 0.530359 0.522517 0.518722 0.531118 0.523276 0.541238 0.531371 0.535166
2 0.586524 0.516445 0.578935 0.521505 0.580959 0.534154 0.588042 0.531624 0.593102 0.518469 0.591078 0.513915
2 0.573369 0.520493 0.564261 0.520999 0.563755 0.525047 0.571851 0.527577
2 0.954886 0.380333 0.952862 0.376285 0.94173 0.376791 0.942742 0.386405 0.952356 0.386911
