2 0.127821 0.218424 0.11046 0.21951 0.1148 0.240126 0.127821 0.244466 0.134332 0.231445
2 0.143012 0.134874 0.132161 0.138129 0.129991 0.15332 0.141927 0.156576 0.152778 0.14898
2 0.245009 0.427843 0.237413 0.436523 0.236328 0.451714 0.250434 0.451714 0.256944 0.440864
2 0.11046 0.61773 0.0985243 0.626411 0.0996094 0.635091 0.113715 0.638346 0.120226 0.626411
2 0.426215 0.795681 0.41428 0.795681 0.411024 0.805447 0.42079 0.816298 0.430556 0.805447
2 0.440321 0.953016 0.426215 0.946506 0.417535 0.953016 0.42513 0.964952 0.435981 0.961697
2 0.249349 0.885742 0.237413 0.892253 0.243924 0.905273 0.25803 0.904188 0.2602 0.891168
2 0.707248 0.387695 0.697483 0.3801 0.686632 0.387695 0.692057 0.399631 0.703993 0.398546
2 0.958984 0.789171 0.943793 0.783746 0.936198 0.794596 0.949219 0.806532
2 0.856988 0.76747 0.872179 0.783746 0.884115 0.77615 0.874349 0.760959
2 0.894965 0.448459 0.88737 0.462565 0.872179 0.453885 0.880859 0.441949
2 0.0062934 0.193468 0 0.196615 0.000868056 0.208659 0.0171441 0.210829 0.0171441 0.197808
2 0.747396 0.976888 0.730035 0.981228 0.736545 0.993164 0.752821 0.998047 0.762587 0.986654
2 0.449002 0.054579 0.445747 0.0675998 0.456597 0.0795356 0.467448 0.0741102 0.464193 0.0578342
2 0.663845 0.086046 0.66276 0.102322 0.673611 0.107747 0.682292 0.0968967 0.679036 0.0838759
2 0.876519 0.45931 0.867839 0.46582 0.875434 0.477756 0.890625 0.475586 0.88954 0.46365
2 0.961155 0.0567491 0.958984 0.0730252 0.978516 0.0730252 0.979601 0.0589193
2 0.0345052 0.198893 0.03125 0.215169 0.047526 0.21951 0.0529514 0.203234
