2 0.37793 0.0908203 0.37793 0.102539 0.381836 0.102539 0.383789 0.0927734 0.383789 0.0888672
2 0.209961 0.0556641 0.209961 0.0732422 0.200195 0.0732422 0.198242 0.0556641 0.208008 0.0517578
2 0.0947266 0.28418 0.0947266 0.291992 0.0869141 0.290039 0.0869141 0.28418
2 0.390706 0.234102 0.378562 0.241186 0.384634 0.250799 0.39779 0.249787
2 0.488362 0.051945 0.473688 0.0595349 0.485326 0.0681367 0.49747 0.0671248
2 0.782343 0.156685 0.771717 0.165287 0.776271 0.176419 0.785379 0.167817
2 0.914913 0.332264 0.902263 0.339854 0.910359 0.355034 0.917949 0.357058 0.917443 0.338336
2 0.991823 0.146565 0.998047 0.141527 0.998047 0.160227 0.992835 0.153649
2 0.899227 0.134422 0.883035 0.139987 0.890119 0.150613 0.901251 0.145047
2 0.901251 0.0848344 0.896697 0.0959662 0.904793 0.10052 0.908841 0.0919183
2 0.96956 0.0165257 0.962476 0.0337294 0.969054 0.0392953 0.973102 0.0342353
2 0.310759 0.368189 0.297604 0.371731 0.306205 0.383875 0.311771 0.383369
2 0.0792772 0.213102 0.0697183 0.221111 0.0785022 0.227312 0.0883195 0.221886 0.0862527 0.216203
2 0.828776 0.854004 0.813585 0.864855 0.821723 0.870822
2 0.964282 0.380234 0.964754 0.388972 0.97302 0.389208 0.972311 0.379053
2 0.553582 0.0982467 0.553582 0.107457 0.563029 0.107693 0.563029 0.0982467
2 0.580978 0.0788807 0.581214 0.089036 0.589952 0.089036 0.589716 0.0781722
2 0.373828 0.295508 0.373633 0.303711 0.383594 0.303516 0.383789 0.294336
2 0.33418 0.29668 0.333789 0.305664 0.342773 0.306055 0.343359 0.29707
2 0.317188 0.477734 0.316797 0.489453 0.32793 0.490039 0.328125 0.47793
2 0.556836 0.496875 0.557227 0.505078 0.56543 0.504883 0.564453 0.49668
2 0.468359 0.460352 0.468359 0.471875 0.485352 0.470898 0.485156 0.459375
2 0.775195 0.942578 0.775781 0.951953 0.783789 0.951172 0.783008 0.941992
2 0.0316406 0.602148 0.0318359 0.609961 0.0394531 0.610352 0.0392578 0.602148
2 0.00292969 0.313477 0.00273437 0.322852 0.0101563 0.322656 0.0105469 0.315039
2 0.599023 0.240625 0.599023 0.250391 0.606641 0.250781 0.60625 0.24082
2 0.750586 0.253516 0.750781 0.260352 0.755664 0.260352 0.755664 0.25293
2 0.861523 0.00410156 0.861523 0.000195313 0.85625 0 0.856055 0.00507813
