2 0.0891354 0.552876 0.104315 0.550346 0.104315 0.571598 0.0947013 0.570586
2 0.121519 0.537696 0.137205 0.537696 0.132651 0.551864 0.117471 0.546298
2 0.0329704 0.596897 0.0607999 0.604993 0.054728 0.618655 0.0365123 0.611571
2 0.0086828 0.644966 0.0390423 0.637883 0.0385363 0.654074 0.0117187 0.659134
2 0.00969479 0.67229 0.0284165 0.670266 0.0253805 0.687976 0.0137427 0.687976
2 0.0177906 0.705685 0.0380303 0.710239 0.0385363 0.722889 0.0223446 0.723395 0.0147547 0.716817
2 0.104821 0.719347 0.0871114 0.726431 0.0947013 0.739587 0.110387 0.733515
2 0.112917 0.691012 0.133157 0.691012 0.131133 0.703155 0.117471 0.705685
2 0.208549 0.683422 0.233343 0.666218 0.244981 0.663182 0.248017 0.67988 0.233343 0.694554 0.220187 0.697589
2 0.269774 0.602463 0.261172 0.617643 0.27787 0.621691 0.284954 0.609041
2 0.304182 0.598921 0.286978 0.602463 0.29052 0.621691 0.311771 0.613089 0.308229 0.603981
2 0.261172 0.629787 0.290014 0.629281 0.291532 0.642942 0.279388 0.660146 0.26522 0.67229 0.253076 0.662676 0.254594 0.632317
2 0.28799 0.660652 0.271798 0.670772 0.27281 0.685446 0.29305 0.680892
2 0.274834 0.713275 0.252064 0.701131 0.236379 0.705685 0.250546 0.720865 0.269774 0.730985 0.283436 0.725925
2 0.418535 0.574128 0.40285 0.57514 0.40285 0.589813 0.41297 0.594367
2 0.234355 0.768934 0.219681 0.76944 0.217151 0.778042 0.234861 0.784114
2 0.0992552 0.870132 0.0764856 0.8843 0.0947013 0.903528 0.109375 0.899986
2 0.0167787 0.955645 0 0.967889 0.00969479 0.981956
2 0.209055 0.853435 0.19084 0.859507 0.210067 0.870132 0.213103 0.865578
2 0.473182 0.802836 0.451931 0.812449 0.462051 0.824087 0.478748 0.817003
2 0.390706 0.821557 0.355793 0.820545 0.376032 0.839267 0.394248 0.827629
2 0.228283 0.913142 0.210573 0.911118 0.211585 0.931357 0.226259 0.935405
2 0.325939 0.847869 0.311265 0.850399 0.314807 0.860013 0.326445 0.86406
2 0.224741 0.872156 0.199947 0.875698 0.218669 0.89189
2 0.73731 0.781078 0.726684 0.783102 0.72213 0.78968 0.730226 0.7998 0.73731 0.793222
2 0.506578 0.988534 0.525806 0.968801 0.540985 0.984486 0.527324 0.997136 0.514168 0.997642
2 0.787388 0.669581 0.797309 0.66214 0.803509 0.670821 0.789249 0.679501
2 0.667721 0.97092 0.675781 0.9641 0.684462 0.978361 0.671441 0.982701
