2 0.147461 0.52832 0.15332 0.530273 0.15332 0.541992 0.149414 0.541992 0.147461 0.536133 0.145508 0.53418 0.145508 0.530273
2 0.120117 0.545898 0.143555 0.543945 0.139648 0.541992 0.141602 0.538086 0.139648 0.536133 0.135742 0.538086 0.12793 0.536133 0.114258 0.536133
2 0.743164 0.0283203 0.745117 0.0322266 0.749023 0.0322266 0.745117 0.0283203
2 0.897461 0.0478516 0.90332 0.0537109 0.899414 0.0595703 0.895508 0.0595703 0.895508 0.0556641 0.893555 0.0498047
2 0.870117 0.387695 0.87207 0.387695 0.874023 0.391602 0.87793 0.393555 0.881836 0.395508 0.883789 0.399414 0.885742 0.399414 0.889648 0.395508 0.891602 0.395508 0.891602 0.391602 0.883789 0.387695 0.874023 0.381836 0.87207 0.381836
2 0.737305 0.72168 0.756836 0.727539 0.758789 0.723633 0.739258 0.71582
2 0.788086 0.774414 0.80957 0.788086 0.813477 0.78418 0.811523 0.77832 0.797852 0.774414 0.791992 0.770508
2 0.797852 0.793945 0.803711 0.795898 0.807617 0.797852 0.807617 0.801758 0.807617 0.805664 0.803711 0.805664 0.801758 0.799805 0.797852 0.799805
2 0.350586 0.493164 0.344727 0.500977 0.342773 0.508789 0.34668 0.510742 0.348633 0.500977 0.352539 0.504883 0.354492 0.50293 0.354492 0.499023
2 0.430664 0.47168 0.438477 0.479492 0.44043 0.485352 0.444336 0.483398 0.44043 0.473633 0.438477 0.473633 0.432617 0.469727
2 0.485352 0.536133 0.49707 0.543945 0.487305 0.555664 0.485352 0.553711 0.485352 0.547852 0.485352 0.541992
2 0.579102 0.588867 0.557617 0.579102 0.55957 0.575195 0.569336 0.581055 0.573242 0.579102 0.579102 0.581055 0.579102 0.586914
2 0.620117 0.633789 0.624023 0.637695 0.629883 0.637695 0.629883 0.649414 0.625977 0.649414 0.62207 0.643555 0.614258 0.643555 0.612305 0.637695 0.616211 0.633789
2 0.0302734 0.743164 0.0380859 0.74707 0.0380859 0.749023 0.0380859 0.750977 0.0322266 0.750977 0.0283203 0.745117
2 0.135742 0.526367 0.137695 0.524414 0.137695 0.522461 0.133789 0.520508 0.12793 0.518555 0.12793 0.524414 0.129883 0.524414
2 0.354492 0.401367 0.34082 0.40918 0.34082 0.401367 0.350586 0.395508
2 0.790039 0.942383 0.793945 0.950195 0.793945 0.952148 0.790039 0.952148 0.788086 0.946289
