2 0.518975 0.109628 0.506831 0.109628 0.511891 0.141505 0.523529 0.148083 0.525553 0.137457
2 0.11317 0.0701607 0.0853404 0.0742086 0.0873644 0.0823045 0.112158 0.0772446
2 0.263449 0.0200676 0.255859 0.0241155 0.256871 0.0311994 0.265979 0.0306934
2 0.364141 0.112664 0.35554 0.1157 0.351492 0.128856 0.360094 0.129362
2 0.343396 0.119242 0.331758 0.11823 0.331252 0.129362 0.341372 0.13088
2 0.259401 0.221452 0.247764 0.22297 0.248776 0.231572 0.258389 0.232078
2 0.302917 0.258895 0.280147 0.264967 0.283689 0.273063 0.300387 0.269015
2 0.299881 0.276099 0.288749 0.277111 0.290773 0.285713 0.297351 0.285713
2 0.750719 0.212344 0.743635 0.212344 0.727949 0.229042 0.736045 0.231572 0.745153 0.223982
2 0.716817 0.258895 0.707203 0.259401 0.710239 0.269521 0.718335 0.273063
2 0.767416 0.271545 0.755778 0.276099 0.75679 0.285713 0.764886 0.287737
2 0.728455 0.338842 0.720865 0.342384 0.720359 0.350986 0.725925 0.353516
2 0.0458731 0.341372 0.0332234 0.34289 0.0392953 0.353516 0.0478971 0.351998
2 0.112158 0.24321 0.101532 0.24574 0.101532 0.255859 0.11317 0.250799
2 0.172371 0.794234 0.160733 0.798788 0.161745 0.807895 0.171359 0.807895
2 0.842303 0.707709 0.830665 0.707709 0.830159 0.717829 0.839773 0.720359
2 0.89442 0.592849 0.885818 0.591331 0.885818 0.602969 0.892396 0.602969
