2 0.273822 0.0600409 0.259148 0.0893884 0.274834 0.0959662 0.29558 0.0666188
2 0.291026 0.0392953 0.281412 0.052451 0.293556 0.0585229 0.29811 0.0484031
2 0.776777 0.00741783 0.767163 0.0180436 0.783355 0.0286694 0.797017 0.0205736
2 0.829906 0.0817985 0.822822 0.0990022 0.83952 0.10305 0.84205 0.0888824
2 0.954886 0.321132 0.94426 0.331758 0.958428 0.343902 0.965512 0.328216
2 0.945778 0.473941 0.93414 0.493169 0.945778 0.500253 0.957416 0.484567
2 0.798029 0.940465 0.781331 0.956151 0.798535 0.961717 0.808654 0.949067
2 0.610306 0.854447 0.606258 0.877722 0.625486 0.87671 0.618402 0.859507
2 0.581465 0.797776 0.574381 0.808401 0.586018 0.820039 0.592596 0.807895
2 0.28293 0.939959 0.2804 0.955645 0.29052 0.958681 0.296592 0.949067
2 0.249534 0.631305 0.239415 0.659134 0.257124 0.655592 0.262184 0.64446
2 0.794487 0.767922 0.785885 0.77956 0.792463 0.78968 0.808654 0.784114
2 0.799041 0.793728 0.782849 0.798282 0.788921 0.811437 0.799041 0.807389
2 0.705432 0.906564 0.698348 0.925791 0.706444 0.935405 0.71707 0.920731
2 0.86229 0.104568 0.856724 0.116712 0.863301 0.130374 0.869879 0.122784 0.867855 0.105074
2 0.366924 0.0833165 0.359335 0.0929303 0.37249 0.0969782 0.379068 0.0914123
2 0.937682 0.788668 0.933128 0.801824 0.942742 0.806378 0.950332 0.79474
