2 0.234961 0.09375 0.235156 0.105078 0.248438 0.102734 0.246094 0.0943359
2 0.271484 0.0740234 0.271289 0.0816406 0.280859 0.0816406 0.278516 0.0726563
2 0.340625 0.0556641 0.340625 0.0630859 0.349414 0.0630859 0.349414 0.0560547
2 0.36543 0.0509766 0.357617 0.0615234 0.363477 0.0662109 0.372266 0.0550781
2 0.367383 0.0419922 0.366992 0.0496094 0.375977 0.0498047 0.374609 0.0419922
2 0.353516 0.133984 0.35332 0.141016 0.361719 0.14082 0.360352 0.133398
2 0.32207 0.157812 0.322266 0.16543 0.33125 0.163867 0.329102 0.158203
2 0.305664 0.165039 0.304688 0.171484 0.3125 0.171289 0.312891 0.165625
2 0.342187 0.161914 0.339258 0.166406 0.339453 0.173437 0.350391 0.172852 0.35 0.163672
2 0.405078 0.160742 0.404687 0.170117 0.415234 0.170508 0.414453 0.160742
2 0.402734 0.283594 0.398828 0.286523 0.398438 0.294922 0.407617 0.294531 0.406445 0.28457
2 0.265039 0.407227 0.264844 0.414648 0.27168 0.415625 0.272461 0.407031
2 0.0154297 0.548633 0.0150391 0.556836 0.0222656 0.557031 0.0220703 0.548242
2 0.0316406 0.535156 0.0308594 0.543555 0.0384766 0.544141 0.0388672 0.535742
2 0.0566406 0.528906 0.0548828 0.537305 0.0632812 0.537695 0.0628906 0.528906
2 0.0777344 0.536914 0.0751953 0.546875 0.0849609 0.54707 0.0830078 0.537695
2 0.127344 0.585547 0.128516 0.594727 0.136914 0.594141 0.135352 0.584961
2 0.0613281 0.669531 0.0607422 0.676172 0.06875 0.675977 0.0689453 0.669141
2 0.0693359 0.682617 0.0697266 0.692383 0.0775391 0.691406 0.0771484 0.682617
2 0.0322266 0.642188 0.0326172 0.650781 0.0408203 0.650977 0.0390625 0.641211
2 0.0628906 0.847461 0.0630859 0.857422 0.06875 0.858789 0.0728516 0.851562 0.06875 0.84668
2 0.0708984 0.838672 0.0705078 0.845898 0.0841797 0.850977 0.0865234 0.842383 0.0789062 0.84082
2 0.170898 0.979102 0.165625 0.983789 0.166406 0.992383 0.175586 0.99082 0.174219 0.980859
2 0.142187 0.944922 0.141992 0.95332 0.151172 0.953516 0.150391 0.944531
2 0.185156 0.869141 0.185547 0.878516 0.194922 0.878711 0.192773 0.870313
2 0.175 0.872461 0.174805 0.880664 0.183008 0.880273 0.181836 0.872266
2 0.153711 0.994336 0.15354 0.999805 0.161914 0.999805 0.161914 0.99375
2 0.0273438 0.817578 0.0271484 0.827148 0.0353516 0.826758 0.034375 0.819336
2 0.194336 0.755859 0.193945 0.764844 0.203516 0.764648 0.20293 0.755469
2 0.190234 0.780664 0.189258 0.789844 0.200781 0.789844 0.200586 0.780078
2 0.235547 0.801367 0.235352 0.809375 0.245117 0.808984 0.244336 0.8
2 0.325391 0.823633 0.322656 0.833398 0.332227 0.834375 0.331055 0.826758
2 0.32168 0.836328 0.318359 0.845117 0.327734 0.845703 0.329297 0.8375
2 0.391602 0.881445 0.390234 0.89043 0.399609 0.890234 0.397852 0.881445
2 0.391797 0.892383 0.389844 0.901367 0.401367 0.901367 0.399219 0.892383
2 0.430664 0.878711 0.429492 0.889258 0.439258 0.889062 0.437695 0.879492
2 0.522656 0.854492 0.522852 0.863086 0.531055 0.863281 0.529687 0.854688
2 0.547656 0.880273 0.54707 0.888477 0.555273 0.888672 0.554102 0.881445
2 0.544727 0.904297 0.544727 0.911719 0.552344 0.9125 0.550781 0.904687
2 0.549414 0.919922 0.548438 0.927344 0.555859 0.927539 0.555664 0.920117
2 0.49082 0.868164 0.48457 0.873242 0.489453 0.87793 0.495898 0.873828
2 0.449219 0.977344 0.449609 0.98418 0.456836 0.98457 0.457227 0.977539
2 0.463672 0.965234 0.462891 0.973437 0.47207 0.972852 0.471289 0.964453
2 0.351758 0.875977 0.351758 0.883594 0.359766 0.883594 0.358203 0.875
2 0.466211 0.811523 0.466211 0.819922 0.474609 0.820508 0.473633 0.811328
2 0.484766 0.79043 0.48457 0.802148 0.494727 0.802344 0.493164 0.792188
2 0.543359 0.532813 0.542773 0.542383 0.553516 0.54375 0.551367 0.533789
2 0.229687 0.585547 0.232031 0.596094 0.243359 0.592187 0.239844 0.583594
2 0.221094 0.648047 0.220312 0.656836 0.228711 0.656055 0.228516 0.64668
2 0.623828 0.96543 0.618945 0.971289 0.623633 0.975977 0.630664 0.971094 0.62793 0.964844
2 0.541016 0.807422 0.540625 0.814844 0.547656 0.814648 0.547852 0.807422
2 0.480469 0.372656 0.480078 0.386133 0.489063 0.385937 0.488086 0.372852
2 0.334766 0.51543 0.333984 0.525977 0.339648 0.526758 0.339844 0.514062
2 0.419336 0.761523 0.419727 0.768359 0.428906 0.767383 0.426953 0.759961
