2 0.00261091 0.215886 0.0188026 0.218922 0.0117187 0.23562 0.0036229 0.23309 0.00210492 0.223982
2 0.174648 0.674314 0.164022 0.67735 0.164022 0.695565 0.174648 0.699613
2 0.151878 0.770452 0.14024 0.770452 0.138216 0.780572 0.14783 0.785126
2 0.545033 0.64446 0.529853 0.640412 0.512144 0.657616 0.510626 0.66723 0.525806 0.677856 0.546551 0.678362 0.554647 0.65964
2 0.559707 0.407151 0.544021 0.407657 0.544527 0.420812 0.556671 0.423342
2 0.681145 0.377297 0.691265 0.377803 0.690759 0.399055 0.682663 0.396019
2 0.601198 0.412211 0.615872 0.411199 0.611318 0.423848 0.599174 0.423342
2 0.655339 0.44763 0.664447 0.446618 0.664447 0.458762 0.653821 0.458762 0.649267 0.458762
2 0.966018 0.519481 0.984233 0.518975 0.985245 0.535166 0.970572 0.535672
2 0.793981 0.472929 0.805619 0.472929 0.804101 0.484567 0.792969 0.484061
2 0.306711 0.457244 0.317843 0.455726 0.317843 0.465846 0.304688 0.468882
2 0.318855 0.377803 0.336059 0.385899 0.324421 0.399561 0.317843 0.389947
2 0.0835695 0.294315 0.100773 0.298869 0.0952073 0.309494 0.0866054 0.30494
2 0.0754736 0.228536 0.0901473 0.226006 0.0876174 0.240174 0.0795215 0.239668
2 0.236885 0.189069 0.247511 0.179961 0.253076 0.195646 0.241439 0.201212
2 0.254594 0.482543 0.270786 0.481025 0.275846 0.507337 0.261172 0.513409
2 0.684766 0.153711 0.68457 0.1625 0.695508 0.165234 0.695898 0.156445
2 0.919531 0.0550781 0.919336 0.065625 0.932227 0.0638672 0.929492 0.0542969
2 0.934375 0.0480469 0.933398 0.0583984 0.948242 0.0576172 0.94668 0.0488281
2 0.961914 0.00566406 0.962109 0.000390625 0.955469 0 0.954687 0.00546875
2 0.802148 0.99082 0.798438 0.994922 0.79901 0.999219 0.808984 0.999219
2 0.429718 0.92267 0.429718 0.931578 0.442536 0.93136 0.441667 0.923322
2 0.450357 0.966121 0.450357 0.973073 0.462523 0.973073 0.462523 0.966773
2 0.188999 0.0529973 0.189216 0.0632083 0.199427 0.0623392 0.198124 0.0525627
2 0.463672 0.185938 0.461523 0.19668 0.47168 0.197461 0.470898 0.186523
2 0.0796875 0.513672 0.0755859 0.525977 0.0832031 0.526367 0.0847656 0.513867
2 0.0265625 0.378711 0.0224609 0.379102 0.0220703 0.385547 0.0289063 0.386328
2 0.255798 0.11382 0.255798 0.121474 0.266662 0.121474 0.265674 0.11456
2 0.348145 0.0481392 0.348145 0.0632012 0.356047 0.0624605 0.354812 0.0481392
