0 0.576911 0.00235792 0.558189 0.0134897 0.529347 0.0306934 0.512144 0.0347413 0.48735 0.0286694 0.475712 0.0448612 0.468123 0.0575109 0.444847 0.0640888 0.436751 0.0696547 0.433209 0.0853404 0.436245 0.0974842 0.431691 0.108616 0.418535 0.139481 0.418535 0.154661 0.429667 0.165287 0.452943 0.169335 0.455979 0.169841 0.484314 0.163263 0.488868 0.141505 0.48229 0.111146 0.495952 0.104062 0.514674 0.0969782 0.537949 0.0853404 0.557683 0.055993 0.566285 0.0357533 0.594114 0.0332234 0.608788 0.0241155 0.641171 0.0119717 0.645219 0.00286391
0 0.0729672 0.00868477 0.0619691 0.0189245 0.0714502 0.0265094 0.0813107 0.0208207 0.0775182 0.0109603
0 0.292172 0.0318189 0.283829 0.0416793 0.299757 0.0496435 0.301654 0.0390246
0 0.304688 0.0485058 0.290276 0.0541945 0.297861 0.0739154 0.327822 0.0636757 0.321374 0.0557115
0 0.356265 0.0344736 0.33882 0.0469888 0.352852 0.0591247 0.383192 0.045851 0.377503 0.0356113
0 0.382433 0.0242339 0.386605 0.0359906 0.396845 0.0363698 0.396086 0.0265094
0 0.398362 0.0204414 0.409739 0.0132357 0.416186 0.0219584 0.407084 0.0280264 0.39912 0.0261302
0 0.423013 0.00830552 0.413152 0.0113395 0.420737 0.0268887 0.430977 0.0261302
0 0.311135 0.102738 0.304308 0.107668 0.309618 0.118287 0.316065 0.113357
0 0.287621 0.0648134 0.277761 0.0708814 0.284587 0.0792248 0.290276 0.0765701
0 0.297482 0.0727776 0.290655 0.0761908 0.291793 0.0879475 0.302033 0.0883268
0 0.225425 0.045851 0.220874 0.050402 0.225804 0.0595039 0.234906 0.0553322
0 0.270555 0.10691 0.266763 0.112219 0.270176 0.121701 0.278519 0.116012
0 0.223436 0.0294157 0.212327 0.028124 0.199927 0.0371662 0.213619 0.0472419 0.221628 0.0405248
0 0.180292 0.0252821 0.165824 0.0314825 0.1697 0.0397497 0.184684 0.033291
0 0.195535 0.0276073 0.187526 0.0317409 0.191659 0.0400081 0.198635 0.0356161 0.196051 0.0309658
0 0.112863 0.0242487 0.105887 0.0317409 0.115963 0.0387163 0.126039 0.0327743
0 0.110796 0.0441417 0.103562 0.0485336 0.110021 0.0573175 0.11493 0.0537006
0 0.100204 0.0552507 0.0945199 0.0601594 0.101495 0.0666181 0.105629 0.0619678
0 0.107954 0.0699766 0.0991702 0.0697183 0.107696 0.0818607 0.111054 0.076177
0 0.128105 0.0405248 0.119063 0.0451751 0.138439 0.0715267 0.14619 0.0671348 0.152132 0.0573175 0.160657 0.060676 0.172025 0.0480169 0.159107 0.0371662 0.148257 0.0412998 0.139731 0.0477586
0 0.147998 0.0725601 0.131464 0.0733352 0.138439 0.0849609 0.14619 0.086511 0.15394 0.0821191
0 0.260639 0.0438833 0.25573 0.048792 0.261672 0.0562841 0.272265 0.0459501 0.267614 0.0423332
0 0.195018 0.0684265 0.185976 0.0787605 0.19631 0.0849609 0.201218 0.0746269
0 0.187267 0.0823774 0.172542 0.0841859 0.172025 0.091678 0.177192 0.0973617 0.192176 0.0914197
0 0.24953 0.14154 0.239713 0.147482 0.24953 0.159366 0.253405 0.149548 0.253405 0.144381
0 0.289057 0.152132 0.27149 0.155749 0.279757 0.175125 0.261672 0.17125 0.24798 0.177709 0.250822 0.188043 0.265031 0.190109 0.232737 0.189076 0.234287 0.208711 0.246946 0.220078 0.240229 0.22912 0.242296 0.240229 0.245913 0.253405 0.234546 0.258055 0.230154 0.265547 0.238679 0.274848 0.247463 0.267356 0.254697 0.257539 0.259605 0.247463 0.268389 0.239971 0.269681 0.227312 0.262964 0.215169 0.266581 0.202252 0.272523 0.198118 0.273815 0.215686 0.272781 0.238421 0.268906 0.24798 0.268906 0.260897 0.268389 0.269681 0.259089 0.274073 0.24798 0.274073 0.242554 0.275365 0.237129 0.281565 0.244104 0.289316 0.237646 0.293966 0.234546 0.30585 0.246946 0.32316 0.262189 0.321609 0.278723 0.298358 0.289574 0.278982 0.290607 0.260897 0.290091 0.244363 0.290607 0.220336 0.296549 0.208194 0.304042 0.192951 0.296549 0.187526 0.299133 0.174092 0.290349 0.167375 0.294999 0.159624 0.295258 0.15239
0 0.255989 0.262189 0.249013 0.265031 0.250822 0.273298 0.257539 0.270714
0 0.168408 0.128105 0.157557 0.135856 0.166599 0.145156 0.170733 0.138956
0 0.0828941 0.106921 0.0766937 0.117513 0.0823774 0.124488 0.0940032 0.126814 0.0940032 0.113896
0 0.0906446 0.0945199 0.0810857 0.101495 0.104854 0.124747 0.113638 0.122163 0.112604 0.116738
0 0.123713 0.109246 0.11648 0.115446 0.122163 0.125264 0.126814 0.119321
0 0.148257 0.112088 0.146448 0.122163 0.154715 0.125005 0.153424 0.115705
0 0.164016 0.105629 0.159107 0.107179 0.159624 0.11493 0.167375 0.115188
0 0.142573 0.122163 0.137406 0.12578 0.140506 0.131464 0.14929 0.135856 0.153165 0.128364 0.146707 0.122163
0 0.0764354 0.126814 0.0697183 0.132756 0.0769521 0.143865 0.0810857 0.138439
0 0.0746269 0.141281 0.0676515 0.145673 0.0738519 0.163758 0.0847026 0.167891 0.0878028 0.1728 0.086511 0.179517 0.0921947 0.189076 0.108729 0.190368 0.119838 0.183909 0.12733 0.192434 0.131981 0.187009 0.130431 0.177967 0.127847 0.170475 0.123713 0.163758 0.111829 0.162466 0.101754 0.167116 0.0932281 0.157816 0.0852193 0.151615 0.0810857 0.147482
0 0.154715 0.145415 0.15084 0.150065 0.154457 0.155749 0.158849 0.15394 0.158591 0.148257
0 0.14929 0.156266 0.137923 0.158332 0.133272 0.169183 0.136114 0.178742 0.133014 0.186234 0.132239 0.192693 0.139473 0.192693 0.145932 0.183392 0.145156 0.173575 0.149032 0.169441 0.154199 0.166083 0.154715 0.160399
0 0.210519 0.14929 0.203802 0.154457 0.207935 0.164274 0.216203 0.160657
0 0.121647 0.196051 0.109763 0.200443 0.10382 0.212586 0.106404 0.225503 0.115188 0.22912 0.122938 0.223953 0.121647 0.211036 0.127589 0.21982 0.136114 0.213102 0.133789 0.202252 0.129397 0.196568
0 0.0927114 0.220078 0.0859943 0.225245 0.091678 0.236096 0.0981368 0.22912
0 0.12423 0.228087 0.107954 0.229379 0.115188 0.239196 0.129397 0.237129
0 0.186492 0.347703 0.178225 0.353645 0.182617 0.365271 0.190109 0.371213 0.200702 0.365271 0.198377 0.354678 0.189334 0.349253
0 0.169441 0.366821 0.162208 0.370179 0.167891 0.38413 0.179259 0.381805 0.176417 0.372504
0 0.192176 0.393431 0.170733 0.395497 0.168408 0.404281 0.158849 0.409448 0.168925 0.417457 0.175642 0.415907 0.176933 0.417974 0.186234 0.421074 0.19941 0.416424 0.198377 0.401181
0 0.148773 0.412549 0.141798 0.419782 0.150065 0.430375 0.166599 0.43115 0.164791 0.417457 0.160141 0.414099
0 0.173833 0.421074 0.168925 0.430633 0.178225 0.43735 0.180809 0.443551 0.186492 0.447167 0.194243 0.433992 0.191918 0.422366
0 0.135339 0.423658 0.129139 0.43115 0.136889 0.437867 0.143606 0.430633 0.137923 0.423141
0 0.144898 0.435283 0.132497 0.441742 0.140765 0.449493 0.147223 0.445101
0 0.179775 0.452076 0.173575 0.464477 0.169441 0.470161 0.160141 0.473777 0.157041 0.484887 0.15239 0.486953 0.140765 0.489795 0.128364 0.48592 0.116738 0.48437 0.11493 0.489278 0.114413 0.495996 0.122422 0.501679 0.136889 0.508655 0.154715 0.508913 0.167633 0.499871 0.175125 0.488762 0.188043 0.478686 0.196568 0.463702 0.191659 0.453885 0.190109 0.450784
0 0.160916 0.438384 0.157816 0.447684 0.165824 0.451043 0.169183 0.443292
0 0.0927114 0.30585 0.0816024 0.310242 0.0844442 0.320318 0.0903863 0.323676 0.09607 0.318251
0 0.0661014 0.325743 0.0653263 0.339436 0.0580926 0.347186 0.054734 0.357003 0.0524089 0.362945 0.0562841 0.375346 0.0653263 0.379738 0.076177 0.378705 0.0792772 0.367079 0.0847026 0.354937 0.0947782 0.349253 0.0981368 0.342536 0.0911613 0.338144 0.0841859 0.334785 0.0772104 0.322901
0 0.0666181 0.386972 0.0583509 0.38723 0.060676 0.398856 0.0704933 0.397823 0.0707517 0.389814
0 0.0844442 0.374054 0.0764354 0.379738 0.0790189 0.387489 0.0890945 0.383872
0 0.0766937 0.401181 0.0632595 0.401698 0.0697183 0.414099 0.0772104 0.411774
0 0.0379413 0.404798 0.0330326 0.408415 0.0343244 0.414099 0.0381996 0.418491 0.0407831 0.41229
0 0.076177 0.431666 0.0686849 0.436833 0.0777271 0.442259 0.081344 0.437092
0 0.0862527 0.446134 0.0774688 0.447426 0.0836692 0.456985 0.0893529 0.45466
0 0.0475002 0.509688 0.0371662 0.492637 0.0322576 0.48437 0.0327743 0.436058 0.0394914 0.43735 0.0475002 0.456985 0.0565425 0.473002 0.0632595 0.481528 0.0653263 0.491345 0.0614511 0.495737 0.0498254 0.492637 0.0542173 0.501679 0.0518922 0.508655
0 0.0945199 0.46241 0.0847026 0.471452 0.0932281 0.485403 0.0989118 0.48282 0.100979 0.475586
0 0.0327743 0.539657 0.0325159 0.516147 0.0459501 0.516147 0.0570592 0.516405 0.0518922 0.525189 0.048792 0.534748 0.0405248 0.54224 0.0335493 0.54224
0 0.0609344 0.524414 0.0741102 0.521314 0.0836692 0.519505 0.0942615 0.518989 0.100462 0.517439 0.115963 0.517439 0.11648 0.50788 0.112088 0.482045 0.108212 0.475844 0.102012 0.478169 0.0996869 0.48592 0.104337 0.499612 0.104337 0.503746 0.0955533 0.501163 0.0847026 0.497804 0.0797939 0.497804 0.0728185 0.505555 0.0642929 0.509688 0.059126 0.51408 0.0560258 0.521572
0 0.00788551 0.384784 0.00240946 0.392085 0.0133616 0.397561 0.0170123 0.389165
0 0.000949182 0.399752 0.015552 0.401577 0.0181075 0.413624 0 0.408595 0 0.400482
0 0.0235835 0.41472 0.0148218 0.422751 0.0257739 0.437719 0.0338055 0.432973
