2 0.0385363 0.811943 0.0355003 0.830159 0.0506801 0.819533 0.0451142 0.808401
2 0.337071 0.792716 0.324421 0.808907 0.344155 0.815991 0.347697 0.795752
2 0.371984 0.805366 0.374008 0.822063 0.38767 0.817003 0.383116 0.805366
2 0.458509 0.812955 0.452437 0.831677 0.469135 0.832183 0.473182 0.814979
2 0.390706 0.678362 0.386658 0.69 0.40285 0.690506
2 0.416511 0.676338 0.409428 0.68241 0.409428 0.698095 0.421571 0.686964
2 0.361358 0.701637 0.346685 0.705685 0.352757 0.712769 0.3649 0.711757 0.370972 0.708721 0.371478 0.700625
2 0.768175 0.650532 0.762609 0.655592 0.762609 0.667736 0.778295 0.66723 0.774753 0.653568
2 0.714844 0.695898 0.714648 0.703516 0.72207 0.703906 0.722656 0.696094
2 0.953711 0.750586 0.953906 0.757617 0.964844 0.757422 0.963672 0.750781
2 0.333984 0.950977 0.33418 0.958203 0.342969 0.957617 0.341797 0.950195
2 0.13125 0.745898 0.131055 0.751953 0.137109 0.751953 0.1375 0.746289
2 0.18125 0.0367188 0.181641 0.0449219 0.190234 0.0451172 0.191016 0.0376953
