0 0.0959662 0.134422 0.0959662 0.154661 0.11064 0.159215 0.127844 0.182491 0.143529 0.194634 0.152131 0.170853 0.143529 0.148083 0.126326 0.13088 0.104062 0.127338
0 0.121266 0.20273 0.128856 0.226512 0.149095 0.23056 0.165287 0.234102 0.172877 0.24827 0.185021 0.266991 0.198682 0.276099 0.230054 0.269521 0.23815 0.263449 0.24321 0.251305 0.235114 0.23309 0.21791 0.235114 0.210826 0.251811 0.203236 0.238656 0.168829 0.21032 0.151119 0.200706 0.127844 0.2002
0 0.114182 0.240174 0.10305 0.254847 0.107098 0.279135 0.130374 0.291279 0.133916 0.30494 0.166805 0.306458 0.173889 0.292797 0.171359 0.273569 0.150613 0.246752 0.136952 0.237138 0.113676 0.235114
0 0.152637 0.336818 0.166299 0.368189 0.182997 0.382863 0.19767 0.383875 0.204754 0.388429 0.204754 0.397537 0.195646 0.406139 0.19514 0.421318 0.199694 0.432956 0.229042 0.413223 0.231066 0.402597 0.243716 0.409681 0.262943 0.398043 0.254847 0.385899 0.234102 0.374767 0.222464 0.359588 0.187551 0.359082 0.188057 0.348962 0.185527 0.337324 0.165287 0.327204 0.154155 0.32265 0.153143 0.331758
0 0.612583 0.623715 0.621691 0.643954 0.645978 0.657616 0.681398 0.668748 0.726431 0.67229 0.75173 0.666218 0.777536 0.65458 0.788162 0.645472 0.78462 0.633835 0.776524 0.632317 0.767922 0.616125 0.752236 0.608535 0.731997 0.608535 0.725925 0.593355 0.713275 0.584753 0.688988 0.598415 0.660652 0.596897 0.651544 0.582224 0.623715 0.580706 0.613089 0.600945 0.609547 0.613595
0 0.764886 0.551358 0.757296 0.571598 0.750719 0.581718 0.76691 0.592849 0.783102 0.583741 0.79474 0.562996 0.79727 0.548828 0.777536 0.546298
0 0.739081 0.494687 0.751224 0.520999 0.76944 0.539214 0.791704 0.540226 0.826111 0.534154 0.825099 0.505313 0.811943 0.499747 0.789174 0.507337 0.791704 0.522011 0.781584 0.521505 0.77197 0.503795 0.76691 0.498229 0.764886 0.486085 0.747177 0.476977
0 0.805366 0.489627 0.792716 0.474447 0.792716 0.461292 0.786138 0.4451 0.7745 0.432956 0.780066 0.421824 0.768934 0.411705 0.757802 0.412211 0.739587 0.412717 0.735539 0.400573 0.744141 0.390453 0.763368 0.385393 0.783608 0.389947 0.7998 0.399055 0.802836 0.431944 0.807895 0.456738 0.808907 0.494687
0 0.870638 0.341878 0.864566 0.359082 0.871144 0.368695 0.882782 0.356552 0.888348 0.343396 0.876204 0.338336
0 0.739081 0.237138 0.725925 0.244728 0.739081 0.260413 0.752236 0.247258
0 0.746671 0.441052 0.760838 0.453702 0.75173 0.461798 0.740093 0.457244 0.740093 0.448136
