0 0.812702 0.843315 0.800053 0.862037 0.805113 0.877216 0.819786 0.872662 0.838508 0.855965
0 0.781837 0.952103 0.774753 0.966777 0.782849 0.968801 0.791957 0.960705
0 0.780825 0.968801 0.773235 0.979426 0.785885 0.984486 0.789933 0.978414
0 0.795499 0.966271 0.788415 0.971331 0.792463 0.979932 0.799041 0.980438
0 0.730226 0.914154 0.72213 0.939453 0.738322 0.945019 0.757812 0.948989 0.748442 0.926803
0 0.759067 0.900492 0.740852 0.918707 0.749454 0.932875 0.767163 0.924273 0.768175 0.908588
0 0.858748 0.813967 0.852676 0.827123 0.862795 0.828641 0.865325 0.825099
0 0.896697 0.800812 0.889613 0.811437 0.903275 0.818015 0.903781 0.808907
0 0.919118 0.73943 0.909467 0.752757 0.921415 0.763787 0.936121 0.758272 0.935662 0.748621
0 0.945772 0.716452 0.938419 0.734375 0.95864 0.726103
0 0.950368 0.699449 0.944853 0.711397 0.960018 0.724265 0.975643 0.710018
0 0.934743 0.579044 0.91682 0.596507 0.928309 0.617188 0.941176 0.633272 0.951287 0.642923 0.97886 0.633732 0.965993 0.613971 0.971507 0.603401 0.954504 0.587776
0 0.972886 0.581801 0.96829 0.592371 0.977482 0.600184 0.982537 0.592371
0 0.931985 0.642004 0.922794 0.653952 0.935202 0.66636 0.942555 0.659467
0 0.962316 0.650735 0.952206 0.655331 0.957721 0.663603 0.966452 0.659467
0 0.947151 0.650735 0.942555 0.65671 0.94807 0.665901 0.953125 0.662684
0 0.954044 0.670037 0.946232 0.678768 0.950368 0.681985 0.959099 0.680607
0 0.961397 0.68704 0.952206 0.691176 0.95818 0.704044 0.977482 0.705882 0.986673 0.696232 0.983456 0.693015 0.972426 0.693015
0 0.742647 0.950368 0.734375 0.954963 0.738051 0.964154 0.751379 0.961857
