0 0.470906 0.305446 0.458762 0.316072 0.473435 0.32265 0.482543 0.31253
0 0.0590289 0.149095 0.0595349 0.165793 0.0696547 0.167817 0.0762326 0.162251
0 0.0134897 0.459268 0.00438188 0.482543 0.00387589 0.511385 0.0165257 0.531624 0.0499211 0.523529 0.0666188 0.507337 0.0610529 0.494181 0.0418252 0.494181 0.0433432 0.466858 0.0377773 0.454208
0 0.111523 0.616797 0.113672 0.637891 0.0949219 0.640039 0.0974609 0.653125 0.124302 0.65458 0.153649 0.642942 0.168829 0.626245 0.166805 0.606511 0.156685 0.590319 0.140999 0.582224 0.124609 0.584961 0.114453 0.591602 0.108008 0.6
0 0.215886 0.651038 0.213356 0.668748 0.227524 0.676844 0.244728 0.669254 0.234608 0.651038
0 0.323156 0.656098 0.303423 0.6647 0.303423 0.68241 0.324168 0.686458 0.33783 0.67482
0 0.35807 0.673302 0.329734 0.67988 0.33277 0.693542 0.365153 0.703661 0.395513 0.694554 0.419294 0.680386 0.418282 0.670266 0.411705 0.655592 0.396019 0.650026 0.377803 0.652556 0.368189 0.6647
0 0.466352 0.584247 0.462304 0.599427 0.481025 0.609041 0.490639 0.593861 0.483555 0.580706
0 0.586271 0.447124 0.573116 0.461292 0.564514 0.46534 0.561478 0.482543 0.585259 0.486085 0.605499 0.473435 0.615619 0.455726 0.603475 0.4451 0.585259 0.442064
0 0.0123388 0.297557 0.0129588 0.309958 0.0241195 0.309338 0.0234995 0.296937
0 0.0836434 0.280196 0.0842634 0.292597 0.0948041 0.292597 0.0948041 0.280196
0 0.0763672 0.516992 0.0652344 0.532031 0.084375 0.541211 0.09375 0.525977
0 0.0919922 0.54707 0.0947266 0.608594 0.0923828 0.62793 0.0998047 0.639453 0.111328 0.637305 0.106641 0.624805 0.108203 0.611914 0.106836 0.593164 0.106445 0.562695 0.0980469 0.543359
0 0.335128 0.308689 0.334889 0.314405 0.342988 0.314405 0.342273 0.307498
0 0.515223 0.410673 0.51551 0.418716 0.524701 0.418428 0.524414 0.41096
