0 0.161239 0.430426 0.158203 0.451172 0.15918 0.482422 0.166797 0.499219 0.189844 0.489648 0.184009 0.464834 0.176419 0.45522 0.182997 0.442064 0.167817 0.431944
0 0.204754 0.435992 0.196658 0.446618 0.21285 0.46028 0.229042 0.453196 0.227018 0.440546 0.21285 0.437004
0 0.242704 0.420306 0.257377 0.440546 0.269727 0.438477 0.285547 0.417383 0.293945 0.401172 0.273569 0.387417 0.266991 0.399055 0.258389 0.412717
0 0.405664 0.457617 0.400977 0.472656 0.386133 0.463672 0.384766 0.479492 0.399609 0.481836 0.399023 0.49668 0.406055 0.499609 0.411523 0.493945 0.413223 0.502277 0.422836 0.488109 0.416259 0.475965 0.421824 0.470906 0.411719 0.455273
0 0.53418 0.491406 0.545312 0.49043 0.554688 0.488086 0.564258 0.483008 0.568164 0.483398 0.587305 0.501367 0.582422 0.530469 0.554883 0.529687 0.540226 0.516951 0.530106 0.505819 0.526059 0.500253 0.528711 0.495703
0 0.620898 0.569531 0.638086 0.566602 0.639844 0.574023 0.632617 0.578906 0.618555 0.578516
0 0.638086 0.596289 0.637305 0.608398 0.647656 0.60918 0.648242 0.596289
0 0.509766 0.469531 0.509375 0.481445 0.530469 0.483789 0.551758 0.472461 0.55918 0.462109 0.550195 0.462891 0.531445 0.464844 0.522266 0.471484
0 0.49375 0.497852 0.483203 0.510547 0.487891 0.516992 0.49375 0.511719 0.504102 0.502539 0.502539 0.495898
0 0.459961 0.517383 0.458984 0.529492 0.469922 0.529102 0.470313 0.517188
0 0.303516 0.398438 0.325195 0.397656 0.332422 0.413867 0.323242 0.420117 0.307812 0.430469 0.295703 0.428906 0.289062 0.416602 0.298047 0.405469
0 0.329297 0.424219 0.317188 0.434375 0.316602 0.444336 0.333984 0.453711 0.343555 0.448828 0.346875 0.44043 0.337109 0.426563
0 0.228711 0.426758 0.226172 0.436523 0.240039 0.444727 0.24707 0.4375 0.238477 0.431641
0 0.663672 0.983008 0.663477 0.99375 0.678906 0.995703 0.679688 0.985547
0 0.759961 0.983203 0.759961 0.99082 0.769141 0.991016 0.769336 0.983398
0 0.808203 0.9 0.807813 0.910547 0.816406 0.910352 0.816211 0.899219
0 0.606055 0.972852 0.605273 0.981641 0.614258 0.981836 0.615039 0.973437
0 0.0884766 0.8375 0.0880859 0.84707 0.0939453 0.846289 0.0941406 0.854297 0.108789 0.853906 0.108008 0.842969 0.0953125 0.842187 0.0929688 0.835156
0 0.698438 0.763281 0.698047 0.772461 0.708203 0.77207 0.708398 0.763477
