2 0.700391 0.0482422 0.688672 0.0533203 0.697852 0.0632812 0.705664 0.0574219
2 0.454967 0.0251275 0.454967 0.0453671 0.470653 0.0468851 0.471159 0.0367653
2 0.348203 0.00792382 0.362876 0.0089358 0.365359 0 0.342131 0.000333954
2 0.389694 0.0155137 0.387164 0.0296814 0.396272 0.0311994 0.404368 0.0246215
2 0.47217 0.054981 0.460533 0.0661128 0.470653 0.0731966 0.476218 0.0671248
2 0.398802 0.207284 0.393236 0.22297 0.409934 0.22044 0.414994 0.212344
2 0.269774 0.621185 0.264208 0.631305 0.275846 0.635859 0.283942 0.625739
2 0.45918 0.41582 0.458789 0.424414 0.46582 0.423828 0.464258 0.41543
2 0.601367 0.175391 0.601172 0.18457 0.608594 0.184961 0.608398 0.175391
2 0.69043 0.0251953 0.68418 0.0302734 0.689258 0.0351562 0.694531 0.0304687
2 0.236847 0.95009 0.238522 0.963155 0.250918 0.960475 0.248573 0.948415
