0 0.289844 0.00605469 0.289844 0.0140625 0.294141 0.0193359 0.298242 0.0242188 0.305078 0.0242188 0.305273 0.0169922 0.301367 0.0146484 0.308203 0.0119141 0.30918 0.00605469 0.303906 0.00566406 0.298828 0.0130859 0.297656 0.00605469
0 0.331641 0.0123047 0.319336 0.0191406 0.324219 0.0242188 0.320898 0.0292969 0.323828 0.0351562 0.330078 0.0322266 0.32793 0.0269531 0.33418 0.0244141 0.340625 0.0269531 0.341797 0.0203125 0.343164 0.0150391
0 0.268359 0.0261719 0.276562 0.0238281 0.284961 0.0207031 0.287695 0.025 0.284766 0.0283203 0.277734 0.0289063 0.269922 0.03125
0 0.308789 0.0474609 0.308203 0.0521484 0.3 0.0546875 0.299219 0.0603516 0.307812 0.0587891 0.31543 0.0570312 0.314648 0.0525391 0.315234 0.0480469
0 0.314063 0.0646484 0.314453 0.0710937 0.320312 0.0732422 0.323633 0.0697266 0.324414 0.0652344
0 0.345117 0.0535156 0.344922 0.059375 0.351367 0.0628906 0.354297 0.0580078
0 0.242578 0.0585938 0.242383 0.0667969 0.250586 0.0677734 0.253906 0.0591797
0 0.282617 0.100977 0.270898 0.105859 0.266602 0.11582 0.273047 0.119922 0.279492 0.116016 0.279102 0.107813 0.287109 0.107422 0.288281 0.10293
0 0.296484 0.0751953 0.289453 0.0910156 0.298438 0.0931641 0.298242 0.0835937 0.307617 0.0882813 0.312109 0.0921875 0.316406 0.0847656 0.306641 0.0837891 0.300586 0.0785156
0 0.157812 0.173828 0.152734 0.181836 0.149805 0.189062 0.156641 0.192383 0.1625 0.185742 0.175977 0.181445 0.167969 0.178125 0.169141 0.172461
0 0.167187 0.125 0.167969 0.131836 0.17832 0.13125 0.176563 0.123438
0 0.190039 0.13457 0.189453 0.143555 0.197461 0.143555 0.197461 0.134766
0 0.2125 0.15625 0.212695 0.163672 0.205273 0.167773 0.206055 0.173828 0.215039 0.172656 0.220703 0.170313 0.219922 0.164062 0.222656 0.163281 0.223633 0.167578 0.231836 0.166992 0.231055 0.158203 0.22168 0.15625
0 0.238086 0.175781 0.238086 0.185938 0.245117 0.190625 0.249414 0.184375 0.247656 0.175195
0 0.226172 0.193359 0.219922 0.205664 0.226172 0.2125 0.229102 0.201953 0.23457 0.194336
0 0.21582 0.219922 0.223828 0.219336 0.223828 0.228516 0.214648 0.22832
0 0.27207 0.213477 0.28125 0.207422 0.285547 0.216016 0.288281 0.224023 0.29668 0.231641 0.286523 0.236914 0.275781 0.230469 0.277734 0.222461
0 0.295117 0.244336 0.281836 0.254297 0.280469 0.264453 0.273047 0.268359 0.277148 0.276172 0.288867 0.284375 0.292773 0.280273 0.301563 0.279102 0.301953 0.271875 0.308789 0.266406 0.31875 0.267773 0.317383 0.258203 0.326172 0.252539 0.32207 0.24707 0.315039 0.242383 0.307031 0.241211 0.30293 0.246094
0 0.22168 0.263086 0.220703 0.272852 0.229883 0.272266 0.230078 0.262891
0 0.228125 0.279687 0.22793 0.288281 0.238477 0.288086 0.237109 0.27793
0 0.246094 0.298438 0.246094 0.307031 0.25625 0.307227 0.255078 0.298242
0 0.243164 0.32168 0.243555 0.331836 0.255469 0.332031 0.254297 0.320117
0 0.24375 0.341406 0.243359 0.35 0.251953 0.349609 0.252734 0.341016
0 0.31543 0.340039 0.312891 0.348242 0.303018 0.357643 0.31384 0.362281 0.325693 0.347852 0.325693 0.338061
0 0.312294 0.370527 0.312809 0.383926 0.323631 0.381349 0.323631 0.369496
0 0.334453 0.347852 0.335999 0.357128 0.345275 0.356613 0.343729 0.347337
0 0.359705 0.328269 0.360735 0.336515 0.369496 0.335484 0.367435 0.328269
0 0.364343 0.342699 0.363828 0.353005 0.378772 0.355582 0.381864 0.342699 0.373619 0.340122
0 0.344245 0.370012 0.34476 0.378772 0.35249 0.377226 0.35249 0.370012
0 0.366404 0.372073 0.348883 0.39011 0.353521 0.406085 0.361251 0.395778 0.371558 0.393717 0.368466 0.384441 0.375165 0.374134
0 0.310748 0.401962 0.322085 0.393202 0.33703 0.392686 0.346306 0.399901 0.328269 0.400416 0.315901 0.408662
0 0.327754 0.409692 0.328269 0.419484 0.341153 0.417422 0.334453 0.40557
0 0.394232 0.272098 0.392686 0.300441 0.394232 0.315386 0.399901 0.338576 0.404024 0.351975 0.419999 0.347337 0.4066 0.314871 0.405054 0.29065 0.4066 0.270036
0 0.463803 0.180883 0.456588 0.194797 0.463287 0.203043 0.452981 0.219018 0.458134 0.226233 0.478232 0.205104 0.48957 0.186036 0.478232 0.17573
0 0.493692 0.185006 0.494208 0.192736 0.502453 0.192736 0.500907 0.18449
0 0.496784 0.199951 0.493177 0.221595 0.502453 0.221079 0.500907 0.207681 0.518428 0.204073 0.515852 0.196859
0 0.485447 0.23757 0.477717 0.248907 0.493177 0.249938 0.509152 0.236539 0.501422 0.231901 0.493692 0.23757
0 0.412784 0.228294 0.413815 0.250969 0.425153 0.25303 0.428245 0.262822 0.441643 0.259214 0.444735 0.244269 0.457619 0.23757 0.45195 0.228294 0.422576 0.246331 0.424122 0.226748
0 0.447827 0.288073 0.447312 0.298895 0.457619 0.298895 0.458134 0.287558
0 0.39784 0.373104 0.401962 0.386502 0.437005 0.392171 0.437521 0.380834
0 0.461741 0.358674 0.460195 0.37465 0.477202 0.36795 0.491631 0.368981 0.491116 0.356613
0 0.512244 0.404539 0.511729 0.41433 0.530281 0.415876 0.52822 0.406085
0 0.549349 0.418969 0.551925 0.42876 0.563778 0.439067 0.572539 0.433913 0.569447 0.421545
0 0.617888 0.415361 0.62098 0.429275 0.635925 0.430821 0.632318 0.416907
0 0.553471 0.48184 0.551925 0.492662 0.564809 0.493177 0.564809 0.481324
0 0.679729 0.485447 0.683336 0.500907 0.693127 0.499361 0.693643 0.492146 0.702404 0.483901 0.695189 0.480809
0 0.0736931 0.379803 0.0654477 0.386502 0.0726624 0.393202 0.0803925 0.383926
0 0.0845152 0.323116 0.0850305 0.332907 0.0958526 0.331877 0.0958526 0.321055
0 0.17676 0.509668 0.177276 0.518428 0.188098 0.518428 0.187582 0.508637
0 0.981397 0.872621 0.981397 0.886158 0.995417 0.886158 0.9959 0.872138
