0 0.0904003 0.34542 0.0843284 0.364647 0.0888824 0.373249 0.0696547 0.383369 0.0656068 0.396525 0.0898943 0.409681 0.0919183 0.42233 0.103556 0.428402 0.133916 0.42992 0.172877 0.42992 0.236632 0.428908 0.284701 0.42739 0.300387 0.420812 0.313036 0.43498 0.341372 0.438016 0.348456 0.418282 0.366671 0.406139 0.369707 0.387417 0.34795 0.367177 0.325686 0.341372 0.279135 0.308988 0.22044 0.299375 0.182491 0.301399 0.156179 0.31759 0.122784 0.332264 0.0909063 0.333276
0 0.376285 0.414235 0.383875 0.430932 0.389947 0.446618 0.379321 0.453196 0.378309 0.473941 0.391971 0.483049 0.409175 0.475965 0.420812 0.470906 0.423342 0.460786 0.425872 0.435992 0.409681 0.42486 0.404621 0.406139 0.398549 0.391971 0.382863 0.392983 0.372237 0.405127
0 0.586777 0.678362 0.589813 0.703155 0.587789 0.726937 0.572104 0.737057 0.562996 0.752742 0.556924 0.76944 0.577164 0.780066 0.594367 0.753248 0.603475 0.735539 0.607017 0.716311 0.609547 0.703155 0.615113 0.708215 0.628775 0.708721 0.634341 0.700119 0.624727 0.689494 0.618149 0.67482 0.608535 0.666218
0 0.708215 0.615113 0.715805 0.637377 0.720865 0.653062 0.741611 0.649014 0.75173 0.634847 0.758814 0.617643 0.753754 0.605499 0.731997 0.602463 0.716311 0.603475
0 0.639401 0.485579 0.64699 0.505819 0.664194 0.501771 0.660652 0.486085 0.643954 0.482037
0 0.689494 0.490639 0.693542 0.511385 0.712263 0.517457 0.739081 0.530612 0.759826 0.524541 0.77703 0.530106 0.795246 0.515939 0.814979 0.500253 0.812449 0.484061 0.780572 0.482543 0.747683 0.481025 0.695565 0.481025
0 0.814979 0.54225 0.813967 0.55743 0.824593 0.563502 0.808401 0.580706 0.801318 0.599427 0.798282 0.612583 0.776018 0.619667 0.778548 0.634847 0.798282 0.637883 0.818015 0.624221 0.833195 0.614101 0.853435 0.593861 0.860519 0.579188 0.873168 0.55996 0.868614 0.545286 0.847363 0.527071 0.829147 0.530612
0 0.618655 0.742623 0.632823 0.757296 0.64193 0.750719 0.648508 0.754766 0.67735 0.760332 0.680386 0.744141 0.672796 0.731997 0.657616 0.742623 0.651544 0.737057 0.644966 0.738575 0.64952 0.722889 0.631811 0.723395 0.619161 0.733515
0 0.696071 0.75932 0.722889 0.760332 0.731997 0.749201 0.738069 0.738069 0.758308 0.722889 0.75679 0.695565 0.747683 0.689494 0.733515 0.690506 0.733009 0.706697 0.722383 0.717323 0.714287 0.724407 0.711251 0.739081 0.706191 0.745659
0 0.733009 0.660652 0.735539 0.67482 0.750719 0.665206 0.745153 0.654074
