0 0.055234 0.0347413 0.0365123 0.053969 8.09585e-05 0.0453671 0 0.0196499 0 0.00438188 0.0091888 0.00488787 0.0127436 -8.67362e-19 0.0471381 0.00134594 0.0734496 0.0139957
0 0.973102 0.389947 0.95691 0.386911 0.941224 0.414235 0.945778 0.428908 0.968548 0.433968 0.984233 0.429414 0.995365 0.424354 0.987269 0.409175
0 0.957416 0.441558 0.945272 0.437004 0.933128 0.436498 0.93414 0.458256 0.931104 0.494181 0.943248 0.505313 0.96703 0.463822 0.975125 0.487097 0.991317 0.487603 0.994859 0.45016 0.982715 0.435992 0.965512 0.44257
0 0.986763 0.574128 0.976137 0.608029 0.961464 0.629787 0.942236 0.637377 0.904793 0.658628 0.873421 0.683422 0.861278 0.698095 0.867855 0.710239 0.906311 0.691012 0.925032 0.69 0.945778 0.693036 0.977149 0.686458 0.994859 0.671784 0.998047 0.666775 0.998047 0.568562
0 0.835472 0.703155 0.81928 0.717323 0.805619 0.722889 0.792969 0.733515 0.752489 0.726937 0.772223 0.757802 0.794487 0.761344 0.816244 0.754766 0.83193 0.763368 0.830918 0.780572 0.818268 0.800812 0.795499 0.824593 0.822822 0.839773 0.840532 0.847363 0.860266 0.842809 0.846604 0.826111 0.851664 0.815485 0.866337 0.788668 0.864313 0.773488 0.871903 0.745153 0.863301 0.729973 0.84711 0.706191
0 0.791957 0.845339 0.777283 0.850399 0.774753 0.873168 0.750466 0.877722 0.7449 0.893408 0.762609 0.908082 0.782849 0.890878 0.784367 0.875698 0.806125 0.87165 0.812196 0.846351 0.804101 0.835219
0 0.648761 0.898468 0.643701 0.921743 0.628016 0.947043 0.601704 0.963741 0.59209 0.973861 0.59209 0.98145 0.620932 0.978414 0.6351 0.969307 0.657363 0.950585 0.687217 0.956657 0.695312 0.941983 0.677603 0.928827 0.681145 0.919719 0.681145 0.90454 0.671025 0.900492 0.666977 0.884806 0.657363 0.893914
0 0.70442 0.892902 0.702396 0.902516 0.713528 0.911624 0.720106 0.897456
0 0.000586949 0.755272 0.00969479 0.747683 0.0102008 0.734527 0 0.729426
0 0.323915 0.615619 0.336565 0.617137 0.331505 0.629281 0.322397 0.627257
0 0.546045 0.991064 0.558189 0.98904 0.554914 0.998047 0.546551 0.998047
0 0.693289 0.894926 0.702902 0.888854 0.69683 0.879746 0.688735 0.885818
0 0.762103 0.835219 0.751477 0.853941 0.763115 0.868614 0.775765 0.86406 0.777283 0.855459 0.765645 0.854447 0.764633 0.848881 0.774247 0.842303 0.770705 0.835219
0 0.185274 0.896444 0.199947 0.891384 0.196405 0.882782 0.187298 0.887336
0 0.289002 0.0904003 0.302664 0.0883764 0.290014 0.0782566
0 0.176166 0.937935 0.182744 0.937935 0.181732 0.926803 0.175154 0.929333
