0 0.267497 0.492157 0.262437 0.511385 0.270533 0.538202 0.281159 0.543768 0.30494 0.521505 0.35301 0.517963 0.370213 0.530612 0.390959 0.555406 0.424354 0.573622 0.430932 0.585259 0.451678 0.581718 0.444088 0.592849 0.425366 0.610053 0.420812 0.616631 0.430449 0.631453 0.443612 0.638213 0.459774 0.645472 0.480519 0.634341 0.486591 0.624727 0.489121 0.586777 0.489627 0.568562 0.487097 0.527577 0.476977 0.498229 0.472423 0.480013 0.456738 0.459774 0.423342 0.454714 0.404115 0.464834 0.388429 0.471412 0.370719 0.471918 0.349974 0.476471 0.33277 0.479507 0.319614 0.479507 0.313036 0.477989 0.289761 0.477989 0.277617 0.478495
0 0.274075 0.704167 0.268003 0.717323 0.266991 0.731491 0.283183 0.728961 0.289761 0.728961 0.294315 0.715805 0.292797 0.711757 0.288749 0.704673 0.283183 0.697589
0 0.326923 0.568484 0.327634 0.582003 0.335817 0.580936 0.334393 0.566705
0 0.344355 0.566705 0.343643 0.582003 0.353249 0.582714 0.351114 0.564926
0 0.345066 0.626473 0.344711 0.637857 0.353605 0.637146 0.353249 0.625761
0 0.372816 0.643905 0.372816 0.652443 0.382777 0.652443 0.38171 0.642126
0 0.431516 0.644617 0.43116 0.655645 0.443612 0.656001 0.443968 0.644617
0 0.327634 0.709721 0.327634 0.726797 0.341509 0.725374 0.336884 0.712923
0 0.201339 0.66952 0.198137 0.67877 0.192445 0.684462 0.200983 0.689442 0.203474 0.680193 0.209166 0.670231
0 0.256482 0.63928 0.256838 0.64604 0.265376 0.646395 0.26502 0.638924
