2 0.0751953 0.368164 0.0712891 0.379883 0.0732422 0.381836 0.0771484 0.381836 0.0830078 0.37207
2 0.117724 0.463316 0.139648 0.508789 0.15332 0.500977 0.149414 0.485352 0.147461 0.475586 0.149095 0.466352 0.142517 0.454714 0.137695 0.450195 0.131386 0.446618 0.118736 0.448136
2 0.626751 0.519987 0.622703 0.53972 0.632317 0.541238 0.633835 0.528082
2 0.614607 0.519481 0.605499 0.524541 0.613595 0.533142 0.618655 0.527071
2 0.516951 0.363635 0.504301 0.379321 0.514927 0.384887 0.528588 0.374767
2 0.491145 0.316072 0.483049 0.316072 0.475459 0.32265 0.491145 0.328216
2 0.500253 0.339854 0.493169 0.340866 0.495193 0.35048 0.507337 0.349468
2 0.484061 0.34289 0.471412 0.349974 0.482037 0.357564 0.491145 0.35807
2 0.101026 0.451678 0.0878704 0.454714 0.0929303 0.461798 0.104062 0.459268
2 0.0934363 0.489627 0.0873644 0.490639 0.0853404 0.498735 0.0939423 0.502277
2 0.117724 0.475459 0.107604 0.475965 0.109628 0.484061 0.117724 0.484061
2 0.442064 0.812449 0.434474 0.813967 0.435486 0.823581 0.440546 0.828641 0.44257 0.821051
