2 0.691211 0.276172 0.687305 0.282031 0.698633 0.287891 0.705859 0.284375
2 0.712891 0.292773 0.705078 0.302148 0.711328 0.307227 0.718555 0.29707
2 0.627734 0.869531 0.625781 0.879883 0.637695 0.879297 0.6375 0.869336
2 0.408789 0.639453 0.408203 0.650195 0.417773 0.650195 0.417187 0.640234
2 0.227601 0.568629 0.228711 0.579102 0.238477 0.577344 0.236133 0.56875
2 0.15332 0.84668 0.15293 0.855273 0.162109 0.855469 0.160742 0.846875
2 0.173437 0.938086 0.171875 0.949414 0.18418 0.948828 0.182227 0.939648
2 0.202344 0.889648 0.200977 0.895898 0.210156 0.896875 0.210742 0.889844
2 0.32793 0.820117 0.327734 0.829102 0.336719 0.829492 0.335742 0.819727
2 0.299219 0.904883 0.298047 0.914453 0.309961 0.914258 0.309375 0.905078
2 0.397461 0.860938 0.398242 0.868164 0.406445 0.866406 0.404102 0.858398
2 0.425195 0.84668 0.423242 0.856641 0.427734 0.860742 0.433594 0.859375 0.431055 0.849805
2 0.260156 0.410352 0.260156 0.418164 0.26543 0.418555 0.266211 0.411133
2 0.375781 0.145313 0.375 0.152734 0.383398 0.152734 0.383203 0.14707
