0 0.230078 0.35625 0.225391 0.35957 0.225781 0.379688 0.240234 0.379688 0.24043 0.365625 0.243359 0.3625 0.243359 0.356055
0 0.251953 0.377148 0.247656 0.382812 0.253516 0.387305 0.249805 0.391016 0.25 0.396094 0.241211 0.399023 0.246094 0.407813 0.252148 0.408008 0.257227 0.40293 0.264258 0.400977 0.262305 0.395703 0.26875 0.395898 0.26875 0.384961 0.260156 0.387109 0.256445 0.384375 0.258984 0.380078
0 0.226367 0.403125 0.226562 0.412695 0.225195 0.417383 0.221094 0.426172 0.229492 0.427148 0.230859 0.419922 0.23457 0.425 0.239844 0.424414 0.240039 0.421094 0.23418 0.416016 0.236523 0.40625 0.232813 0.402148
0 0.246484 0.413281 0.242383 0.421094 0.245898 0.425391 0.253711 0.425586 0.253516 0.418164 0.253906 0.414258
0 0.188281 0.436523 0.188086 0.444336 0.192578 0.444922 0.193945 0.443359 0.196289 0.442969 0.196289 0.449414 0.202734 0.449609 0.20332 0.446289 0.208984 0.443945 0.20918 0.438281 0.205859 0.437109
0 0.251758 0.458594 0.251953 0.466211 0.248633 0.470117 0.249219 0.478516 0.259961 0.478906 0.259961 0.475977 0.26543 0.473438 0.270898 0.478516 0.275 0.47832 0.287695 0.483008 0.289453 0.467773 0.283594 0.466211 0.277539 0.465234 0.277539 0.471289 0.275586 0.474609 0.273828 0.464453 0.268164 0.462695 0.263086 0.464648 0.25957 0.464844 0.258984 0.458398
0 0.217383 0.470703 0.216992 0.477539 0.221484 0.47832 0.227734 0.482227 0.235547 0.480664 0.231836 0.474609 0.226172 0.470313
0 0.221289 0.487891 0.216797 0.488281 0.216797 0.494336 0.209766 0.499414 0.211914 0.505469 0.221289 0.506055 0.223633 0.500781 0.22207 0.497656 0.225 0.49375
0 0.198047 0.485352 0.193359 0.49082 0.19707 0.493359 0.197852 0.49707 0.203906 0.497461 0.207422 0.493555 0.207617 0.487891 0.199219 0.488477
0 0.180078 0.478711 0.174805 0.482617 0.178516 0.486719 0.185352 0.487305 0.19082 0.484961 0.199219 0.481641 0.194922 0.478125
0 0.17793 0.468164 0.172852 0.473633 0.17832 0.476367 0.182031 0.472656
0 0.118148 0.448193 0.113182 0.454151 0.121458 0.458786 0.121127 0.469048 0.12841 0.477324 0.133375 0.472027 0.140658 0.476 0.142975 0.468386 0.137348 0.466731 0.131389 0.467724 0.130065 0.463751 0.129403 0.455144
0 0.147941 0.473682 0.147941 0.479641 0.152907 0.47931 0.153238 0.483614 0.163831 0.483283 0.17012 0.476331 0.159196 0.471034 0.153569 0.47302
0 0.0367121 0.430648 0.0290983 0.440579 0.0290983 0.454482 0.0406846 0.454482 0.0380363 0.440579 0.0433329 0.434289
0 0.425586 0.269141 0.418945 0.280078 0.428125 0.281641 0.427344 0.295117 0.441992 0.294922 0.441406 0.286523 0.435156 0.285352 0.433008 0.280078 0.435156 0.276953 0.438086 0.272656 0.436719 0.263672 0.431055 0.262891
0 0.395703 0.298633 0.401172 0.305859 0.407227 0.297852
0 0.413867 0.30332 0.413281 0.308398 0.407813 0.30957 0.409961 0.316406 0.416406 0.314063 0.417773 0.309375 0.425 0.311328 0.43125 0.308789 0.431055 0.30293
0 0.448242 0.314258 0.443945 0.319922 0.451367 0.322656 0.456836 0.316406
0 0.464258 0.24375 0.463867 0.250781 0.470117 0.25293 0.466602 0.260937 0.458984 0.260742 0.458008 0.265234 0.448633 0.26582 0.45 0.275586 0.454492 0.282031 0.458984 0.288281 0.466406 0.289062 0.47832 0.276953 0.473242 0.272461 0.462305 0.27207 0.46543 0.27832 0.456641 0.274414 0.460352 0.269531 0.466016 0.268164 0.467187 0.264648 0.473828 0.264648 0.474609 0.260547 0.482227 0.258008 0.480078 0.250781 0.481445 0.242188 0.474609 0.242188 0.473828 0.248242 0.470898 0.248828 0.470703 0.24375
0 0.439453 0.226953 0.439258 0.238281 0.447852 0.238281 0.447461 0.229102
0 0.48125 0.207813 0.474609 0.213867 0.476758 0.221289 0.467969 0.225977 0.470313 0.231445 0.477539 0.226562 0.479687 0.222852 0.488281 0.222266 0.495703 0.214258 0.495508 0.207227 0.489063 0.211133 0.486719 0.214453
0 0.519727 0.192188 0.519922 0.199219 0.528516 0.199414 0.528516 0.192188
0 0.041063 0.38694 0.041063 0.39431 0.0471172 0.39431 0.0473804 0.386413
0 0.412109 0.206836 0.411914 0.212891 0.417969 0.213086 0.418359 0.206641
0 0.347656 0.294727 0.347266 0.302148 0.355664 0.302734 0.35625 0.294531
0 0.00488281 0.435742 0.0046875 0.44375 0.0121094 0.44375 0.0126953 0.435547
0 0.0169922 0.472852 0.0169922 0.479297 0.0261719 0.479102 0.0263672 0.472461
0 0.103516 0.428125 0.103516 0.434961 0.109375 0.434961 0.10957 0.42793
