0 0.24068 0.865072 0.224994 0.867096 0.224994 0.87671 0.23815 0.882782 0.24827 0.875192
0 0.715805 0.694048 0.722383 0.710239 0.739587 0.707709 0.752742 0.714287 0.76185 0.724913 0.721624 0.726937 0.69936 0.730985 0.682157 0.751224 0.715046 0.760838 0.747683 0.757802 0.746165 0.766404 0.750213 0.779054 0.768428 0.7745 0.781078 0.765392 0.783102 0.750213 0.781584 0.740599 0.783608 0.723395 0.790186 0.719347 0.795752 0.710745 0.787656 0.708721 0.780066 0.701637 0.785126 0.687976 0.773994 0.68241 0.763368 0.688482 0.745659 0.686458 0.730985 0.67988 0.724407 0.686458
0 0.802836 0.733009 0.824087 0.732503 0.833701 0.734527 0.842809 0.716817 0.838761 0.708215 0.836737 0.690506 0.822063 0.692024 0.820545 0.707203 0.813967 0.714793 0.796764 0.720359 0.796258 0.730479
0 0.861531 0.694554 0.865578 0.703661 0.87924 0.709733 0.897962 0.715805 0.924779 0.711251 0.941983 0.704673 0.954127 0.702649 0.969307 0.709227 0.994606 0.706191 0.998047 0.703133 0.998047 0.67735 0.97892 0.672796 0.975884 0.68747 0.965259 0.688988 0.956657 0.678362 0.932369 0.68494 0.912636 0.693036 0.89695 0.696071 0.880758 0.688482 0.871144 0.680386 0.858495 0.680892
0 0.442823 0.852929 0.433715 0.832689 0.440293 0.822569 0.450919 0.811943 0.457497 0.800306 0.464075 0.785126 0.471159 0.76438 0.478748 0.750719 0.491398 0.737057 0.499494 0.724913 0.501012 0.711757 0.51012 0.691518 0.526312 0.662676 0.523276 0.651544 0.552623 0.634341 0.569321 0.645978 0.594114 0.651544 0.593102 0.671784 0.600692 0.675832 0.602716 0.702649 0.608788 0.710745 0.615872 0.724407 0.61486 0.728961 0.638136 0.715299 0.643195 0.732503 0.634594 0.747177 0.616884 0.771464 0.603222 0.776018 0.578429 0.773994 0.567803 0.77956 0.557683 0.804354 0.537443 0.807895 0.525806 0.807895 0.516698 0.817003 0.500506 0.832183 0.483302 0.834713 0.468123 0.830159 0.453955 0.842303 0.452437 0.852929
0 0.396272 0.745153 0.409428 0.738575 0.409934 0.727443 0.399308 0.722889 0.388682 0.730985
0 0.413476 0.737057 0.426631 0.739081 0.445859 0.739587 0.462051 0.741611 0.457497 0.733009 0.444341 0.724913 0.431185 0.724913 0.417017 0.723395 0.41297 0.731997
0 0.550093 0.583236 0.540985 0.596391 0.553635 0.602969 0.557177 0.592849
0 0.569321 0.629281 0.593608 0.623209 0.602716 0.621691 0.606258 0.645978 0.61992 0.639906 0.610306 0.609547 0.600692 0.603981 0.581971 0.606511 0.571345 0.613089 0.563249 0.617137
0 0.599174 0.549334 0.592596 0.563502 0.606764 0.571598 0.61486 0.55237 0.610812 0.54731
0 0.640665 0.540732 0.628522 0.54984 0.636618 0.561984 0.642183 0.555912
0 0.661917 0.643954 0.651797 0.648002 0.650279 0.65964 0.662423 0.655086
0 0.678615 0.619667 0.672543 0.623715 0.671025 0.635353 0.679121 0.637883
0 0.653315 0.749201 0.673555 0.742623 0.674061 0.727949 0.653821 0.730985 0.645725 0.737563
0 0.626498 0.779054 0.61992 0.783102 0.618402 0.790186 0.62751 0.790186
