0 0.309241 0.724913 0.322903 0.710239 0.343649 0.712769 0.363888 0.713781 0.388682 0.721371 0.399308 0.717323 0.393742 0.703661 0.376538 0.700625 0.340613 0.687976 0.314807 0.685952 0.304688 0.69253 0.304182 0.705179 0.302158 0.716817
0 0.00514087 0.976896 0.0253805 0.98398 0.0395483 0.995618 0.0356622 0.998047 0 0.998047 0 0.97639 0.0102008 0.977402
0 0.0653538 0.960705 0.0653538 0.949067 0.0769916 0.931357 0.0886294 0.922249 0.0916653 0.910612 0.102291 0.906564 0.107857 0.931357 0.0911593 0.958175 0.0845814 0.970319 0.0754736 0.98145 0.0648478 0.981956 0.0572579 0.981956
0 0.18325 0.822569 0.18072 0.842303 0.190334 0.875698 0.166552 0.876204 0.172624 0.89948 0.179708 0.919213 0.190334 0.940971 0.204501 0.919719 0.209561 0.911624 0.225753 0.929839 0.241439 0.891384 0.237897 0.883794 0.216645 0.873168 0.225247 0.866084 0.228789 0.847869 0.213609 0.832689 0.196911 0.815485
0 0.187298 0.949573 0.18578 0.968801 0.200959 0.975378 0.213103 0.960199 0.208043 0.946537
0 0.245487 0.823581 0.234355 0.833195 0.233849 0.843821 0.261172 0.846351 0.269774 0.836231
0 0.309241 0.801824 0.333023 0.799294 0.363888 0.805872 0.411958 0.803848 0.422077 0.804354 0.401332 0.783102 0.388176 0.779054 0.352757 0.784114 0.323915 0.782596 0.308229 0.780572
0 0.334035 0.824087 0.322397 0.825605 0.314301 0.845845 0.330999 0.850399 0.346179 0.842809
0 0.355287 0.930851 0.345167 0.944513 0.368442 0.948055 0.371984 0.938441
0 0.754007 0.719853 0.768175 0.735033 0.791451 0.761344 0.797017 0.77197 0.800559 0.7998 0.809666 0.822569 0.8294 0.836231 0.84458 0.826617 0.845592 0.806884 0.830918 0.782596 0.822316 0.756284 0.783861 0.718335 0.765645 0.704167 0.748442 0.702649
0 0.912383 0.786644 0.891131 0.809919 0.884553 0.826617 0.872409 0.835725 0.848628 0.830159 0.848122 0.846857 0.858748 0.852929 0.878987 0.860519 0.887083 0.859001 0.883035 0.87418 0.888601 0.881264 0.903781 0.872156 0.920478 0.864566 0.933128 0.866084 0.942236 0.854447 0.925032 0.841797 0.935152 0.826111 0.943248 0.817003 0.947802 0.832183 0.955392 0.841797 0.967536 0.845845 0.97209 0.831171 0.96956 0.811437 0.960452 0.788668 0.936164 0.767922 0.91896 0.779054
0 0.986763 0.844833 0.981197 0.855965 0.993847 0.863554 0.998047 0.859602 0.998047 0.844327
0 0.970066 0.978414 0.955898 0.98651 0.974698 0.998047
