0 0.409934 0.0104538 0.406898 0.0377773 0.422583 0.051439 0.440799 0.0478971 0.450413 0.0241155 0.466605 0.0155137 0.461545 0.00235792 0.441305 0.00134594 0.430173 0.0139957
0 0.628016 0.00286391 0.633076 0.0251275 0.646231 0.0337294 0.658375 0.0387893 0.697842 0.0453671 0.695312 0.0327174 0.690759 0.00842981 0.671531 0.000839945 0.633313 0
0 0.698854 0.0033699 0.697336 0.0215856 0.703408 0.0413192 0.705938 0.053463 0.698854 0.0656068 0.711504 0.0833165 0.736804 0.0848344 0.757043 0.0863524 0.765645 0.0575109 0.742876 0.0413192 0.73984 0.0296814 0.749454 0.00488787 0.753364 0 0.70695 0
0 0.208043 0.194634 0.200453 0.219934 0.219175 0.2255 0.229295 0.211838
0 0.294062 0.250293 0.29052 0.272051 0.291026 0.294315 0.308229 0.302411 0.338589 0.298869 0.356299 0.287231 0.369454 0.274581 0.342131 0.263449 0.329987 0.262943 0.314807 0.250799 0.304182 0.24827
0 0.366924 0.289761 0.362876 0.306964 0.389188 0.330746 0.419041 0.33277 0.431185 0.318602 0.407404 0.296339 0.381092 0.279135
0 0.401332 0.34542 0.382104 0.358576 0.384634 0.381851 0.393236 0.387923 0.4155 0.392983 0.441305 0.379827 0.444341 0.370213 0.441305 0.364647 0.427137 0.349974 0.40538 0.342384
0 0.398296 0.407657 0.405886 0.433462 0.416511 0.454208 0.421065 0.472423 0.436751 0.461292 0.433715 0.435486 0.448389 0.412211 0.461545 0.390453 0.448895 0.379827 0.433715 0.388429 0.41044 0.399561
0 0.449401 0.513409 0.457497 0.533142 0.487856 0.543262 0.508096 0.54731 0.517204 0.527577 0.498988 0.512397 0.480266 0.497723 0.464075 0.498735 0.450919 0.507337
0 0.652303 0.479001 0.646231 0.492157 0.657869 0.501265 0.664447 0.488109
0 0.581971 0.0175376 0.579441 0.0362593 0.601704 0.0332234 0.598162 0.0241155
0 0.611824 0.0261395 0.611824 0.0403072 0.621438 0.0443552 0.62751 0.0382833
0 0.685699 0.0640888 0.685699 0.0757266 0.699866 0.0898943 0.700878 0.0777506 0.697336 0.0706667
0 0.697842 0.0893884 0.705432 0.101532 0.720612 0.110134 0.748442 0.117724 0.769187 0.107098 0.755525 0.0858464 0.71707 0.0868584 0.700878 0.0853404
0 0.449907 0.466352 0.439787 0.483555 0.450413 0.491651 0.464581 0.486591 0.460027 0.474447
0 0.313289 0.101026 0.288496 0.106592 0.300134 0.117218 0.314807 0.120254
0 0.349215 0.0762326 0.334035 0.0807865 0.340107 0.0888824 0.351239 0.0893884
0 0.206019 0.145047 0.187298 0.149601 0.193369 0.172877 0.201971 0.173889 0.203489 0.153649
0 0.556165 0.0124777 0.545033 0.0145017 0.550599 0.0276575 0.559707 0.0296814
0 0.643701 0.0352473 0.632064 0.0377773 0.636618 0.0478971 0.644713 0.0428372
0 0.301652 0.244728 0.289508 0.247764 0.269774 0.240174 0.256618 0.234608 0.261172 0.22297 0.273316 0.218416 0.291026 0.226512 0.299628 0.23562
0 0.374514 0.251305 0.360347 0.257377 0.365406 0.268509 0.372996 0.268003
0 0.428655 0.291785 0.416006 0.291785 0.417523 0.302411 0.425619 0.303929
0 0.501012 0.287231 0.482796 0.288243 0.493928 0.302917
0 0.590572 0.485579 0.574381 0.496711 0.593608 0.502277
0 0.507084 0.513409 0.509108 0.494181 0.499494 0.488109 0.488868 0.495193 0.491904 0.504807
0 0.483808 0.421318 0.472676 0.423342 0.478242 0.444088 0.487856 0.446618
0 0.511132 0.357564 0.49494 0.363635 0.507084 0.373755
0 0.578429 0.468882 0.567297 0.480519 0.579441 0.487603
0 0.554647 0.416259 0.536431 0.41727 0.548069 0.433462
0 0.581971 0.505819 0.566791 0.505313 0.566791 0.517963
0 0.537443 0.483049 0.52277 0.484061 0.530865 0.511891 0.535925 0.511891
