0 0.0947013 0.293303 0.122025 0.297351 0.144794 0.297857 0.160986 0.315566 0.174648 0.336818 0.186286 0.344914 0.214621 0.346938 0.223729 0.327204 0.201971 0.317084 0.18831 0.316578 0.177178 0.292291 0.16048 0.272051 0.136699 0.263449 0.110387 0.269015 0.0931833 0.279641
0 0.243969 0.35048 0.257124 0.35807 0.281412 0.358576 0.291532 0.346938 0.2804 0.338336 0.264208 0.338336 0.248523 0.341372
0 0.274834 0.387417 0.291026 0.386405 0.302664 0.378309 0.303676 0.367177 0.292544 0.363635 0.269774 0.366165 0.269774 0.373249
0 0.389694 0.324674 0.405886 0.336818 0.422077 0.349974 0.436751 0.354022 0.454967 0.347444 0.480772 0.336312 0.477736 0.32771 0.456485 0.32012 0.449907 0.313036 0.432703 0.311518 0.428655 0.323156 0.409934 0.313036 0.393742 0.311518 0.386658 0.32012
0 0.492916 0.379321 0.503036 0.389441 0.506072 0.399055 0.488868 0.396019 0.473688 0.379321 0.463569 0.377803 0.458509 0.390959 0.454461 0.407657 0.446365 0.415753 0.437257 0.410187 0.422583 0.428908 0.4155 0.433968 0.401332 0.430932 0.388682 0.439028 0.403356 0.46787 0.409428 0.482543 0.434727 0.492663 0.452943 0.482543 0.448895 0.45775 0.459521 0.443076 0.47217 0.462304 0.48735 0.457244 0.482796 0.43498 0.478242 0.42233 0.494434 0.437004 0.517204 0.441052 0.532383 0.421824 0.532889 0.389441 0.516698 0.369201 0.500506 0.366165
0 0.385646 0.344408 0.383116 0.355034 0.398802 0.359082 0.402344 0.351998
0 0.443329 0.352504 0.430679 0.354528 0.435233 0.366671 0.447883 0.370213 0.453955 0.362623
0 0.543009 0.568562 0.555659 0.547816 0.579947 0.53466 0.59209 0.542756 0.582477 0.55996 0.571345 0.579188 0.552623 0.584247
0 0.452943 0.532636 0.435739 0.546298 0.448389 0.568562 0.465087 0.565526 0.4747 0.55743 0.475712 0.537696
0 0.297098 0.608029 0.317337 0.614101 0.324421 0.598921 0.311265 0.589813 0.301146 0.594367
0 0.297604 0.643448 0.316831 0.65205 0.337577 0.645472 0.347697 0.631811 0.347697 0.613595 0.338083 0.600945 0.331505 0.608535 0.328469 0.622197 0.322397 0.623209 0.313795 0.631305 0.302664 0.627257 0.293556 0.636871
0 0.403862 0.625233 0.401332 0.642436 0.412464 0.64699 0.421571 0.637883 0.41044 0.626751
0 0.435233 0.669254 0.446365 0.668748 0.449907 0.685446 0.466605 0.689494 0.479254 0.683928 0.478748 0.665712 0.460533 0.654074 0.448389 0.648508 0.434221 0.655086
0 0.518722 0.650532 0.51012 0.663182 0.519734 0.672796 0.533395 0.670266 0.525806 0.650532
0 0.537443 0.617643 0.525806 0.628775 0.535419 0.637883 0.550599 0.635859 0.548069 0.619667
0 0.38008 0.851411 0.406898 0.86912 0.425619 0.857483 0.439787 0.839267 0.429667 0.815991 0.414488 0.796258 0.405886 0.788162 0.385646 0.804354 0.381598 0.822569 0.374514 0.835219
0 0.49747 0.794234 0.500506 0.806378 0.521758 0.809413 0.542503 0.807389 0.571345 0.797776 0.590066 0.790692 0.615872 0.796764 0.626498 0.790186 0.613848 0.775512 0.623968 0.766404 0.628522 0.753248 0.63257 0.739081 0.633076 0.726937 0.615366 0.724407 0.588042 0.734527 0.567803 0.755272 0.558695 0.763368 0.531371 0.7745 0.517204 0.7745 0.49747 0.772476 0.495446 0.785126
0 0.576911 0.626751 0.572863 0.64193 0.590572 0.64699 0.598668 0.630293 0.583489 0.622703
0 0.60474 0.65205 0.601704 0.663182 0.61486 0.672796 0.624474 0.665206 0.619414 0.651544
0 0.618402 0.679374 0.61486 0.688988 0.625486 0.694554 0.631052 0.684434 0.628522 0.67735
0 0.654327 0.652556 0.651291 0.666724 0.668495 0.672796 0.679627 0.666218 0.669001 0.655086
0 0.686711 0.658122 0.679627 0.670266 0.669001 0.68241 0.678109 0.695565 0.691771 0.698601 0.700878 0.712263 0.710492 0.727949 0.72466 0.729467 0.72972 0.705179 0.71707 0.68241 0.706444 0.676844 0.705432 0.661664 0.693289 0.655086
0 0.723142 0.730479 0.708468 0.728455 0.717576 0.770958 0.729214 0.776524 0.741358 0.763874 0.730226 0.746165
0 0.655845 0.703661 0.648255 0.719853 0.659893 0.727949 0.671531 0.714287
0 0.749454 0.831677 0.762609 0.849387 0.760079 0.86659 0.775765 0.8843 0.780825 0.90201 0.781331 0.921237 0.783861 0.942995 0.804607 0.959693 0.822316 0.957669 0.831424 0.938441 0.836484 0.915166 0.83699 0.88936 0.819786 0.89695 0.801571 0.879746 0.796005 0.863048 0.797017 0.843315 0.789427 0.830159 0.776777 0.812955 0.766151 0.811437 0.755019 0.815991
0 0.638642 0.974366 0.670519 0.982968 0.688229 0.967283 0.679627 0.948055 0.674567 0.925791 0.665459 0.924779 0.658881 0.938441 0.654833 0.952103 0.647243 0.964753
0 0.796005 0.981956 0.793475 0.991064 0.791978 0.998047 0.81675 0.997136 0.805619 0.988534
0 0.717576 0.893914 0.70695 0.914154 0.72466 0.923767 0.733768 0.906058
0 0.403862 0.289761 0.389188 0.290773 0.396778 0.301399 0.402344 0.301905
0 0.323409 0.362117 0.329987 0.362117 0.330493 0.370719 0.319867 0.370719
0 0.228789 0.356046 0.239415 0.353516 0.239921 0.364141 0.230307 0.364141
0 0.483808 0.336818 0.5 0.359082 0.506578 0.361105 0.508096 0.34542 0.488362 0.327204 0.482796 0.325686 0.478748 0.330746
0 0.39273 0.364647 0.381092 0.373249 0.37502 0.391971 0.38767 0.397537 0.403862 0.395007 0.41297 0.377803 0.41044 0.351492 0.404874 0.348456 0.397284 0.359082
0 0.506578 0.696071 0.49241 0.694554 0.49241 0.706191 0.496964 0.717829 0.506578 0.709733
0 0.503036 0.733515 0.487856 0.739081 0.47976 0.736551 0.471665 0.746671 0.459521 0.775006 0.476218 0.799294 0.496458 0.805872 0.493928 0.77197 0.503542 0.75932 0.51012 0.741611
0 0.693795 0.889866 0.681651 0.898468 0.686205 0.906564 0.694301 0.903022
0 0.329987 0.661158 0.342131 0.679374 0.360852 0.688988 0.363382 0.676844 0.344661 0.651544 0.330493 0.648508
0 0.434221 0.643954 0.422077 0.642942 0.417523 0.65205 0.425619 0.656098
0 0.605752 0.574128 0.601198 0.585765 0.60221 0.607523 0.610306 0.616631 0.613848 0.600945 0.615366 0.579694
0 0.646737 0.625739 0.63763 0.625739 0.63763 0.635859 0.645725 0.638389
0 0.398296 0.462304 0.386658 0.460786 0.383622 0.473941 0.396778 0.479001
0 0.27787 0.530106 0.26522 0.533142 0.263196 0.54225 0.276858 0.547816
0 0.128097 0.553382 0.147324 0.5549 0.138722 0.569574 0.129615 0.56502
0 0.138722 0.30494 0.132145 0.316578 0.146312 0.320626 0.144288 0.308988
0 0.141758 0.324674 0.130627 0.331252 0.136193 0.340866 0.141758 0.335806
