0 0.6098 0.0236095 0.611318 0.0468851 0.644207 0.0645948 0.661411 0.0797745 0.665965 0.107098 0.686205 0.121772 0.71201 0.138975 0.733262 0.132398 0.735286 0.116712 0.720612 0.101532 0.71201 0.0863524 0.687723 0.0651008 0.659387 0.0347413 0.642183 0.0256335 0.62498 0.00994778 0.605752 0.0114658
0 0.778295 0.107098 0.774247 0.129362 0.796005 0.132398 0.797523 0.115194
0 0.848122 0.158203 0.876963 0.159215 0.886577 0.132904 0.872915 0.127338 0.855206 0.13341 0.841038 0.148083 0.841038 0.157191
0 0.808654 0.151119 0.813714 0.165287 0.828894 0.165287 0.828388 0.153143
0 0.817762 0.13341 0.835472 0.124808 0.8547 0.127338 0.871397 0.12329 0.888601 0.110134 0.885565 0.0873644 0.869373 0.0823045 0.859254 0.0909063 0.838002 0.0929303 0.818774 0.103556 0.812196 0.11823 0.810172 0.132904
0 0.884047 0.0757266 0.902263 0.0843284 0.92149 0.0792685 0.93667 0.0706667 0.952356 0.055487 0.980691 0.0585229 0.987269 0.054475 0.963488 0.0372713 0.94173 0.0296814 0.924526 0.0342353 0.908841 0.053463 0.891637 0.054475 0.875445 0.0666188
0 0.879493 0.955139 0.873421 0.977908 0.884553 0.984486 0.894673 0.968295 0.897203 0.953621
0 0.340613 0.11823 0.322903 0.118736 0.328469 0.131892 0.338083 0.132904
0 0.756537 0.102544 0.745406 0.106086 0.748948 0.114688 0.757549 0.114688
0 0.738322 0.117724 0.74996 0.119242 0.74996 0.125314 0.74237 0.12835
0 0.710998 0.164781 0.724154 0.166805 0.725672 0.173889 0.720612 0.177937 0.713528 0.176925
0 0.213103 0.880252 0.229801 0.88177 0.226259 0.894926 0.219175 0.895432
0 0.384634 0.700119 0.390706 0.699613 0.39526 0.702649 0.386658 0.711251
0 0.342131 0.870132 0.353263 0.891384 0.360347 0.888854 0.352757 0.86406 0.348709 0.859001 0.335553 0.862543
0 0.391212 0.853435 0.382104 0.860013 0.385646 0.86912 0.391212 0.867602
0 0.891637 0.992582 0.886172 0.998047 0.898215 0.998047
