2 0.787695 0.952148 0.786719 0.962695 0.797656 0.961914 0.795898 0.951758
2 0.736133 0.796094 0.735352 0.80625 0.745898 0.80625 0.744922 0.795898
2 0.804102 0.865234 0.803516 0.875586 0.812109 0.875781 0.811523 0.865234
2 0.926562 0.750195 0.926172 0.761914 0.936719 0.761328 0.9375 0.751563
2 0.739062 0.248633 0.737695 0.257227 0.747656 0.257617 0.748633 0.250391
2 0.800977 0.220117 0.799805 0.228516 0.810937 0.228711 0.809375 0.219727
2 0.550586 0.233984 0.55 0.245312 0.563672 0.245117 0.562305 0.234375
2 0.531055 0.32207 0.530078 0.331641 0.539844 0.331836 0.539648 0.322852
2 0.533594 0.644531 0.532422 0.652734 0.542188 0.652344 0.54082 0.643555
2 0.383203 0.841992 0.37832 0.845117 0.379492 0.853125 0.39082 0.852344 0.388867 0.842969
2 0.370508 0.84082 0.36875 0.845117 0.374023 0.850781 0.376172 0.844141
2 0.282227 0.775 0.279883 0.788086 0.292969 0.789258 0.293945 0.781445 0.291406 0.780664 0.290625 0.775586
2 0.310742 0.45625 0.308789 0.464648 0.318359 0.464648 0.316797 0.456445
2 0.312695 0.478125 0.310742 0.485742 0.319727 0.485742 0.318359 0.478516
2 0.104883 0.64082 0.103711 0.649609 0.111523 0.651172 0.114453 0.641797
2 0.494336 0.824609 0.488086 0.827734 0.495117 0.833984 0.502539 0.827148
2 0.89375 0.52207 0.894141 0.530078 0.903516 0.529102 0.901758 0.520898
2 0.787109 0.547266 0.785937 0.556641 0.794531 0.556641 0.793945 0.547266
2 0.775 0.428711 0.774609 0.438086 0.784766 0.436719 0.78457 0.426953
2 0.0712891 0.0167969 0.0726563 0.0269531 0.0849609 0.0242188 0.0800781 0.0146484
