2 0.973633 0.208008 0.977539 0.22168 0.979492 0.235352 0.977539 0.241211 0.973633 0.239258 0.97168 0.235352 0.96582 0.204102 0.97168 0.206055
2 0.799805 0.766602 0.799805 0.782227 0.780273 0.774414 0.782227 0.766602 0.788086 0.762695
2 0.731445 0.799805 0.741211 0.797852 0.750977 0.801758 0.750977 0.805664 0.727539 0.805664
2 0.894336 0.87832 0.961914 0.875977 0.959961 0.870117 0.898242 0.866992
2 0.40918 0.852539 0.428711 0.852539 0.428711 0.84668 0.426758 0.84082 0.422852 0.84082 0.422852 0.84668 0.411133 0.84668
2 0.333008 0.864258 0.337016 0.876387 0.327301 0.878397 0.329102 0.864258
2 0.244218 0.937024 0.264648 0.93457 0.265323 0.926304 0.245893 0.925299
2 0.543945 0.614258 0.551758 0.629883 0.555664 0.624023 0.553711 0.616211 0.547852 0.608398
2 0.914648 0.663281 0.921875 0.671484 0.924805 0.675 0.929102 0.677734 0.93457 0.680664 0.9375 0.675586 0.921289 0.657031
2 0.538086 0.0166016 0.541992 0.0244141 0.541992 0.0263672 0.529839 0.0316117 0.532227 0.0166016
2 0.57832 0.200195 0.573242 0.205469 0.576758 0.213672 0.587305 0.210742 0.58457 0.201953
2 0.613281 0.247266 0.607422 0.255859 0.610938 0.263672 0.621875 0.255078
2 0.631641 0.150391 0.630664 0.15957 0.642969 0.158594 0.642383 0.149219
2 0.786328 0.336523 0.785937 0.346094 0.793945 0.345703 0.793359 0.336523
2 0.88418 0.585156 0.894336 0.613867 0.902148 0.609961 0.890625 0.581641
2 0.851367 0.749023 0.850781 0.758203 0.860156 0.757812 0.859961 0.747852
2 0.826172 0.895312 0.825195 0.903125 0.836719 0.902734 0.835742 0.894727
2 0.961133 0.859961 0.960547 0.867188 0.991797 0.869336 0.991211 0.860156
2 0.986523 0.776758 0.986523 0.785742 0.995703 0.78418 0.99375 0.776172
2 0.806445 0.682031 0.810352 0.700391 0.819727 0.69707 0.814063 0.687109
2 0.435937 0.0787109 0.436133 0.0882813 0.444141 0.0875 0.444336 0.0763672
2 0.674063 0.727865 0.67542 0.738715 0.68627 0.736907 0.683558 0.726056
2 0.733742 0.887912 0.735098 0.905093 0.747305 0.903736 0.745497 0.886104
