0 0.557936 0.00539386 0.561984 0.0332234 0.579694 0.0458731 0.603475 0.0458731 0.607523 0.0327174 0.600945 0.0210796 0.591837 0.00539386 0.572104 0.00235792
0 0.193622 0.106592 0.20526 0.10305 0.24068 0.105074 0.285207 0.111146 0.298869 0.116206 0.313542 0.128856 0.321132 0.134928 0.32518 0.135434 0.33277 0.143529 0.341878 0.149095 0.356046 0.141505 0.348456 0.113676 0.33024 0.10305 0.31759 0.0893884 0.303423 0.0828105 0.288243 0.0828105 0.269015 0.0828105 0.254847 0.0797745 0.234608 0.0767386 0.206778 0.0762326 0.203742 0.0777506 0.186539 0.0817985 0.185021 0.0959662 0.192611 0.101026
0 0.373249 0.149601 0.369201 0.166299 0.381345 0.173383 0.395513 0.171359 0.403103 0.164781 0.411199 0.161239 0.395007 0.144541 0.380333 0.145553
0 0.161745 0.134422 0.151119 0.152637 0.151119 0.161745 0.164275 0.168323 0.174901 0.164781 0.182997 0.151119 0.184515 0.143529 0.170347 0.139481
0 0.152131 0.250799 0.137963 0.263955 0.112158 0.271039 0.0944483 0.283183 0.0762326 0.293809 0.0747146 0.305446 0.0686427 0.31506 0.0605469 0.323662 0.0645948 0.332264 0.0767386 0.326192 0.0878704 0.314554 0.111652 0.30747 0.12835 0.297857 0.148589 0.284701 0.155167 0.274581 0.154155 0.264461 0.155673 0.255353
0 0.0408132 0.369707 0.0413192 0.380839 0.0382833 0.389947 0.0271515 0.400067 0.0109598 0.403609 0.00387589 0.403609 0 0.406888 0.00539386 0.42486 0.00994778 0.444088 0.0165257 0.45775 0.0392953 0.473941 0.054475 0.487097 0.0711727 0.491145 0.0858464 0.496205 0.112158 0.501265 0.132398 0.486591 0.152637 0.472423 0.157191 0.46534 0.171359 0.461292 0.171359 0.450666 0.145553 0.45269 0.127844 0.45522 0.112158 0.455726 0.0959662 0.443582 0.0823045 0.430426 0.0696547 0.413223 0.0666188 0.403103 0.0747146 0.398549 0.0656068 0.384381 0.0630768 0.379321 0.0595349 0.370719 0.050933 0.370719
0 0.218416 0.525047 0.218922 0.541744 0.2255 0.545792 0.232584 0.540226 0.237644 0.528588 0.2255 0.528082
0 0.265473 0.413729 0.286219 0.4198 0.283689 0.428908 0.271039 0.435992 0.258389 0.426884
0 0.0256335 0.780066 0.0392953 0.813461 0.0458731 0.823581 0.0595349 0.827629 0.0671248 0.814979 0.0666188 0.80233 0.0656068 0.789174 0.0625708 0.781584
0 0.123796 0.765898 0.133916 0.785632 0.145047 0.782596 0.151119 0.773488 0.143529 0.763874 0.138469 0.760838 0.132904 0.760838
0 0.215886 0.773994 0.227018 0.793728 0.240174 0.786138 0.24574 0.778548 0.246752 0.767922 0.224994 0.76691
0 0.284701 0.832689 0.262943 0.837243 0.257377 0.843821 0.262437 0.857989 0.266991 0.872662 0.266991 0.885312 0.258389 0.898468 0.24574 0.919213 0.244222 0.923767 0.241692 0.936923 0.232584 0.959693 0.248776 0.964247 0.271545 0.962729 0.280653 0.958681 0.275593 0.949067 0.264461 0.935405 0.270027 0.923767 0.275087 0.907576 0.282677 0.898974 0.291785 0.88936 0.301399 0.884806 0.285207 0.865072 0.280147 0.849387 0.292291 0.844833 0.290267 0.837243
0 0.295327 0.740093 0.294821 0.749201 0.303929 0.753754 0.312024 0.749707 0.311012 0.740599 0.303929 0.737057 0.298363 0.739081
0 0.268509 0.781078 0.266485 0.798282 0.279135 0.803342 0.286725 0.786138 0.274075 0.78209
0 0.315566 0.648002 0.32012 0.661664 0.334794 0.656098 0.337324 0.641424 0.327204 0.639401 0.319614 0.638389
