0 0.916431 0.101532 0.902263 0.122784 0.903781 0.137963 0.920478 0.161745 0.939706 0.161239 0.943248 0.161239 0.954886 0.158709 0.95438 0.141505 0.946284 0.132398 0.933634 0.140999 0.926044 0.12582 0.927562 0.12329 0.940212 0.122784 0.938694 0.10811 0.92149 0.0995082
0 0.971078 0.000839945 0.960452 0.0165257 0.966018 0.0271515 0.977655 0.0392953 0.962982 0.0468851 0.955392 0.0564989 0.952356 0.0772446 0.958934 0.111652 0.995365 0.118736 0.994353 0.10305 0.980185 0.0919183 0.978161 0.0686427 0.988281 0.0635828 0.998047 0.0694422 0.998047 0.0342353 0.996883 0.0139957 0.995435 0
0 0.965512 0.320626 0.962982 0.343396 0.973102 0.356046 0.984739 0.351998 0.992835 0.337324 0.980185 0.325686
0 0.808148 0.655086 0.806631 0.670772 0.800053 0.682916 0.794487 0.693036 0.794487 0.703155 0.797017 0.715805 0.791451 0.757296 0.794487 0.775006 0.794993 0.794234 0.793981 0.809413 0.804607 0.821051 0.823834 0.838255 0.83699 0.846351 0.850146 0.837749 0.848628 0.820039 0.858242 0.798282 0.858242 0.779054 0.856724 0.772982 0.83446 0.746165 0.831424 0.730985 0.834966 0.709227 0.848628 0.715299 0.85723 0.713781 0.860772 0.702649 0.877975 0.693036 0.890119 0.707709 0.920984 0.714793 0.933128 0.707203 0.966018 0.703661 0.982209 0.697589 0.993341 0.678868 0.985245 0.66217 0.974619 0.661664 0.948308 0.661664 0.935152 0.665712 0.9392 0.656098 0.942742 0.64699 0.916431 0.641424 0.901251 0.645472 0.900745 0.659134 0.907323 0.675326 0.909347 0.682916 0.897203 0.670772 0.856724 0.658628 0.833954 0.663182 0.825858 0.64952 0.816244 0.633329
0 0.866337 0.839267 0.853688 0.850399 0.859254 0.860013 0.876963 0.858495 0.876963 0.845339
0 0.935662 0.836397 0.931526 0.847886 0.939798 0.859835 0.935662 0.881893 0.948529 0.887868 0.95864 0.872702 0.959099 0.850184 0.952665 0.841452
0 0.926011 0.861213 0.895221 0.876838 0.889246 0.886029 0.893382 0.89568 0.919118 0.892923 0.935662 0.875 0.938419 0.86489
0 0.920956 0.84375 0.914982 0.850184 0.919577 0.861213 0.929228 0.856618
0 0.882282 0.806622 0.876593 0.814586 0.879627 0.818378 0.887591 0.815724
0 0.895176 0.710672 0.887212 0.712948 0.889867 0.722049 0.901244 0.72167
0 0.868629 0.750493 0.857251 0.754285 0.860664 0.768318 0.870146 0.762629
0 0.981265 0.752769 0.970267 0.757319 0.976335 0.765663 0.985437 0.76187
0 0.956744 0.181802 0.951089 0.184847 0.950654 0.193546 0.963704 0.191806
0 0.971099 0.253141 0.979799 0.257056 0.975449 0.270105 0.964574 0.26619
0 0.972839 0.277935 0.963269 0.280545 0.971969 0.29055
