0 0.935911 0.0271515 0.943501 0.0448612 0.939959 0.0585229 0.939453 0.0671248 0.946031 0.0716787 0.959693 0.0671248 0.971331 0.0494151 0.964753 0.0322114 0.961211 0.0205736 0.945019 0.0165257 0.933887 0.0215856
0 0.764886 0.00286391 0.753754 0.0114658 0.74996 5.42101e-20 0.74237 0.00134594 0.727443 0.0155137 0.713275 0.0281635 0.716311 0.0398012 0.729973 0.0418252 0.743129 0.0215856 0.75679 0.0251275 0.7745 0.0185496 0.786644 0.00944179 0.787141 1.73472e-18
0 0.697083 0.0681367 0.69506 0.0838225 0.672796 0.0909063 0.654074 0.103556 0.640918 0.116712 0.645978 0.135434 0.65458 0.144035 0.68494 0.138469 0.692024 0.140999 0.723395 0.154155 0.730985 0.150107 0.722383 0.126326 0.701637 0.115194 0.688482 0.114182 0.699613 0.105074 0.714793 0.101532 0.725925 0.0979902 0.734527 0.0843284 0.731491 0.0726907 0.715805 0.0656068 0.705685 0.0640888
0 0.757802 0.120254 0.751224 0.124302 0.751224 0.141505 0.76691 0.145047 0.765392 0.12835
0 0.810425 0.546804 0.818015 0.561984 0.835725 0.560972 0.847363 0.55743 0.842809 0.545286 0.827629 0.545286 0.822569 0.536684 0.803342 0.54731
0 0.822569 0.588295 0.805366 0.597403 0.801318 0.614101 0.808907 0.616125 0.813461 0.620173 0.818015 0.630799 0.803848 0.656604 0.809919 0.67229 0.822063 0.671278 0.830665 0.660652 0.834207 0.643954 0.837243 0.616631 0.835219 0.606511
0 0.761344 0.703661 0.744647 0.716817 0.728455 0.728961 0.736551 0.742623 0.75679 0.734527 0.770452 0.722889 0.773488 0.710239
0 0.733009 0.75426 0.742623 0.770958 0.736551 0.793222 0.735033 0.80233 0.76438 0.811943 0.776018 0.824593 0.77956 0.834713 0.783608 0.849387 0.804354 0.856977 0.813461 0.854447 0.803848 0.826617 0.79474 0.813461 0.787656 0.801318 0.79727 0.790692 0.78462 0.775512 0.76944 0.77956 0.76438 0.77197 0.76438 0.75173 0.758308 0.746165 0.748189 0.745153 0.725419 0.751224
0 0.98145 0.543262 0.972849 0.556418 0.967283 0.544274 0.956657 0.544274 0.948055 0.544274 0.940465 0.54984 0.933887 0.560466 0.932875 0.569574 0.935911 0.577164 0.931863 0.595885 0.928321 0.613089 0.927815 0.638389 0.939959 0.65205 0.955139 0.656604 0.978414 0.676844 0.99157 0.673302 0.998047 0.667166 0.998047 0.640918 0.991064 0.634341 0.981956 0.646484 0.974366 0.643954 0.957163 0.634847 0.954633 0.622703 0.954633 0.608535 0.958681 0.586777 0.955645 0.579188 0.952103 0.560972 0.955139 0.571092 0.967789 0.578176 0.972849 0.576152 0.98145 0.569574 0.990558 0.556924 0.998047 0.549435 0.998047 0.538708 0.98651 0.53972
0 0.587536 0.272557 0.604234 0.270027 0.614354 0.264461 0.606258 0.258389 0.591584 0.258389
0 0.61233 0.24321 0.603728 0.251305 0.615366 0.257883 0.623462 0.252317
0 0.636618 0.232584 0.62498 0.235114 0.628522 0.244222 0.638136 0.24827
0 0.957922 0.128856 0.942236 0.140493 0.953874 0.149601 0.961464 0.138469
0 0.995871 0.379321 0.982209 0.383875 0.988281 0.397537 0.994859 0.387923
0 0.971584 0.380333 0.965006 0.380839 0.965006 0.389441 0.971584 0.396019
0 0.823328 0.504807 0.807136 0.507337 0.81675 0.520999 0.826364 0.517457
0 0.867349 0.56249 0.879999 0.558948 0.878987 0.550852 0.870891 0.54731 0.862795 0.553382
0 0.687217 0.621185 0.678615 0.627257 0.683169 0.638895 0.69683 0.640918 0.695312 0.625233
0 0.705432 0.637377 0.699866 0.643954 0.698348 0.65205 0.710998 0.652556 0.710998 0.637883
0 0.901251 0.525553 0.893661 0.531624 0.897203 0.541238 0.908841 0.54225
