0 0.394754 0.938947 0.409428 0.915166 0.427137 0.913142 0.435739 0.928827 0.418535 0.942995 0.398802 0.945019
0 0.39779 0.871144 0.420053 0.863048 0.450919 0.844833 0.447377 0.831171 0.423089 0.832183 0.403862 0.849893 0.38767 0.856977
0 0.451425 0.821051 0.466605 0.823581 0.464075 0.808907 0.451931 0.808907 0.446871 0.817003
0 0.477736 0.810425 0.487856 0.800306 0.48735 0.787656 0.47217 0.781584 0.465593 0.800306
0 0.495952 0.787656 0.523276 0.782596 0.536431 0.776524 0.550093 0.769946 0.573369 0.76944 0.591584 0.768934 0.605752 0.768428 0.61486 0.756284 0.600692 0.745659 0.572863 0.745659 0.540985 0.744141 0.502024 0.755778 0.485326 0.770452
0 0.597656 0.777536 0.603728 0.793728 0.593608 0.809413 0.588042 0.848375 0.583994 0.866084 0.583489 0.877722 0.598162 0.88177 0.607776 0.878734 0.615872 0.862543 0.620932 0.837243 0.62751 0.813461 0.63004 0.781584 0.62245 0.763874
0 0.59715 0.895432 0.611824 0.90454 0.615366 0.920731 0.636112 0.926297 0.656857 0.938441 0.659893 0.953115 0.639246 0.948989 0.631052 0.969813 0.618908 0.98651 0.630055 0.998047 0.669507 0.998047 0.689747 0.983474 0.694301 0.953115 0.685699 0.924779 0.668495 0.909094 0.644713 0.89695 0.63004 0.878228 0.615872 0.880758 0.601198 0.890372
0 0.274357 0.935662 0.261489 0.948529 0.272059 0.95864 0.28125 0.952665
0 0.23989 0.960478 0.226103 0.96829 0.237132 0.978401 0.244945 0.970129
0 0.256434 0.979779 0.246783 0.988511 0.258272 0.996783 0.278033 0.995404 0.269301 0.984835
0 0.303309 0.909007 0.295496 0.91682 0.302849 0.923254 0.308364 0.914522
0 0.267923 0.921415 0.251379 0.922335 0.256893 0.938419 0.265625 0.939798 0.275735 0.935202 0.275735 0.930147
0 0.426471 0.978401 0.410846 0.991268 0.41636 0.997702 0.420611 0.998047 0.438419 0.994945
0 0.523438 0.778952 0.515625 0.806066 0.526195 0.834559 0.52114 0.85432 0.563419 0.884651 0.574908 0.880515 0.584099 0.841452 0.590533 0.811581 0.592831 0.78125 0.568934 0.776654 0.528493 0.78079
0 0.328125 0.915441 0.317555 0.924173 0.323529 0.930147 0.332261 0.932904 0.331342 0.920956
0 0.926011 0.796415 0.912684 0.803768 0.918199 0.814798 0.92739 0.813879
