2 0.702902 0.179961 0.689747 0.177937 0.691265 0.190587 0.70189 0.191093
2 0.889613 0.214368 0.874433 0.22297 0.889107 0.231572
2 0.871397 0.189069 0.86229 0.194634 0.873927 0.206272
2 0.853182 0.388429 0.835978 0.392983 0.847616 0.403609
2 0.688229 0.848881 0.670013 0.852423 0.677603 0.867096 0.686711 0.868614
2 0.832436 0.874686 0.813714 0.877722 0.825352 0.88936
2 0.815232 0.947043 0.802077 0.947549 0.809666 0.961717
2 0.692783 0.727949 0.677097 0.729973 0.684687 0.745153 0.692783 0.740093
2 0.756537 0.757296 0.742876 0.760838 0.742876 0.772982 0.758561 0.772982
2 0.741358 0.702649 0.72972 0.705179 0.729214 0.716311 0.740346 0.712769
2 0.929586 0.563502 0.914407 0.567044 0.925538 0.579188 0.93161 0.578176
2 0.953368 0.678362 0.940212 0.67988 0.947296 0.691518 0.95691 0.691518
2 0.873927 0.654074 0.861278 0.660146 0.871397 0.675326 0.888601 0.675832 0.889107 0.66217
2 0.934646 0.64193 0.924526 0.642942 0.91896 0.651544 0.928574 0.659134 0.932622 0.651544
2 0.85217 0.548828 0.84205 0.554394 0.850652 0.56755
2 0.882023 0.506831 0.866337 0.512903 0.881011 0.524035
2 0.850146 0.444088 0.833448 0.447124 0.83952 0.460786 0.847616 0.456232
2 0.718588 0.539214 0.70442 0.538202 0.714034 0.549334 0.721118 0.55237
2 0.680664 0.296289 0.680273 0.306445 0.690234 0.306445 0.688867 0.29668
2 0.645312 0.611914 0.644727 0.621484 0.662695 0.621289 0.660937 0.612109
2 0.666602 0.606445 0.666211 0.616016 0.674414 0.61582 0.674219 0.605859
2 0.69707 0.567187 0.697266 0.575195 0.705469 0.574023 0.703516 0.566992
2 0.761719 0.566602 0.761914 0.572266 0.76875 0.57207 0.768945 0.568164
2 0.674414 0.779492 0.674219 0.791797 0.683594 0.791602 0.683008 0.779297
2 0.723828 0.79082 0.723633 0.799219 0.73125 0.798828 0.730664 0.789844
2 0.936719 0.822266 0.936719 0.831055 0.944922 0.830469 0.944336 0.821875
2 0.903516 0.867578 0.902734 0.87793 0.912305 0.877734 0.9125 0.867773
2 0.90957 0.668555 0.909961 0.677148 0.919141 0.676758 0.918945 0.669141
2 0.809961 0.663867 0.809766 0.671875 0.819336 0.67168 0.819531 0.663281
