0 0.0127307 0.211332 0.0451142 0.213862 0.054728 0.200706 0.0294284 0.186033 0.0274045 0.165793 0.0142487 0.150107 -1.73472e-18 0.153993 0.00159893 0.171359 0.0091888 0.193116
0 0.122025 0.179961 0.146312 0.189575 0.181732 0.185021 0.204501 0.174395 0.217657 0.145047 0.227271 0.104062 0.217151 0.0787625 0.212597 0.0645948 0.179708 0.0595349 0.161492 0.0590289 0.139228 0.0463791 0.117471 0.0438492 0.115953 0.0721847 0.141252 0.0833165 0.16554 0.0934363 0.189322 0.0934363 0.184262 0.126832 0.176672 0.151119 0.159468 0.153649 0.138216 0.150613 0.122531 0.161745 0.118989 0.173889
0 0.0643418 0.0306934 0.0623178 0.051439 0.0780036 0.051945 0.0840755 0.0403072
0 0.051186 0.0311994 0.0390423 0.0387893 0.0471381 0.0443552 0.0587759 0.0403072
0 0.0258865 0.140999 0.0147547 0.145553 0.0223446 0.151119 0.0314524 0.152131 0.0319584 0.140999
0 0.142264 0.0868584 0.131639 0.0929303 0.125567 0.10811 0.128097 0.121266 0.139734 0.12329 0.148336 0.114688 0.148336 0.10558 0.138216 0.10558 0.1453 0.0974842
0 0.126073 0.127338 0.116965 0.129868 0.121519 0.139481 0.128603 0.132904
0 0.121013 0.148083 0.105327 0.144541 0.103303 0.152637 0.118483 0.157697
0 0.0648478 0.141505 0.052198 0.142517 0.052198 0.154661 0.0587759 0.157697
0 0.0941953 0.0635828 0.0845814 0.0625708 0.0795215 0.0721847 0.0926773 0.0742086
0 0.0238625 0.489627 0.0127307 0.486085 0.0167787 0.497723 0.0263925 0.502783
0 0.00412889 0.639906 0.0147547 0.637377 0.0157667 0.648508 0.00412889 0.653062 0.0031169 0.645978
0 0.0936893 0.671278 0.106339 0.671784 0.101785 0.68241 0.0926773 0.679374
