0 0 0.813967 0.0200676 0.816497 0.0311994 0.829147 0.053463 0.824087 0.0696547 0.828135 0.0640888 0.837243 0.054475 0.845845 0.0357533 0.848375 0.00640585 0.845339 0 0.844485 0 0.838761
0 0.146565 0.78462 0.135434 0.800812 0.137457 0.816497 0.152637 0.814473 0.162251 0.798788 0.165287 0.78968 0.179961 0.775512 0.168829 0.767922 0.158203 0.770958 0.154155 0.78209
0 0.405127 0.4704 0.401079 0.481025 0.407151 0.488615 0.399055 0.503795 0.399561 0.516951 0.408669 0.527071 0.428402 0.519481 0.435992 0.508349 0.449148 0.498229 0.441052 0.485579 0.46787 0.479507 0.498735 0.461292 0.503795 0.442064 0.491651 0.443582 0.480013 0.45775 0.466858 0.458256 0.456232 0.458256 0.436498 0.466858 0.436498 0.473435
0 0.595379 0.324168 0.619667 0.332264 0.631305 0.323156 0.659134 0.329734 0.672796 0.32518 0.698601 0.314048 0.702649 0.312024 0.707203 0.327204 0.699107 0.34289 0.674314 0.35048 0.643448 0.351998 0.618655 0.356552 0.596897 0.354022 0.595885 0.338336
0 0.804354 0.336818 0.783102 0.339348 0.778548 0.349974 0.785126 0.365659 0.799294 0.367683 0.817509 0.357058 0.815991 0.340866
0 0.768934 0.359082 0.751224 0.357058 0.743129 0.373755 0.747683 0.383875 0.730479 0.392983 0.713781 0.401585 0.701131 0.410693 0.703661 0.421824 0.709227 0.433968 0.700119 0.45775 0.702143 0.473435 0.715805 0.500253 0.733515 0.505819 0.745153 0.533142 0.740599 0.540226 0.75679 0.527071 0.75932 0.516951 0.762862 0.503289 0.761344 0.486085 0.752236 0.486085 0.742117 0.478495 0.733009 0.473941 0.731997 0.449654 0.734021 0.428908 0.747177 0.414235 0.762862 0.407151 0.786644 0.386911 0.781078 0.373755 0.773994 0.360599
0 0.720359 0.588295 0.728455 0.607523 0.75679 0.627257 0.765392 0.640412 0.789174 0.639906 0.80233 0.638895 0.813461 0.634847 0.809413 0.604487 0.800306 0.585765 0.777536 0.568562 0.752742 0.559454 0.736045 0.561984 0.722383 0.576658
0 0.867096 0.471412 0.855459 0.490639 0.862037 0.501265 0.878228 0.494181 0.880758 0.485579 0.87165 0.475459
0 0.824087 0.637883 0.815991 0.65458 0.828641 0.663688 0.83952 0.653062 0.845339 0.643448 0.831171 0.634847
0 0.826111 0.709733 0.812955 0.720865 0.812955 0.738069 0.805366 0.749707 0.804354 0.768934 0.814979 0.775006 0.830159 0.749707 0.843315 0.746671 0.854447 0.739587 0.841291 0.729467 0.835725 0.721371
0 0.815991 0.78715 0.818015 0.798788 0.825099 0.806378 0.821051 0.818015 0.823581 0.834713 0.843315 0.815485 0.846857 0.797776 0.835219 0.78462 0.819027 0.779054
0 0.683928 0.959187 0.672796 0.965259 0.67735 0.975884 0.694048 0.968295
0 0.305193 0.518469 0.325433 0.506325 0.335047 0.491145 0.327457 0.475459 0.306205 0.472929 0.290014 0.487603 0.29052 0.505313
0 0.506072 0.409175 0.526312 0.405633 0.528335 0.395007 0.517204 0.392983 0.504048 0.400067
0 0.622956 0.213356 0.610306 0.218922 0.617896 0.234608 0.625992 0.230054
0 0.578935 0.281665 0.571345 0.272051 0.565779 0.281665 0.573875 0.296845
0 0.0390423 0.75173 0.0238625 0.75173 0.0314524 0.766404
0 0.128097 0.777536 0.120001 0.776018 0.120001 0.783608 0.127591 0.789174
0 0.101785 0.778548 0.0941953 0.772476 0.0845814 0.783102 0.0977372 0.788668
0 0.912383 0.565526 0.898215 0.564514 0.899227 0.577164 0.915419 0.574634
0 0.679627 0.875698 0.670519 0.887842 0.672543 0.896444 0.682157 0.895432
0 0.70695 0.847363 0.692277 0.861531 0.688735 0.872156 0.686711 0.88936 0.698348 0.897456 0.707962 0.892902 0.699866 0.879746 0.710998 0.867096 0.717576 0.855459 0.71454 0.847363
0 0.688735 0.928321 0.674061 0.929333 0.674061 0.944007 0.683169 0.943501
0 0.703408 0.947043 0.685699 0.941983 0.680639 0.951091 0.692277 0.959187 0.70442 0.955139
0 0.8294 0.509867 0.816244 0.512397 0.812702 0.528082 0.821304 0.536178 0.83193 0.521505
0 0.83699 0.307976 0.830412 0.317084 0.842556 0.332264 0.851158 0.336312 0.865831 0.32771 0.866843 0.303929 0.856724 0.298363
0 0.928574 0.536178 0.918455 0.558442 0.925538 0.56502 0.94426 0.561478 0.944766 0.550346
0 0.987775 0.267497 0.976643 0.277111 0.976137 0.292291 0.989293 0.300893 0.994859 0.284195
0 0.940718 0.264461 0.93161 0.260413 0.930092 0.275087 0.937176 0.275087
0 0.911877 0.282171 0.901757 0.287231 0.902263 0.301399 0.909347 0.31 0.917443 0.301399 0.918455 0.285713
0 0.996377 0.342384 0.983727 0.345926 0.982209 0.357058 0.989799 0.369201 0.998047 0.361703
0 0.546551 0.31506 0.537443 0.313542 0.538455 0.323156 0.544527 0.328216
0 0.853182 0.64952 0.841038 0.652556 0.83952 0.665206 0.856724 0.670772 0.858748 0.655086
0 0.872915 0.709227 0.861278 0.710745 0.863301 0.720359 0.871397 0.721877
0 0.871903 0.670772 0.85976 0.668748 0.860772 0.681398 0.867855 0.683928
0 0.952356 0.0716787 0.940212 0.0782566 0.95185 0.0878704 0.955392 0.0767386
