2 0.395766 0.053635 0.395766 0.0718507 0.411958 0.0728627 0.413982 0.0526231
2 0.548931 0.226151 0.548246 0.240543 0.559211 0.244655 0.562637 0.224095
2 0.83813 0.286458 0.834704 0.301535 0.847725 0.307703 0.851837 0.292626
2 0.429002 0.25562 0.429002 0.266584 0.439282 0.267955 0.439967 0.254249
2 0.308388 0.299479 0.309073 0.3125 0.320038 0.310444 0.321409 0.299479
2 0.417945 0.016276 0.417945 0.0308082 0.429571 0.0302269 0.434222 0.0180199
2 0.939046 0.0227051 0.939046 0.0349121 0.952881 0.0373535 0.952881 0.0202637
2 0.951253 0.0544434 0.950439 0.0739746 0.968343 0.0715332 0.968343 0.0593262
2 0.95695 0.129313 0.955322 0.143148 0.972412 0.143148 0.972412 0.126058
2 0.63387 0.596436 0.630615 0.61027 0.647705 0.614339 0.648519 0.598063
2 0.806396 0.926025 0.805583 0.947184 0.823486 0.947184 0.822673 0.926839
2 0.795003 0.781169 0.794189 0.795817 0.816976 0.795003 0.816162 0.781982
2 0.823486 0.753499 0.821045 0.771403 0.835693 0.779541 0.843831 0.763265
2 0.844645 0.781169 0.846273 0.798258 0.862549 0.799886 0.864176 0.780355
2 0.685954 0.952067 0.685954 0.965902 0.70223 0.969157 0.704671 0.955322
