0 0.0215856 0.329228 0.0114658 0.340866 0.00589985 0.358576 0.0089358 0.375273 0.0114658 0.391465 0.0220916 0.404621 0.0322114 0.402597 0.0296814 0.389947 0.0276575 0.373755 0.0276575 0.360599 0.0322114 0.352504 0.0372713 0.365659 0.0453671 0.372237 0.053969 0.373249 0.0585229 0.361105 0.0575109 0.354528 0.0484031 0.3353 0.0387893 0.325686
0 0.0114658 0.462304 0.0200676 0.458762 0.0271515 0.452184 0.0311994 0.440546 0.0423312 0.435992 0.051439 0.436498 0.0438492 0.455726 0.0377773 0.46787 0.0286694 0.477483 0.00944179 0.481025 1.73472e-18 0.483013 0.000333954 0.460786 0.00589985 0.46281
0 0.158203 0.451172 0.175407 0.45016 0.184009 0.443076 0.196658 0.42992 0.206272 0.421824 0.221958 0.403103 0.217404 0.397031 0.2002 0.402597 0.193116 0.413223 0.180973 0.42486 0.163769 0.431944 0.152637 0.43751 0.150613 0.44763
0 0.0595349 0.336818 0.0605469 0.353516 0.0716787 0.352504 0.0726907 0.341878
0 0.116712 0.246752 0.114182 0.261931 0.126326 0.265979 0.135434 0.255859
0 0.147577 0.266485 0.132398 0.271545 0.131386 0.282171 0.142517 0.286725 0.157191 0.281665
0 0.208296 0.111146 0.211838 0.0969782 0.22044 0.0833165 0.226006 0.0787625 0.239162 0.0635828 0.254847 0.0635828 0.261425 0.0752206 0.260919 0.0843284 0.252823 0.0883764 0.242198 0.0949543 0.23056 0.10558 0.227018 0.116712 0.213356 0.117724
0 0.175913 0.181479 0.173383 0.199188 0.185021 0.213356 0.191599 0.196152 0.190081 0.184009
0 0.276099 0.0757266 0.261425 0.0909063 0.246752 0.0990022 0.246246 0.112664 0.252317 0.117724 0.262943 0.113676 0.267497 0.10305 0.280147 0.101532 0.291279 0.0924243 0.296339 0.0767386 0.285713 0.0737026
0 0.354528 0.157191 0.353516 0.172877 0.339854 0.179455 0.334288 0.190081 0.341878 0.20273 0.34542 0.210826 0.349468 0.222464 0.366165 0.206778 0.365153 0.192105 0.370719 0.179455 0.371731 0.165793 0.366671 0.152637
0 0.293809 0.301905 0.293809 0.313036 0.30494 0.31506 0.308988 0.326192 0.306458 0.337324 0.299375 0.34036 0.290267 0.352504 0.290267 0.368695 0.297351 0.371225 0.32012 0.35554 0.328722 0.341878 0.331758 0.317084 0.318096 0.301399 0.302411 0.296845
