2 0.507084 0.181479 0.496964 0.186033 0.497976 0.194634 0.504554 0.196658
2 0.495952 0.20273 0.485832 0.20779 0.486844 0.218416 0.496964 0.216898
2 0.514674 0.278123 0.499494 0.280653 0.503036 0.292291 0.511132 0.285713
2 0.569321 0.289255 0.558695 0.289255 0.556671 0.302917 0.568815 0.299375
0 0.182238 0.558948 0.174648 0.561984 0.17819 0.57514 0.185274 0.566032
0 0.185274 0.591837 0.17313 0.591837 0.17313 0.600945 0.184768 0.599427
2 0.28546 0.505313 0.27281 0.509867 0.2804 0.516445 0.285966 0.514421
2 0.326445 0.54984 0.314807 0.549334 0.316831 0.560466 0.327963 0.556418
0 0.356299 0.583741 0.346179 0.583236 0.343143 0.593861 0.351239 0.598921
0 0.940718 0.583236 0.930092 0.583236 0.931104 0.590319 0.937682 0.590319
0 0.830918 0.445606 0.817762 0.449654 0.826364 0.461798
2 0.813208 0.46028 0.802583 0.459774 0.802583 0.471412 0.81422 0.471918
0 0.905299 0.288749 0.885059 0.289761 0.896697 0.301905 0.904287 0.298363
2 0.804101 0.199188 0.795499 0.206272 0.801571 0.21538 0.808148 0.206778
2 0.429161 0.0291754 0.416511 0.0332234 0.418535 0.0398012 0.428149 0.0392953
