2 0.252317 0.0701607 0.242704 0.0747146 0.245234 0.0868584 0.251811 0.0853404
2 0.266485 0.102544 0.251305 0.102038 0.249787 0.11064 0.263955 0.11317
2 0.309494 0.173889 0.297351 0.174901 0.296339 0.189575 0.30494 0.191093
2 0.366165 0.136446 0.351998 0.138469 0.349468 0.146059 0.362623 0.148083
2 0.506325 0.155167 0.498735 0.156179 0.497217 0.167311 0.504807 0.167311
2 0.749201 0.0893884 0.739081 0.0939423 0.742623 0.107098 0.749201 0.108616
2 0.855965 0.45269 0.840785 0.450666 0.841291 0.461292 0.854953 0.462304
2 0.514927 0.67988 0.506325 0.677856 0.501771 0.692024 0.509361 0.696071
2 0.44004 0.664194 0.42992 0.665206 0.423848 0.67482 0.43245 0.680386
2 0.252823 0.645978 0.239162 0.648508 0.24574 0.663688 0.253835 0.663688
2 0.725925 0.0868584 0.709733 0.0909063 0.715805 0.104568 0.725419 0.102038
2 0.309494 0.978414 0.300387 0.979426 0.299881 0.986004 0.310506 0.987522 0.315566 0.980944
