2 0.976758 0.9125 0.976562 0.920312 0.9875 0.920117 0.987305 0.912891
2 0.662109 0.266602 0.656445 0.271875 0.666016 0.282617 0.67207 0.275
2 0.927148 0.192578 0.926953 0.202148 0.937695 0.201367 0.936523 0.191992
2 0.962891 0.230859 0.961719 0.240625 0.973242 0.241992 0.973047 0.232617
2 0.516406 0.0179687 0.508984 0.0228516 0.5125 0.0304687 0.522266 0.021875 0.520508 0.0171875
2 0.530273 0.0537109 0.518359 0.0644531 0.523242 0.0697266 0.535547 0.0597656 0.53418 0.0527344
2 0.0121094 0.0365234 0.00703125 0.0431641 0.0128906 0.0458984 0.0175781 0.040625
2 0.207227 0.880469 0.206641 0.887695 0.217188 0.887109 0.216992 0.879687
2 0.599805 0.883594 0.599609 0.893164 0.610547 0.892578 0.609961 0.884375
2 0.181055 0.699023 0.180859 0.705664 0.19082 0.705078 0.188672 0.697656
2 0.602734 0.47832 0.603711 0.488086 0.613086 0.486328 0.610742 0.47793
2 0.67168 0.486328 0.671875 0.492773 0.678516 0.492188 0.67832 0.485938
