0 0 0.110134 0.0409853 0.102544 0.0607189 0.0995082 0.0672968 0.128856 0.0728627 0.143023 0.0865244 0.143023 0.10474 0.133916 0.126498 0.129362 0.163941 0.129362 0.190253 0.127844 0.213022 0.136952 0.210492 0.152131 0.187723 0.145047 0.163941 0.145047 0.12751 0.149095 0.11233 0.152131 0.0941143 0.162251 0.0971503 0.173383 0.103728 0.189069 0.110306 0.198176 0.111234 0.208789 0.104984 0.219141 0.0895543 0.225781 0.0662848 0.23056 0.0435152 0.223982 0.0212516 0.22044 0.00758986 0.210826 0.00505991 0.197164 0.00101198 0.191093
0 0.195646 0.178443 0.185527 0.188057 0.190081 0.202224 0.204248 0.197164 0.21538 0.191599 0.214368 0.179455 0.200706 0.176925
0 0.209814 0.209814 0.208802 0.229042 0.212344 0.246752 0.227524 0.251811 0.230054 0.236126 0.231066 0.223982 0.229548 0.211838 0.221958 0.204248 0.21538 0.203742
0 0.150613 0.291279 0.159721 0.315566 0.165793 0.32771 0.177937 0.322144 0.178443 0.309494 0.173889 0.295833 0.162757 0.287231
0 0.0843284 0.332264 0.0833165 0.347444 0.0767386 0.360094 0.0824219 0.377344 0.0939453 0.376563 0.0995082 0.371731 0.107604 0.362117 0.10811 0.341372 0.101532 0.33277
0 0.0139957 0.240174 0.0165257 0.252823 0.0271515 0.256871 0.0306934 0.247258 0.0246215 0.241186
0 0.103711 0.537695 0.0986328 0.546094 0.111523 0.545508
0 0.0568359 0.471484 0.0572266 0.479297 0.0681641 0.47793 0.0671875 0.469141
0 0.0333984 0.500195 0.0337891 0.506445 0.0404297 0.505078 0.0390625 0.498437
0 0.0525391 0.497266 0.0525391 0.503711 0.0591797 0.503516 0.0587891 0.49707
0 0.0734375 0.377344 0.0734375 0.385547 0.08125 0.385352 0.0816406 0.377734
0 0.223633 0.137891 0.242383 0.139844 0.24707 0.133789 0.271875 0.133594 0.271875 0.145508 0.262109 0.149414 0.255664 0.144336 0.243945 0.146289 0.23125 0.150781 0.220508 0.142969
0 0.230859 0.180859 0.229102 0.1875 0.239453 0.189062 0.241016 0.181836
0 0.129297 0.204687 0.128711 0.199805 0.120508 0.199805 0.121094 0.207813 0.111914 0.213672 0.106445 0.228906 0.0958984 0.236133 0.084375 0.244922 0.0601563 0.247461 0.0574219 0.239063 0.0455078 0.276367 0.0607422 0.300391 0.0775391 0.30918 0.0861328 0.310352 0.0904297 0.318555 0.106836 0.317383 0.100195 0.302734 0.0630859 0.285938 0.0589844 0.280273 0.0798828 0.285352 0.0945312 0.280273 0.109375 0.280664 0.117578 0.270898 0.126562 0.24668 0.147266 0.234961 0.144727 0.230078 0.148633 0.227148 0.151367 0.23125 0.157031 0.223047 0.154688 0.219141 0.15332 0.208594 0.145117 0.208203 0.141797 0.198437
0 0.115234 0.338086 0.120898 0.347461 0.12832 0.349023 0.132227 0.361328 0.139648 0.366016 0.146289 0.361914 0.139258 0.355469 0.137305 0.347266 0.135742 0.337891 0.127344 0.344141 0.121875 0.332031
