0 0.183503 0.349974 0.170094 0.366165 0.177178 0.379321 0.188057 0.375273 0.201212 0.368695 0.205766 0.359588 0.198176 0.35554
0 0.222464 0.358576 0.209814 0.363129 0.209814 0.373755 0.226512 0.382357 0.23056 0.376285 0.229548 0.361611
0 0.179961 0.400067 0.192611 0.401585 0.209814 0.405633 0.215886 0.414741 0.205766 0.423342 0.198682 0.417776 0.190081 0.412211 0.179455 0.409681
0 0.254341 0.34542 0.254847 0.35554 0.262437 0.365659 0.271545 0.367683 0.276605 0.355034 0.274075 0.348456
0 0.270027 0.375273 0.265473 0.380333 0.265979 0.394501 0.275593 0.396019 0.289255 0.384887 0.283183 0.379827
0 0.277111 0.409175 0.280653 0.433968 0.289255 0.4451 0.300387 0.455726 0.306964 0.455726 0.305446 0.446112 0.299375 0.431944 0.297351 0.4198 0.297351 0.405127 0.290267 0.399561
0 0.493169 0.703661 0.496205 0.725925 0.504807 0.738069 0.514421 0.748695 0.525553 0.752236 0.534407 0.739587 0.531371 0.728961 0.511385 0.723395 0.529853 0.704673 0.508096 0.700119
0 0.772223 0.737057 0.770452 0.742117 0.75173 0.750719 0.744141 0.753248 0.742117 0.763874 0.75426 0.771464 0.769946 0.772982 0.786138 0.766404 0.794234 0.756284 0.795246 0.744647 0.808148 0.732503 0.791198 0.727443 0.786391 0.727443
0 0.542756 0.615619 0.526818 0.616125 0.521505 0.624221 0.528588 0.633329 0.544274 0.632317 0.54984 0.623715
0 0.447377 0.618149 0.460533 0.632823 0.476724 0.630799 0.4747 0.618655 0.459521 0.608029 0.450413 0.604993 0.443835 0.609547
0 0.486338 0.620679 0.480266 0.634847 0.494434 0.642436 0.5 0.629787
0 0.619414 0.64446 0.606764 0.655592 0.618908 0.66217 0.625992 0.655086
0 0.386152 0.0494151 0.376032 0.0564989 0.38008 0.0656068 0.39273 0.0595349
0 0.391718 0.0701607 0.381092 0.0737026 0.38767 0.0817985 0.395766 0.0772446
0 0.257124 0.193622 0.248017 0.19767 0.247511 0.211332 0.256618 0.213862 0.262184 0.2002
0 0.39526 0.177431 0.391718 0.195646 0.399814 0.211838 0.41044 0.22044 0.423089 0.207284 0.419041 0.191599 0.406898 0.181479
0 0.558189 0.148589 0.548575 0.153143 0.556165 0.164275 0.564261 0.162757 0.564767 0.150107
0 0.655845 0.0807865 0.647243 0.0878704 0.649267 0.0974842 0.661917 0.0914123
0 0.210573 0.234102 0.199441 0.258389 0.206525 0.266485 0.219681 0.247764 0.222211 0.236126
0 0.169588 0.324168 0.16301 0.33024 0.16554 0.339854 0.176166 0.337324
0 0.169082 0.368695 0.16048 0.378309 0.1706 0.386911 0.172624 0.376285
0 0.203489 0.433462 0.196405 0.437004 0.202983 0.446112 0.210067 0.435992
0 0.247511 0.472929 0.235367 0.482543 0.241439 0.491145 0.249534 0.484567
0 0.296592 0.462304 0.294568 0.469388 0.304182 0.479507 0.311265 0.486591 0.324927 0.493169 0.334541 0.492663 0.328975 0.473435 0.310759 0.468376
0 0.319361 0.491651 0.311265 0.504301 0.321385 0.512397 0.327457 0.504301
0 0.378056 0.486591 0.359335 0.477483 0.354781 0.490133 0.372996 0.500759
0 0.316325 0.388935 0.307217 0.392477 0.310253 0.403103 0.323915 0.404115 0.322903 0.393489
0 0.780319 0.695565 0.779307 0.711757 0.774753 0.722383 0.781331 0.726937 0.786897 0.721371 0.788921 0.708215 0.789427 0.699613
0 0.684181 0.707709 0.673555 0.709227 0.667989 0.715299 0.678615 0.722889 0.686711 0.714287
0 0.328975 0.201212 0.320879 0.221452 0.327963 0.22297 0.333529 0.216392 0.334035 0.204248
0 0.189322 0.381851 0.177684 0.384381 0.176166 0.392477 0.187804 0.394501 0.191852 0.387417
0 0.649773 0.403103 0.642183 0.406139 0.644207 0.416764 0.650785 0.41727
