0 0.356805 0.133916 0.328975 0.148589 0.327963 0.173889 0.36743 0.171359 0.391718 0.170853 0.397284 0.153649 0.395766 0.132904 0.380586 0.138975
0 0.311265 0.275087 0.311265 0.295327 0.330999 0.295833 0.319361 0.274075
0 0.330999 0.302917 0.316325 0.317084 0.328469 0.333276 0.347697 0.324674 0.348203 0.308482
0 0.428655 0.157697 0.421065 0.166299 0.431185 0.175913 0.446871 0.169841
0 0.37755 0.367683 0.377044 0.389441 0.389694 0.394501 0.396272 0.382357
0 0.41297 0.370719 0.407404 0.400573 0.417523 0.428908 0.437763 0.431944 0.441305 0.409681 0.432197 0.380839
0 0.455979 0.396525 0.447883 0.407151 0.454967 0.416764 0.474194 0.416259 0.468629 0.397537
0 0.616378 0.334794 0.6098 0.346432 0.633076 0.368189 0.644713 0.354528 0.638642 0.345926
0 0.71454 0.305446 0.704926 0.32518 0.72466 0.333276 0.732756 0.32012
0 0.340107 0.23562 0.330493 0.23815 0.329481 0.259401 0.334541 0.264461 0.342131 0.255859
0 0.419547 0.134422 0.399308 0.131386 0.397284 0.139987 0.408416 0.150107 0.418029 0.156179 0.424607 0.152637 0.425113 0.139481
0 0.476724 0.145047 0.469135 0.145047 0.467111 0.154155 0.4747 0.157697
0 0.699866 0.143023 0.685699 0.149601 0.691771 0.159215 0.699866 0.157191
0 0.680639 0.343396 0.670519 0.34795 0.671531 0.355034 0.679627 0.35807
0 0.497976 0.413729 0.48735 0.412211 0.485832 0.423848 0.495446 0.426884
0 0.48735 0.308988 0.473688 0.316578 0.481784 0.324168
0 0.465087 0.321638 0.452437 0.324168 0.461039 0.3353 0.466605 0.33024
0 0.395766 0.357058 0.385646 0.358576 0.385646 0.369201 0.397284 0.366671
0 0.417017 0.249281 0.40538 0.254847 0.414994 0.265473 0.418535 0.258895
0 0.670519 0.145553 0.655339 0.150613 0.662929 0.157191 0.667483 0.157191
