0 0.557936 0.00539386 0.561984 0.0332234 0.579694 0.0458731 0.603475 0.0458731 0.607523 0.0327174 0.600945 0.0210796 0.591837 0.00539386 0.572104 0.00235792
0 0.193622 0.106592 0.208984 0.110352 0.24068 0.105074 0.271289 0.116406 0.290039 0.123438 0.313542 0.128856 0.321132 0.134928 0.32518 0.135434 0.33277 0.143529 0.341878 0.149095 0.356046 0.141505 0.348456 0.113676 0.33024 0.10305 0.31759 0.0893884 0.303423 0.0828105 0.288243 0.0828105 0.269015 0.0828105 0.254847 0.0797745 0.234608 0.0767386 0.206778 0.0762326 0.203742 0.0777506 0.186539 0.0817985 0.185021 0.0959662 0.192611 0.101026
0 0.37657 0.149797 0.372522 0.166494 0.384665 0.173578 0.398833 0.171554 0.406423 0.164976 0.414519 0.161434 0.398327 0.144737 0.383653 0.145749
0 0.161745 0.134422 0.151119 0.152637 0.151119 0.161745 0.164275 0.168323 0.174901 0.164781 0.182997 0.151119 0.184515 0.143529 0.170347 0.139481
0 0.152131 0.250799 0.154883 0.275 0.133789 0.271094 0.118359 0.279297 0.104297 0.26543 0.0923828 0.27207 0.0944483 0.283183 0.0762326 0.293809 0.0747146 0.305446 0.0613281 0.313281 0.05625 0.323828 0.0645948 0.332264 0.0791016 0.332031 0.0976562 0.323242 0.111652 0.30747 0.12835 0.297857 0.150391 0.293164 0.167773 0.283203 0.168359 0.264258 0.160547 0.252344
0 0.0484375 0.428711 0.0396484 0.403125 0.0314453 0.399805 0.0220703 0.419922 0.0109598 0.403609 0.00387589 0.403609 0 0.406888 0 0.422656 0.00994778 0.444088 0.0165257 0.45775 0.0392953 0.473941 0.054475 0.487097 0.0711727 0.491145 0.0858464 0.496205 0.112158 0.501265 0.132398 0.486591 0.152637 0.472423 0.157191 0.46534 0.171359 0.461292 0.171359 0.450666 0.145553 0.45269 0.127844 0.45522 0.112158 0.455726 0.0959662 0.443582 0.0823045 0.430426 0.0696547 0.413223 0.0666188 0.403103 0.0480469 0.400391
0 0.218416 0.525047 0.218922 0.541744 0.2255 0.545792 0.232584 0.540226 0.237644 0.528588 0.2255 0.528082
0 0.265473 0.413729 0.286219 0.4198 0.283689 0.428908 0.271039 0.435992 0.258389 0.426884
0 0.0256335 0.780066 0.0392953 0.813461 0.0458731 0.823581 0.0595349 0.827629 0.0671248 0.814979 0.0666188 0.80233 0.0656068 0.789174 0.0625708 0.781584
0 0.123796 0.765898 0.133916 0.785632 0.145047 0.782596 0.151119 0.773488 0.143529 0.763874 0.138469 0.760838 0.132904 0.760838
0 0.215886 0.773994 0.227018 0.793728 0.240174 0.786138 0.24574 0.778548 0.246752 0.767922 0.224994 0.76691
0 0.284701 0.832689 0.262943 0.837243 0.257377 0.843821 0.262437 0.857989 0.266991 0.872662 0.266991 0.885312 0.258389 0.898468 0.24574 0.919213 0.244222 0.923767 0.241692 0.936923 0.232584 0.959693 0.248776 0.964247 0.271545 0.962729 0.280653 0.958681 0.275593 0.949067 0.264461 0.935405 0.270027 0.923767 0.275087 0.907576 0.282677 0.898974 0.304688 0.90293 0.301399 0.884806 0.285207 0.865072 0.280147 0.849387 0.292291 0.844833 0.290267 0.837243
0 0.295327 0.740093 0.294821 0.749201 0.303929 0.753754 0.312024 0.749707 0.311012 0.740599 0.303929 0.737057 0.298363 0.739081
0 0.268509 0.781078 0.266485 0.798282 0.279135 0.803342 0.286725 0.786138 0.274075 0.78209
0 0.315566 0.648002 0.32012 0.661664 0.334794 0.656098 0.337324 0.641424 0.327204 0.639401 0.319614 0.638389
0 0.480078 0.152539 0.46543 0.162305 0.460547 0.173633 0.462891 0.186523 0.472656 0.184375 0.472852 0.169531 0.481445 0.1625 0.485742 0.15332
0 0.584375 0.059375 0.58125 0.0652344 0.600391 0.0740234 0.606641 0.0669922 0.591602 0.0591797
0 0.657227 0.000976562 0.656836 0.009375 0.665039 0.00898437 0.665234 0.00136719
0 0.318359 0.149219 0.317578 0.156836 0.325781 0.15625 0.325781 0.148438
0 0.349219 0.149414 0.347461 0.158203 0.336328 0.160938 0.334766 0.170117 0.349219 0.169531 0.350391 0.162891 0.359961 0.163086 0.362695 0.154102 0.355664 0.147461
0 0.148047 0.206836 0.147461 0.217383 0.158789 0.216406 0.155664 0.20625
0 0.0984375 0.328516 0.0972656 0.338281 0.105469 0.338086 0.105273 0.329492
0 0.0462891 0.372852 0.0423828 0.38418 0.0496094 0.384961 0.0484375 0.394141 0.0679687 0.399805 0.078125 0.384375 0.0722656 0.374219 0.0626953 0.379102 0.0609375 0.385937 0.0525391 0.371289
0 0.0691406 0.344922 0.0646484 0.354883 0.0673828 0.370508 0.078125 0.370117 0.0921875 0.361719 0.0861328 0.35625 0.0736328 0.361133 0.0751953 0.350391 0.0765625 0.343945
0 0.209766 0.432812 0.211133 0.442383 0.225391 0.444922 0.233203 0.429688 0.227344 0.426367 0.222266 0.425977 0.219922 0.433203 0.213672 0.429492
0 0.351562 0.605664 0.349805 0.614648 0.341211 0.616211 0.340039 0.623047 0.355469 0.622852 0.3625 0.613086 0.35957 0.604297
0 0.305859 0.603906 0.306445 0.612695 0.31582 0.612109 0.315039 0.600195
0 0.32793 0.606641 0.32793 0.616016 0.336719 0.614648 0.336914 0.606445
0 0.270313 0.663086 0.27168 0.674023 0.281055 0.67207 0.279102 0.661914
0 0.17793 0.65957 0.174023 0.668164 0.191211 0.682422 0.200586 0.67207
0 0.113672 0.711914 0.101562 0.72207 0.0955078 0.732617 0.084375 0.738281 0.0865234 0.74707 0.0998047 0.751367 0.0833984 0.758594 0.0851563 0.767969 0.103906 0.766211 0.106836 0.757422 0.121875 0.750781 0.131836 0.745703 0.142773 0.738086 0.132617 0.725195 0.111523 0.73457 0.125781 0.718359
0 0.150977 0.709961 0.141406 0.708594 0.145508 0.721875 0.158008 0.72207 0.161914 0.709766
0 0.165234 0.761328 0.166016 0.768945 0.174609 0.768555 0.174414 0.760938
0 0.206055 0.771289 0.190625 0.776563 0.194727 0.784766 0.201758 0.778125 0.211133 0.780664
0 0.255078 0.757812 0.248242 0.760938 0.25293 0.775977 0.262109 0.774023 0.2625 0.765625 0.269141 0.775391 0.27832 0.772266 0.273828 0.763281 0.274805 0.750195
0 0.29043 0.768164 0.290625 0.778516 0.305859 0.779102 0.305664 0.771289
0 0.458203 0.716602 0.457813 0.727734 0.466016 0.727539 0.466602 0.716992
0 0.580664 0.79375 0.579883 0.802148 0.587891 0.802344 0.588086 0.792578
0 0.025645 0.762375 0.038365 0.761144 0.0455456 0.756631 0.0564191 0.761349 0.0533416 0.772633 0.0416475 0.773454 0.043494 0.766068 0.0242089 0.76853
