0 0.540479 0.661158 0.517204 0.68241 0.540479 0.703661 0.573875 0.698601 0.576911 0.673808
0 0.696324 0.612077 0.694301 0.658122 0.713022 0.655086 0.727696 0.637883 0.731744 0.620173 0.711504 0.613595
0 0.73731 0.636365 0.732756 0.65205 0.740852 0.656098 0.750466 0.643954 0.744394 0.637377
0 0.849134 0.698095 0.861278 0.712263 0.864819 0.728961 0.873927 0.729973 0.879493 0.705179 0.867855 0.682916 0.848122 0.682916
0 0.976643 0.838761 0.968042 0.850399 0.981197 0.857989 0.990811 0.849893
0 0.950838 0.974872 0.938188 0.984486 0.94932 0.9941 0.962982 0.985498
0 0.60474 0.782596 0.591584 0.790692 0.599174 0.803848 0.61739 0.803342 0.623968 0.789174
0 0.59209 0.812449 0.58703 0.827123 0.59968 0.833195 0.607776 0.820545
0 0.0592819 0.705685 0.0602939 0.720359 0.0754736 0.727949 0.0876174 0.713275 0.0815455 0.700119
0 0.0233565 0.722889 0.0142487 0.733009 0.0243685 0.744141 0.0415722 0.732503 0.0446082 0.709227
0 0.0597879 0.749707 0.0567519 0.768428 0.0704137 0.771464 0.0800275 0.760838 0.0785096 0.758308 0.0643418 0.746671
0 0.0860994 0.782596 0.0714257 0.787656 0.0678837 0.812449 0.0871114 0.817003 0.0982432 0.799294
0 0.380586 0.920731 0.379068 0.937935 0.391718 0.940465 0.399308 0.925791
0 0.349721 0.975884 0.347191 0.98651 0.359335 0.994606 0.365912 0.988028 0.355793 0.979932
0 0.398802 0.980944 0.392224 0.990558 0.402708 0.998047 0.413476 0.991064
0 0.868361 0.772982 0.860772 0.77956 0.860772 0.791704 0.870891 0.78715
0 0.822822 0.788668 0.817256 0.798282 0.823834 0.807895 0.83193 0.795246
0 0.991317 0.873674 0.978161 0.882782 0.985751 0.893408 0.992835 0.884806
0 0.976643 0.772982 0.95691 0.788162 0.968042 0.799294 0.989799 0.780572 0.984739 0.776018
0 0.940718 0.785632 0.931104 0.793728 0.94173 0.803342 0.950332 0.803342
0 0.649267 0.766404 0.634594 0.780066 0.646737 0.789174 0.650279 0.776524
0 0.0299344 0.793222 0.0172847 0.805366 0.0339824 0.827123 0.0400542 0.819533
0 0.0972312 0.819027 0.0780036 0.824593 0.0866054 0.838761 0.101279 0.842809
0 0.117977 0.878228 0.107351 0.8843 0.114941 0.895938 0.124555 0.890878
0 0.567297 0.766404 0.599174 0.745153 0.61233 0.757802 0.603222 0.773994 0.590066 0.79221
0 0.590066 0.830665 0.575899 0.836231 0.585512 0.846351 0.59462 0.839267
