0 0.78462 0.308482 0.793222 0.32012 0.79474 0.32771 0.78209 0.338336 0.779054 0.349468 0.779054 0.360094 0.79727 0.351998 0.807895 0.343396 0.820039 0.338336 0.820039 0.321132 0.812449 0.317084 0.807389 0.303423 0.79221 0.298869
0 0.887842 0.495193 0.889866 0.523023 0.885818 0.540732 0.889866 0.553888 0.895938 0.560466 0.908082 0.543768 0.913142 0.523529 0.908082 0.500759 0.905046 0.491145
0 0.853688 0.663688 0.848375 0.672796 0.840279 0.682916 0.835219 0.697083 0.834207 0.716817 0.842809 0.730479 0.852423 0.733009 0.855459 0.712769 0.858495 0.706191 0.86659 0.693036 0.87165 0.678362 0.877216 0.67229 0.868108 0.661158
0 0.957163 0.718335 0.940971 0.728961 0.946031 0.739081 0.960705 0.740093 0.974872 0.738069 0.981956 0.730985 0.978414 0.722383 0.963235 0.720359
0 0.998047 0.783102 0.998047 0.770452 0.984739 0.775512 0.985498 0.78462 0.992582 0.798282 0.998047 0.796521
0 0.718588 0.0949543 0.730226 0.109122 0.733768 0.1157 0.726178 0.116206 0.713022 0.107098 0.69936 0.11064 0.709986 0.126326 0.71707 0.134422 0.713528 0.145553 0.713022 0.161745 0.7196 0.164781 0.730732 0.140999 0.731744 0.154661 0.74237 0.157697 0.750972 0.155167 0.756537 0.142011 0.751983 0.12329 0.754007 0.116712 0.746418 0.100014 0.735792 0.100014 0.72719 0.0944483
0 0.771211 0.19514 0.762609 0.20273 0.766657 0.213356 0.773235 0.21285
0 0.758055 0.250293 0.769693 0.266991 0.786391 0.267497 0.797017 0.272051 0.806631 0.285713 0.81422 0.287231 0.81675 0.274581 0.80916 0.255353 0.793981 0.249787 0.777789 0.242198 0.768681 0.236632 0.757549 0.237644 0.753501 0.242704
0 0.752489 0.410693 0.760585 0.405633 0.756031 0.396019 0.748948 0.401079
0 0.776271 0.385899 0.767163 0.394501 0.773235 0.404115 0.780825 0.402091 0.783355 0.385899
0 0.860266 0.461292 0.855206 0.45269 0.861784 0.443582 0.881517 0.44257 0.894673 0.451172 0.900239 0.463822 0.899733 0.472929 0.891131 0.485579 0.887083 0.493675 0.882023 0.505313 0.868867 0.512397 0.860266 0.513915 0.849134 0.508349 0.836484 0.490639 0.838508 0.481531 0.84964 0.483049 0.867855 0.479507 0.878987 0.475459 0.877975 0.46028 0.869879 0.458762 0.869373 0.464834
0 0.867349 0.466858 0.862795 0.471918 0.867855 0.476471 0.874939 0.472929
0 0.84458 0.42739 0.834966 0.431944 0.838002 0.44257 0.845086 0.444088
0 0.781837 0.507337 0.794993 0.502277 0.799041 0.487097 0.803089 0.481531 0.822316 0.480519 0.83446 0.472423 0.833448 0.46281 0.821304 0.458762 0.824846 0.450666 0.818774 0.445606 0.803595 0.443582 0.782343 0.443582 0.760079 0.448642 0.754513 0.459268 0.762103 0.471918 0.788415 0.469894 0.782343 0.475965 0.774753 0.488615 0.774753 0.498229
0 0.778295 0.54225 0.798029 0.527071 0.822316 0.527071 0.830412 0.515939 0.810678 0.495193 0.797017 0.500759 0.789933 0.509361 0.780825 0.512903 0.772729 0.516951 0.772223 0.534154
0 0.81928 0.576658 0.806631 0.585765 0.81422 0.596391 0.823328 0.592343
0 0.795499 0.540732 0.786391 0.54225 0.792463 0.552876 0.799547 0.555406
0 0.84964 0.598921 0.862795 0.597403 0.866337 0.608029 0.874433 0.610559 0.889613 0.604487 0.883035 0.593355 0.873927 0.579694 0.863301 0.577164 0.849134 0.585765
0 0.876963 0.666724 0.888095 0.65711 0.896191 0.642942 0.900745 0.622703 0.891131 0.621185 0.875445 0.644966 0.867855 0.656604 0.871397 0.666218
0 0.84964 0.644966 0.838508 0.652556 0.84711 0.661664 0.855712 0.658122
0 0.884553 0.77197 0.874939 0.77956 0.876457 0.786138 0.882529 0.786644
0 0.992329 0.922249 0.983727 0.929839 0.990305 0.940465 0.998047 0.931986
0 0.982209 0.89948 0.970572 0.903528 0.979679 0.916684 0.988281 0.908082
