0 0.319141 0.0386719 0.314258 0.0425781 0.30625 0.0527344 0.308008 0.0591797 0.312891 0.0576172 0.312109 0.0519531 0.31875 0.0490234 0.32207 0.0490234 0.324609 0.0527344 0.328906 0.05 0.325 0.0455078 0.324219 0.0414062
0 0.385742 0.124609 0.391992 0.120898 0.405273 0.121289 0.426758 0.122266 0.427344 0.133398 0.420898 0.132812 0.417578 0.128516 0.405273 0.128125 0.396289 0.125977 0.39082 0.130859
0 0.430469 0.14082 0.425586 0.145508 0.429688 0.149609 0.435352 0.15332 0.438281 0.15625 0.443945 0.15293 0.443359 0.147461 0.438086 0.147266 0.434961 0.141797
0 0.478125 0.154492 0.479492 0.159375 0.480273 0.168359 0.489063 0.166797 0.485742 0.160547 0.484961 0.151953
0 0.522656 0.106836 0.516602 0.121094 0.514453 0.127539 0.505664 0.139648 0.50957 0.143359 0.511719 0.138867 0.520898 0.133008 0.521484 0.127148 0.528906 0.124219 0.524805 0.119531
0 0.548438 0.101758 0.544727 0.104688 0.55 0.111523 0.554883 0.103516
0 0.5 0.613281 0.5 0.619922 0.507617 0.61875 0.513867 0.612695 0.510156 0.610938
0 0.550391 0.568555 0.550391 0.575586 0.557813 0.575391 0.558008 0.567969
0 0.59707 0.561914 0.597656 0.573047 0.607617 0.570898 0.61582 0.576562 0.620313 0.571484 0.629102 0.571484 0.625781 0.564648 0.637305 0.561719 0.630273 0.555859 0.631836 0.550195 0.626953 0.550781 0.620703 0.547852 0.619141 0.550781 0.611328 0.549805 0.605859 0.558398
0 0.6625 0.560547 0.661914 0.567187 0.669141 0.568164 0.670117 0.561133
0 0.701562 0.572461 0.701562 0.57832 0.697852 0.578516 0.698242 0.582227 0.700977 0.591016 0.709375 0.590234 0.707227 0.583594 0.710742 0.582227 0.708789 0.577344 0.70918 0.571875
0 0.712305 0.670117 0.712891 0.676953 0.720703 0.676758 0.720508 0.668945
0 0.701172 0.799414 0.701367 0.804297 0.704883 0.813672 0.705078 0.819922 0.7125 0.819727 0.712695 0.807031 0.719336 0.808789 0.721094 0.802539 0.713672 0.798438 0.708398 0.8125 0.705859 0.798633
0 0.289648 0.473828 0.290039 0.485547 0.304688 0.485156 0.304297 0.473438
0 0.254688 0.807813 0.255078 0.816602 0.264648 0.816406 0.264453 0.807422
0 0.283203 0.901953 0.28457 0.911719 0.281055 0.916211 0.282031 0.921484 0.289844 0.914648 0.292969 0.908203
0 0.536914 0.952539 0.537109 0.961328 0.546289 0.960547 0.545117 0.952148
0 0.547461 0.991992 0.546505 0.998047 0.554688 0.998047 0.554688 0.992773
0 0.586133 0.0275391 0.586328 0.0367188 0.593555 0.0367188 0.593555 0.0279297
0 0.62168 0.0175781 0.62168 0.0257812 0.628906 0.0253906 0.628906 0.0177734
