0 0.661411 0.0787625 0.664447 0.052957 0.673555 0.0362593 0.678615 0.0195616 0.654833 0.0150077 0.638642 0.0327174 0.635606 0.051945 0.645725 0.0737026
0 0.666471 0.127844 0.674061 0.13088 0.683675 0.125314 0.696324 0.113676 0.688229 0.10052 0.673555 0.10558 0.665459 0.113676 0.657363 0.12329
0 0.718082 0.0944483 0.713528 0.0696547 0.70948 0.055993 0.716564 0.0433432 0.727696 0.055993 0.734274 0.0828105 0.724154 0.10811
0 0.688229 0.0311994 0.679627 0.0392953 0.684687 0.0489091 0.698348 0.0468851 0.700878 0.0377773
0 0.647749 0.126326 0.633582 0.136446 0.640159 0.143023 0.650785 0.13594
0 0.656857 0.0954602 0.644207 0.0995082 0.648255 0.11064 0.655845 0.107604
0 0.709986 0.0691487 0.701384 0.0706667 0.702396 0.0782566 0.710492 0.0797745
0 0.601198 0.0600409 0.614354 0.054475 0.62245 0.0564989 0.627004 0.0661128 0.619414 0.0706667
0 0.60474 0.0433432 0.59715 0.0484031 0.606258 0.0575109 0.609294 0.050933
0 0.586018 0.0468851 0.59462 0.0448612 0.591078 0.0291754 0.571345 0.0281635 0.561225 0.0392953 0.580453 0.0428372
0 0.557177 0.0372713 0.562237 0.0276575 0.562743 0.0236095 0.5253 0.0281635 0.508096 0.0367653 0.498482 0.0463791 0.503036 0.053969 0.51518 0.050933 0.523276 0.0428372 0.534407 0.052957 0.543009 0.053463 0.552117 0.0428372
