2 0.118164 0.0751953 0.118164 0.0830078 0.12207 0.0830078 0.12207 0.0751953
2 0.391602 0.334961 0.391602 0.350586 0.395508 0.350586 0.395508 0.344727 0.397461 0.344727 0.399414 0.34082 0.40332 0.34082 0.40332 0.334961
2 0.357812 0.111914 0.357227 0.126172 0.36543 0.126172 0.36543 0.110547
2 0.35957 0.133984 0.359766 0.146094 0.365039 0.146094 0.365039 0.134375
2 0.794171 0.303654 0.795414 0.315084 0.823742 0.313096 0.821257 0.299678
2 0.881143 0.312848 0.881143 0.325769 0.890337 0.325521 0.889591 0.312351
2 0.63986 0.413983 0.639611 0.425165 0.649054 0.425165 0.649054 0.413486
2 0.610538 0.420444 0.611283 0.433117 0.622465 0.432123 0.620229 0.419698
2 0.763607 0.594386 0.764104 0.604823 0.775038 0.60358 0.773298 0.592647
2 0.938047 0.573762 0.938295 0.584447 0.950223 0.58395 0.949229 0.573016
2 0.919161 0.221652 0.919161 0.232089 0.934568 0.23184 0.934071 0.221155
2 0.838403 0.163009 0.838651 0.172451 0.850578 0.172203 0.850082 0.162263
2 0.837657 0.175185 0.837657 0.184627 0.844863 0.18413 0.844615 0.174936
2 0.775286 0.177173 0.775286 0.187361 0.783735 0.187112 0.783735 0.176924
2 0.525306 0.1645 0.525803 0.174191 0.537979 0.173694 0.537482 0.163754
2 0.454487 0.651042 0.454735 0.661727 0.469396 0.661975 0.469148 0.650048
2 0.187609 0.633399 0.187858 0.641599 0.203016 0.641599 0.202767 0.632902
2 0 0.747455 0.00869712 0.747952 0.00820014 0.734037 0.000248489 0.73354
2 0.171094 0.262891 0.171289 0.28125 0.179492 0.281055 0.179688 0.2625
2 0.0255859 0.27793 0.0251953 0.288086 0.0332031 0.288086 0.0328125 0.277148
2 0.25957 0.0939453 0.259375 0.10293 0.266211 0.10293 0.266016 0.0935547
2 0.278906 0.373633 0.279297 0.386133 0.287891 0.385156 0.287305 0.371484
