0 0.566032 0.988028 0.587789 0.974872 0.594873 0.967283 0.611571 0.955139 0.614607 0.952609 0.627763 0.929839 0.631811 0.919213 0.645472 0.901504 0.660652 0.90707 0.65964 0.922249 0.656098 0.934393 0.653568 0.949573 0.640918 0.963235 0.623715 0.974872 0.598415 0.989546 0.586271 0.9941 0.576405 0.998047
0 0.665712 0.890372 0.683928 0.875698 0.690506 0.860013 0.714287 0.849893 0.730479 0.846351 0.754766 0.846351 0.76185 0.843821 0.784114 0.821051 0.786644 0.814473 0.809919 0.788668 0.835725 0.780066 0.877722 0.76944 0.9096 0.764886 0.923767 0.7745 0.924273 0.79474 0.927815 0.813967 0.934393 0.826111 0.938947 0.828135 0.947549 0.815991 0.951091 0.803342 0.957163 0.788162 0.961211 0.776524 0.97892 0.77956 0.988028 0.793222 0.9941 0.814979 0.998047 0.829012 0.995112 0.849893 0.992582 0.845845 0.985498 0.850399 0.977402 0.851917 0.978414 0.819027 0.974872 0.812449 0.969307 0.828641 0.960199 0.848881 0.955645 0.854953 0.922755 0.842809 0.908082 0.826617 0.903528 0.812449 0.873674 0.808401 0.852929 0.812449 0.832183 0.817003 0.819027 0.821051 0.802836 0.834207 0.78968 0.845845 0.77956 0.854447 0.76185 0.87418 0.738069 0.890878 0.719853 0.883288 0.716311 0.877216 0.710745 0.880252 0.706697 0.888348 0.700119 0.903528 0.685952 0.910106 0.67988 0.906058 0.673808 0.896444
0 0.862695 0.89707 0.852929 0.895432 0.856836 0.907617 0.866797 0.912891 0.873633 0.910156 0.876367 0.889258 0.866797 0.886523
0 0.963741 0.883794 0.960199 0.895432 0.946537 0.914154 0.942995 0.923767 0.949067 0.944513 0.945525 0.952103 0.923261 0.956151 0.919531 0.962695 0.91466 0.970319 0.920225 0.983474 0.932369 0.99157 0.948561 0.974872 0.960199 0.970319 0.970319 0.953621 0.969307 0.936923 0.973355 0.922755 0.987522 0.910612 0.997136 0.899986 0.997642 0.887336 0.975378 0.888854
0 0.963281 0.987305 0.975586 0.986719 0.979297 0.998047 0.963235 0.998047
0 0.795508 0.875781 0.806055 0.86875 0.810352 0.874805 0.798633 0.880078
0 0.910547 0.94668 0.907031 0.951562 0.900391 0.953906 0.904297 0.960547 0.91582 0.955859
0 0.992578 0.965039 1 0.958967 1 0.97207
0 0.88125 0.835547 0.884766 0.851758 0.900781 0.851758 0.908594 0.843945 0.916016 0.84043 0.913086 0.835156 0.90332 0.839258 0.897656 0.843555 0.888281 0.835156
0 0.848242 0.883203 0.847852 0.890039 0.85625 0.89043 0.854492 0.882812
0 0.853516 0.867773 0.853125 0.874609 0.862305 0.875391 0.862109 0.866797
0 0.827539 0.842383 0.827539 0.851172 0.842969 0.851172 0.842383 0.841797
