2 0.485352 0.114258 0.489258 0.114258 0.491211 0.116211 0.491211 0.137695 0.485352 0.139648
2 0.358398 0.395508 0.366211 0.395508 0.368164 0.395508 0.368164 0.399414 0.360352 0.399414
2 0.299805 0.749023 0.301953 0.760938 0.307422 0.760547 0.305664 0.749023
2 0.30957 0.713867 0.308984 0.728516 0.300195 0.728125 0.301758 0.711914
2 0.42832 0.134961 0.426758 0.145313 0.443164 0.14668 0.437305 0.13457
2 0.480469 0.198633 0.473047 0.203516 0.478906 0.212109 0.489063 0.203516
2 0.645508 0.114648 0.644922 0.132031 0.652734 0.13125 0.65293 0.113672
2 0.550195 0.0783203 0.549805 0.09375 0.557227 0.0929688 0.556836 0.0763672
2 0.557227 0.105859 0.557031 0.117773 0.564648 0.116992 0.564453 0.112109 0.567383 0.106445
2 0.562305 0.335547 0.561133 0.343164 0.571289 0.34707 0.573047 0.34082 0.573047 0.34082
2 0.451758 0.704492 0.453125 0.736523 0.460938 0.735547 0.460547 0.70332
2 0.457227 0.790039 0.456445 0.80293 0.465039 0.80332 0.46582 0.791016
2 0.413086 0.691602 0.410156 0.695312 0.416992 0.70293 0.416211 0.710938 0.42207 0.712305 0.422852 0.697656
2 0.413672 0.714648 0.413086 0.721484 0.422656 0.721875 0.421484 0.714453
