2 0.267408 0.00401971 0.260114 0.0218491 0.280375 0.0291429 0.281996 0.00726141
2 0.446512 0.0915456 0.446512 0.104512 0.46191 0.106944 0.465152 0.0907352
2 0.744748 0.0558869 0.743938 0.0729059 0.759336 0.0761476 0.76582 0.0566974
2 0.739886 0.0777684 0.739886 0.0972186 0.754474 0.0964082 0.752853 0.0801997
2 0.602114 0.0972186 0.600493 0.110185 0.616701 0.113427 0.617512 0.0972186
2 0.631289 0.128015 0.625616 0.140982 0.645066 0.143413 0.650739 0.129636
2 0.808772 0.19447 0.799047 0.225266 0.816066 0.228508 0.825791 0.21473 0.819308 0.197711
2 0.733402 0.13774 0.72935 0.152328 0.745559 0.153948 0.74718 0.139361
2 0.802289 0.256062 0.806341 0.273081 0.815255 0.274702 0.820928 0.260114
2 0.82336 0.262545 0.820118 0.279564 0.833085 0.285237 0.839568 0.276323
2 0.806341 0.274702 0.807151 0.284427 0.794995 0.289289 0.790132 0.27146
2 0.696933 0.294962 0.695312 0.30955 0.7099 0.314413 0.712331 0.300635
2 0.630478 0.21473 0.626426 0.228508 0.642635 0.234991 0.65155 0.218782
2 0.735834 0.343588 0.737455 0.358176 0.756094 0.354123 0.752853 0.339536
2 0.646687 0.339536 0.642635 0.355744 0.657223 0.358986 0.663706 0.341967
2 0.0242803 0.193659 0.0234699 0.206626 0.0380576 0.209057 0.0372471 0.19528
2 0.10046 0.216351 0.102081 0.230939 0.11829 0.231749 0.11829 0.217972
2 0.158001 0.248768 0.159621 0.261735 0.17583 0.262545 0.175019 0.245526
2 0.32819 0.258493 0.327379 0.275512 0.342777 0.275512 0.341967 0.260925
2 0.453806 0.346019 0.456237 0.36628 0.472446 0.364659 0.470825 0.34683
2 0.503242 0.360607 0.503242 0.376815 0.524313 0.376005 0.524313 0.358176
2 0.116669 0.319275 0.116669 0.336294 0.128825 0.337915 0.131256 0.323327
2 0.0364367 0.355744 0.0356263 0.36709 0.0510244 0.369522 0.0534557 0.354123
2 0.0299533 0.38492 0.0299533 0.398697 0.0437305 0.399507 0.044541 0.381678
2 0.124773 0.343588 0.119911 0.362228 0.132067 0.365469 0.13774 0.342777
2 0.298204 0.369522 0.294962 0.38573 0.30955 0.38573 0.314413 0.370332
2 0.320086 0.438408 0.320086 0.457047 0.334673 0.454616 0.336294 0.441649
2 0.303877 0.456237 0.300635 0.466773 0.313602 0.469204 0.316844 0.454616
2 0.456237 0.421389 0.451374 0.435166 0.465962 0.437597 0.472446 0.42382
2 0.454616 0.457858 0.457047 0.470825 0.479739 0.474877 0.477308 0.457858
2 0.46191 0.489464 0.457858 0.502431 0.472446 0.502431 0.474066 0.490275
2 0.474066 0.486223 0.472446 0.507294 0.491085 0.504052 0.488654 0.488654
2 0.486223 0.504052 0.486223 0.520261 0.504052 0.520261 0.501621 0.505673
2 0.566455 0.542953 0.566455 0.558351 0.583474 0.559971 0.583474 0.547815
2 0.654791 0.589957 0.656412 0.606166 0.672621 0.602924 0.671 0.588336
2 0.700175 0.515398 0.698554 0.529175 0.712331 0.531607 0.715573 0.517019
2 0.602114 0.405991 0.603734 0.422199 0.61508 0.42382 0.615891 0.410853
2 0.666948 0.551057 0.666948 0.571317 0.681535 0.571317 0.683967 0.555109
2 0.669379 0.628047 0.669379 0.643445 0.685587 0.642635 0.687208 0.625616
2 0.666137 0.700175 0.658033 0.718004 0.669379 0.722867 0.678294 0.703417
2 0.673431 0.713952 0.674241 0.730161 0.688829 0.72935 0.688829 0.714763
2 0.692881 0.644256 0.69126 0.657223 0.705038 0.658033 0.705038 0.642635
2 0.623185 0.716384 0.623185 0.731782 0.639393 0.731782 0.642635 0.717194
2 0.601303 0.864691 0.601303 0.88171 0.615891 0.883331 0.616701 0.867123
2 0.586716 0.894677 0.581043 0.910075 0.597251 0.914127 0.603734 0.894677
2 0.192849 0.606976 0.192849 0.622374 0.213109 0.621564 0.222835 0.602924 0.211489 0.597251
2 0.0429201 0.564024 0.0404888 0.577801 0.0542661 0.580232 0.0583182 0.564834
2 0.15638 0.673431 0.152328 0.687208 0.173399 0.69126 0.17583 0.673431
2 0.102892 0.76744 0.102081 0.78608 0.120721 0.782838 0.116669 0.765009
2 0.0210386 0.76663 0.0210386 0.781218 0.0380576 0.78527 0.0364367 0.76663
2 0.136119 0.773924 0.136929 0.78608 0.154759 0.786891 0.154759 0.774734
2 0.21473 0.756094 0.21392 0.771492 0.230939 0.771492 0.228508 0.752042
2 0.222835 0.697744 0.223645 0.710711 0.236612 0.717194 0.241474 0.699365
2 0.245526 0.681535 0.247147 0.695312 0.262545 0.698554 0.265787 0.684777
2 0.220403 0.648308 0.220403 0.667758 0.234991 0.667758 0.236612 0.65317
2 0.265787 0.640204 0.263356 0.656412 0.277943 0.665327 0.283616 0.641824
2 0.30874 0.61427 0.30874 0.628047 0.327379 0.632099 0.331432 0.61427
2 0.438408 0.542953 0.440839 0.55673 0.457047 0.558351 0.452995 0.541332
2 0.401939 0.642635 0.399507 0.65317 0.415716 0.665327 0.429493 0.649929
2 0.383299 0.659654 0.380867 0.673431 0.395455 0.674241 0.397076 0.658843
2 0.44246 0.597251 0.44246 0.612649 0.460289 0.612649 0.460289 0.59482
2 0.460289 0.63372 0.458668 0.65317 0.472446 0.653981 0.478119 0.634531
2 0.142602 0.84281 0.13855 0.863071 0.153138 0.863881 0.152328 0.845241
2 0.578611 0.656412 0.578611 0.671 0.594009 0.67181 0.594009 0.653981
2 0.567265 0.615891 0.567265 0.63291 0.585905 0.627237 0.585905 0.61346
2 0.51864 0.607787 0.516209 0.621564 0.532417 0.623995 0.534038 0.608597
2 0.485412 0.696123 0.484602 0.713142 0.501621 0.712331 0.50081 0.696123
2 0.513777 0.672621 0.509725 0.684777 0.523502 0.687208 0.528365 0.672621
2 0.482981 0.718004 0.485412 0.734213 0.498379 0.735023 0.498379 0.719625
2 0.446512 0.774734 0.448133 0.791753 0.46272 0.788511 0.46272 0.777165
2 0.301446 0.772303 0.297394 0.78608 0.311171 0.790943 0.315223 0.777165
2 0.225266 0.776355 0.225266 0.789322 0.239043 0.792564 0.240664 0.776355
2 0.260114 0.801478 0.260925 0.816876 0.274702 0.817687 0.275512 0.802289
2 0.155569 0.790943 0.15638 0.807151 0.170967 0.807962 0.170967 0.790132
2 0.192849 0.833085 0.188797 0.850914 0.205816 0.851725 0.206626 0.833085
2 0.172588 0.837947 0.173399 0.850104 0.184745 0.850104 0.183934 0.837137
2 0.38492 0.757715 0.38573 0.773113 0.400318 0.773924 0.400318 0.760957
2 0.61427 0.755284 0.61508 0.771492 0.628858 0.773924 0.63291 0.759336
2 0.127204 0.905213 0.126394 0.923042 0.13855 0.923852 0.140171 0.905213
2 0.162863 0.960322 0.164484 0.97572 0.17583 0.977341 0.17664 0.960322
2 0.136119 0.978961 0.13855 0.99517 0.149896 0.993549 0.150707 0.978151
2 0.202574 0.974099 0.202574 0.987876 0.213109 0.994359 0.215541 0.977341
2 0.605035 0.362413 0.613281 0.361545 0.613281 0.369358 0.605903 0.37066
