2 0.035348 0.314837 0.0362466 0.344792 0.0478516 0.34668 0.0458325 0.315436
2 0.336914 0.875977 0.336914 0.879883 0.338867 0.881836 0.344727 0.881836 0.348633 0.879883 0.348633 0.870117 0.344727 0.870117 0.342773 0.870117 0.34082 0.874023
2 0.663334 0.346463 0.65918 0.353711 0.661523 0.358398 0.66582 0.361523 0.670898 0.358398 0.668945 0.350586
2 0.933008 0.477148 0.933398 0.485742 0.945703 0.485938 0.945312 0.477344
2 0.749023 0.809961 0.748828 0.820117 0.758008 0.819922 0.758203 0.80957
2 0.76543 0.896484 0.76582 0.905273 0.775977 0.904883 0.775195 0.895508
2 0.425195 0.570508 0.425781 0.582812 0.433398 0.581836 0.432422 0.570117
2 0.379492 0.179883 0.379688 0.189062 0.388867 0.189453 0.388867 0.179883
2 0.41543 0.0658203 0.41543 0.0759766 0.423828 0.0763672 0.423633 0.0654297
2 0.503559 0.0524228 0.504158 0.0608105 0.513444 0.06111 0.511946 0.0515242
2 0.063207 0.312141 0.0629074 0.332211 0.073392 0.33281 0.073392 0.310044
2 0.0464317 0.249832 0.0464317 0.262713 0.055718 0.262713 0.0560175 0.249832
2 0.0671012 0.247436 0.0668017 0.263312 0.0763876 0.263612 0.0769867 0.247735
2 0.0578125 0.487305 0.0566406 0.498242 0.0654297 0.498633 0.0669922 0.4875
2 0.015625 0.729102 0.0160156 0.74082 0.0236328 0.740625 0.0238281 0.729883
2 0.636719 0.391797 0.636719 0.400781 0.644727 0.400781 0.644336 0.392188
2 0.566602 0.312695 0.566406 0.321875 0.574414 0.322266 0.574414 0.312891
2 0.254051 0.759383 0.225116 0.741815 0.216849 0.753183 0.24165 0.768684 0.255084 0.774884
2 0.947462 0.233383 0.928861 0.231316 0.927827 0.251984 0.942295 0.249917
