2 0.611318 0.596391 0.600692 0.615113 0.63004 0.617643 0.630546 0.603981
2 0.158456 0.000839945 0.153396 0.0109598 0.165034 0.0180436 0.17313 0.00438188 0.169588 0.000333954
2 0.194381 0.0398012 0.17819 0.0494151 0.193875 0.0656068 0.200453 0.050933
2 0.161492 0.0595349 0.153902 0.0828105 0.1706 0.0929303 0.1706 0.0716787
2 0.562743 0.515433 0.558904 0.535136 0.569827 0.541238 0.580959 0.530612
2 0.422077 0.767416 0.408922 0.786138 0.431691 0.789174 0.433715 0.775512
2 0.25257 0.947549 0.234861 0.968801 0.256112 0.980438 0.26269 0.959693
2 0.898721 0.285207 0.894673 0.290267 0.908841 0.301905 0.912383 0.285713
2 0.123543 0.527071 0.117471 0.542756 0.133157 0.5549 0.138216 0.543768
2 0.239921 0.692024 0.230307 0.705179 0.249534 0.710745 0.245993 0.697589
2 0.26522 0.757802 0.26016 0.778042 0.27787 0.78209 0.281412 0.762356
2 0.13771 0.32265 0.123543 0.340866 0.147324 0.341878 0.143276 0.328216
2 0.0693359 0.425 0.0691406 0.432812 0.0775391 0.433203 0.078125 0.424023
