2 0.266232 0.591837 0.25763 0.600945 0.257124 0.614101 0.27281 0.599933
2 0.0643418 0.574634 0.05574 0.574634 0.0567519 0.586777 0.0673778 0.587789
2 0.399814 0.604487 0.386658 0.606005 0.39526 0.622703 0.401332 0.616631
2 0.592596 0.464834 0.577417 0.468882 0.580959 0.490133 0.593102 0.482543
2 0.540479 0.478495 0.523782 0.483049 0.524794 0.498735 0.539973 0.502783
2 0.494434 0.355034 0.483302 0.35807 0.486338 0.369707 0.495952 0.366671
2 0.503036 0.461292 0.49241 0.463316 0.48988 0.472929 0.49747 0.476977
2 0.0355003 0.90707 0.0466321 0.907576 0.0456201 0.922249 0.0334764 0.921743 0.0319584 0.911118
2 0.307723 0.961717 0.29305 0.961717 0.301146 0.977908 0.310759 0.97892 0.309241 0.966777
2 0.84205 0.885818 0.82687 0.88683 0.828388 0.900492 0.839014 0.900998
2 0.950838 0.722383 0.938694 0.731997 0.947802 0.743129 0.957416 0.738069
2 0.861278 0.546804 0.848122 0.546804 0.847616 0.558442 0.865831 0.56249
2 0.870385 0.590825 0.854194 0.593861 0.852676 0.604487 0.871903 0.604993
2 0.991823 0.667736 0.978161 0.674314 0.984233 0.693036 0.996377 0.689494
2 0.796005 0.214874 0.785379 0.223982 0.788921 0.234608 0.800053 0.226006
2 0.924526 0.0762326 0.913395 0.0777506 0.914407 0.0888824 0.927562 0.0898943
2 0.693795 0.251811 0.686205 0.252823 0.678109 0.259401 0.692277 0.267497
2 0.991823 0.487097 0.979173 0.490133 0.983727 0.496711 0.992329 0.499241
2 0.820798 0.484567 0.80916 0.487603 0.81422 0.497217 0.824846 0.495699
2 0.0515625 0.479883 0.0689453 0.474219 0.0714844 0.482227 0.053125 0.486719
2 0.30625 0.549219 0.305859 0.561328 0.321094 0.561328 0.320703 0.548828
2 0.446484 0.809375 0.441602 0.815039 0.436914 0.815234 0.437109 0.826562 0.444141 0.825977 0.445117 0.816211 0.451953 0.814453
2 0.657813 0.246875 0.657813 0.256836 0.667578 0.256836 0.667383 0.247266
2 0.863335 0.502073 0.864224 0.513863 0.874902 0.512084 0.872233 0.501183
2 0.97723 0.73676 0.977007 0.744768 0.983236 0.744323 0.983903 0.736537
2 0.199539 0.981901 0.199539 0.988575 0.205545 0.98902 0.20599 0.981234
2 0.0204655 0.854659 0.0218003 0.864669 0.0311432 0.864224 0.0311432 0.854437
2 0.377278 0.139477 0.368157 0.147263 0.374386 0.152824 0.383951 0.144371
2 0.409978 0.196647 0.409311 0.206213 0.417319 0.205545 0.417097 0.19598
2 0.786719 0.349414 0.786719 0.358203 0.793945 0.358008 0.793945 0.348828
