2 0.152539 0.206445 0.147656 0.210742 0.151367 0.216602 0.158984 0.211914
2 0.207031 0.224219 0.206445 0.233789 0.215625 0.233398 0.217188 0.227148
2 0.444141 0.179102 0.441016 0.180664 0.436328 0.18125 0.436719 0.188477 0.449219 0.186523
2 0.451562 0.146484 0.450586 0.152344 0.460547 0.152344 0.461133 0.146875
2 0.46543 0.212109 0.464453 0.220312 0.473633 0.220312 0.472266 0.212305
2 0.513086 0.214844 0.512305 0.221289 0.523828 0.220898 0.521875 0.214453
2 0.511523 0.178906 0.510352 0.185547 0.520898 0.185742 0.519727 0.179688
2 0.597461 0.284375 0.595703 0.292383 0.606641 0.292578 0.608008 0.28418
2 0.533008 0.28418 0.531641 0.29043 0.541406 0.29082 0.541016 0.284961
2 0.296289 0.526758 0.295117 0.535352 0.303906 0.536133 0.30332 0.526367
2 0.362695 0.740234 0.361914 0.748047 0.371875 0.747852 0.371484 0.74082
2 0.18418 0.798633 0.183008 0.806836 0.195117 0.806445 0.192578 0.798633
2 0.12207 0.937695 0.120313 0.944531 0.128711 0.944141 0.128516 0.937305
2 0.743945 0.202344 0.744141 0.20918 0.750391 0.20957 0.750586 0.20293
2 0.466797 0.793945 0.466406 0.801367 0.473828 0.802148 0.473242 0.795117
2 0.0359375 0.0197266 0.0351562 0.0273438 0.0447266 0.0271484 0.0443359 0.0203125
2 0.841992 0.373828 0.841406 0.381836 0.848828 0.382617 0.85 0.373828
2 0.791992 0.109766 0.791602 0.122656 0.800195 0.122656 0.798633 0.110156
2 0.535547 0.183008 0.535352 0.189844 0.541211 0.189258 0.54082 0.183984
2 0.353516 0.300977 0.352734 0.306641 0.361719 0.30625 0.35918 0.300195
2 0.392773 0.296484 0.392773 0.302539 0.398828 0.302344 0.397852 0.296289
2 0.377148 0.355078 0.376953 0.361133 0.383984 0.360938 0.383398 0.355664
2 0.330469 0.343164 0.330078 0.349414 0.336523 0.349219 0.335938 0.343359
2 0.204297 0.200586 0.20332 0.206836 0.211523 0.206055 0.208594 0.200586
