2 0.678615 0.682916 0.656857 0.683928 0.657869 0.694048 0.680639 0.699613
2 0.676591 0.24827 0.669507 0.257883 0.678615 0.266485 0.687723 0.258895
2 0.554141 0.24321 0.544527 0.249787 0.552117 0.258389 0.558189 0.254847
2 0.48482 0.0155137 0.475206 0.0236095 0.48482 0.0347413 0.490892 0.0256335
2 0.628016 0.0645948 0.619414 0.0742086 0.627004 0.0817985 0.6351 0.0782566
2 0.909347 0.291279 0.897709 0.296339 0.901251 0.308482 0.908335 0.301905
2 0.597018 0.295735 0.588082 0.303394 0.596167 0.31233 0.600422 0.305522
2 0.407916 0.463342 0.398531 0.475073 0.410848 0.483871 0.418473 0.475073
2 0.284746 0.684462 0.277707 0.693846 0.284746 0.700298 0.294717 0.697952
2 0.958885 0.624801 0.952408 0.631278 0.959881 0.643734 0.962871 0.634766
2 0.971341 0.728436 0.961874 0.735411 0.96885 0.745376 0.973334 0.738401
2 0.95739 0.739397 0.949916 0.741889 0.955397 0.755839 0.959881 0.751355
2 0.714246 0.303432 0.713249 0.316386 0.725207 0.322864 0.725207 0.311902
2 0.587691 0.321369 0.580218 0.329341 0.58819 0.338309 0.594667 0.326351
2 0.958386 0.0284 0.947923 0.0348772 0.955895 0.0448422 0.963369 0.0378667
2 0.69332 0.207769 0.682358 0.211256 0.685846 0.220723 0.707769 0.220723 0.700295 0.211755
