2 0.217485 0.299078 0.199637 0.300098 0.198107 0.317436 0.208306 0.316416 0.214936 0.304178
2 0.104275 0.108355 0.0905067 0.109885 0.0905067 0.119064 0.0996859 0.121614
2 0.49847 0.16955 0.483681 0.17006 0.486741 0.187398 0.494391 0.188418
2 0.72285 0.179239 0.713161 0.179749 0.699392 0.206266 0.707041 0.207796 0.71826 0.200657
2 0.689703 0.196067 0.681034 0.196067 0.682564 0.210856 0.692253 0.205756
2 0.61627 0.299588 0.605051 0.297548 0.599441 0.309277 0.61372 0.311827
2 0.882976 0.216975 0.871757 0.216975 0.870227 0.220035 0.876346 0.228704
2 0.895725 0.465323 0.883996 0.462263 0.876856 0.475522 0.883486 0.481642 0.891645 0.475522
2 0.264401 0.689193 0.247573 0.682564 0.248083 0.699392 0.262871 0.700412
2 0.476032 0.955899 0.458694 0.958959 0.462773 0.966608 0.477052 0.966608
2 0.556095 0.988026 0.547426 0.987516 0.54651 0.998047 0.554565 0.998047
2 0.603521 0.983947 0.589752 0.984967 0.586692 0.994146 0.596381 0.995676
2 0.511219 0.963039 0.50051 0.959469 0.506629 0.972218
2 0.859008 0.918163 0.842179 0.917653 0.845749 0.930401 0.853908 0.928362
2 0.109375 0.764666 0.100196 0.760587 0.0945863 0.771806 0.105295 0.775375
2 0.855948 0.0752081 0.844729 0.0767379 0.850339 0.0889768
2 0.853398 0.133343 0.842179 0.133853 0.841669 0.146092 0.850849 0.144562
