2 0.322266 0.876367 0.321875 0.885742 0.334375 0.885547 0.332422 0.875781
2 0.362891 0.891211 0.3625 0.900781 0.37168 0.901172 0.371094 0.891992
2 0.567773 0.708008 0.566406 0.716211 0.558203 0.717969 0.561133 0.725391 0.574219 0.719727 0.580273 0.708789
2 0.632617 0.676367 0.631445 0.687109 0.640039 0.688281 0.644922 0.698438 0.654297 0.697266 0.650195 0.686719 0.641797 0.678125
2 0.7375 0.339258 0.7375 0.350586 0.747656 0.350195 0.747266 0.34043
2 0.751367 0.398242 0.750391 0.408008 0.760352 0.406836 0.758398 0.397656
2 0.883008 0.516406 0.882227 0.524023 0.891406 0.523828 0.891016 0.517578
2 0.954492 0.476172 0.953906 0.48457 0.962891 0.484375 0.962305 0.475781
2 0.983984 0.540039 0.983203 0.549609 0.993945 0.548828 0.992188 0.539648
2 0.892188 0.637305 0.891602 0.650195 0.902148 0.648438 0.900586 0.637891
2 0.880273 0.660352 0.879492 0.671094 0.887891 0.670703 0.887305 0.661914
2 0.804492 0.760547 0.804688 0.77168 0.814844 0.769922 0.812109 0.759961
2 0.378906 0.747461 0.376172 0.755469 0.385937 0.757031 0.3875 0.749023
2 0.913867 0.267773 0.913867 0.275195 0.922852 0.274805 0.920508 0.266992
2 0.3024 0.415267 0.301183 0.426828 0.310918 0.426828 0.310918 0.415876
2 0.0395493 0.776991 0.0374197 0.790073 0.045938 0.790377 0.0468507 0.777599
2 0.0611492 0.81076 0.0602366 0.820799 0.0696675 0.821712 0.0687549 0.811673
2 0.483203 0.463867 0.482031 0.471289 0.489063 0.471875 0.489453 0.465039
2 0.457031 0.485156 0.455859 0.494922 0.475 0.495508 0.47207 0.486914
