0 0.620426 0.611571 0.653821 0.604993 0.668495 0.608535 0.683675 0.636365 0.697842 0.656604 0.721118 0.656098 0.73984 0.661158 0.74237 0.631811 0.71201 0.630799 0.70442 0.623209 0.692783 0.604993 0.678109 0.586777 0.63763 0.5802 0.62498 0.583741 0.610812 0.592343 0.61739 0.607017
0 0.769693 0.670772 0.788415 0.670772 0.807136 0.666724 0.808654 0.645978 0.780825 0.64699 0.761091 0.65458
0 0.786391 0.679374 0.808654 0.679374 0.818268 0.688482 0.814726 0.702649 0.789933 0.699613 0.784873 0.686964
0 0.915419 0.615619 0.906817 0.629281 0.92149 0.642942 0.937176 0.654074 0.95944 0.65711 0.969054 0.654074 0.998047 0.651282 0.998047 0.638895 0.986257 0.634847 0.974114 0.628269 0.953874 0.628775 0.925032 0.624221
0 0.953368 0.666724 0.943754 0.673808 0.969054 0.684434 0.973102 0.674314
0 0.998047 0.704673 0.985245 0.711251 0.998047 0.725419
0 0.972596 0.719347 0.947802 0.714793 0.933128 0.741611 0.919972 0.745153 0.913395 0.75426 0.900239 0.789174 0.928068 0.801318 0.950838 0.806378 0.965006 0.797776 0.965006 0.77703 0.973608 0.76185 0.975125 0.746671 0.989799 0.76944 0.997895 0.757802 0.993341 0.740093 0.982715 0.718841
0 0.966524 0.845845 0.960958 0.868108 0.970572 0.88177 0.987775 0.87165 0.998047 0.856671 0.984233 0.844833
0 0.842556 0.909094 0.827882 0.90201 0.81675 0.913142 0.813208 0.935405 0.822316 0.956151 0.832942 0.953621 0.832436 0.933887 0.842556 0.925791
0 0.839014 0.936923 0.861784 0.930851 0.873927 0.938441 0.857736 0.956151 0.838508 0.961717
0 0.851664 0.915672 0.850146 0.931357 0.867349 0.926297
0 0.927056 0.939959 0.918455 0.951597 0.92908 0.961211 0.938694 0.950079 0.93414 0.941983
0 0.963488 0.960199 0.953368 0.970825 0.968548 0.979932 0.981197 0.987016 0.988871 0.998047 0.998047 0.993317 0.996377 0.97639 0.978161 0.968801
0 0.647749 0.867096 0.647749 0.877722 0.663435 0.880758 0.663941 0.865578
0 0.654327 0.621691 0.663435 0.621691 0.664447 0.629281 0.657363 0.633835
0 0.651291 0.640918 0.661917 0.640918 0.662423 0.64699 0.652303 0.651038
0 0.908335 0.65205 0.924526 0.661158 0.929586 0.668748 0.927562 0.680892 0.930598 0.693542 0.912889 0.693036 0.904793 0.67988 0.903275 0.658628
0 0.950332 0.960199 0.942236 0.953115 0.93667 0.955645 0.937682 0.965259 0.945778 0.967789
0 0.84458 0.965765 0.858748 0.980944 0.869879 0.993088 0.877672 0.998047 0.882529 0.995112 0.879999 0.984486 0.871903 0.971331 0.858242 0.960705 0.85217 0.956657 0.843568 0.959187
0 0.793475 0.844327 0.800559 0.846857 0.800559 0.856471 0.785885 0.857483 0.783861 0.850905
0 0.854194 0.672796 0.839014 0.676338 0.846098 0.688482 0.852676 0.683928
0 0.988281 0.67988 0.977149 0.686458 0.974619 0.697083 0.986257 0.708721 0.993341 0.705685 0.994859 0.695565
0 0.920984 0.603981 0.912383 0.606005 0.914407 0.615113 0.918455 0.615619
0 0.335553 0.860013 0.347191 0.859001 0.344155 0.870132 0.335553 0.871144
