0 0.0266455 0.331758 0.0241155 0.344408 0.0276575 0.349468 0.0398012 0.35048 0.0468851 0.343902 0.0458731 0.333782
0 0.0625708 0.535672 0.0777506 0.54225 0.0848344 0.534154 0.0797745 0.522011 0.0737026 0.519987 0.0676307 0.525047
0 0.10918 0.529297 0.0994141 0.548633 0.116602 0.561914 0.136719 0.557813 0.136446 0.542756 0.144035 0.542756 0.145553 0.53213 0.132904 0.523529 0.122784 0.523529
0 0.150107 0.568056 0.176925 0.574634 0.182997 0.556418 0.163769 0.549334 0.152637 0.549334 0.150107 0.558442
0 0.188563 0.607017 0.181985 0.617643 0.180973 0.627257 0.191705 0.634894 0.202224 0.636365 0.206272 0.625739 0.205766 0.615113 0.196152 0.606511
0 0.000839945 0.722889 0.0190556 0.723395 0.0251275 0.737563 0.0301874 0.750719 0.0423312 0.76185 0.0494151 0.769946 0.0676307 0.772476 0.0848344 0.779054 0.101026 0.791704 0.0782566 0.805366 0.0468851 0.809413 0.0276575 0.818015 0.0033699 0.815991 0 0.808877
0 0.157697 0.790692 0.175913 0.812955 0.189069 0.815991 0.199694 0.825099 0.21032 0.817003 0.218416 0.807389 0.204754 0.779054 0.186539 0.773994 0.170347 0.776018 0.170347 0.784114
0 0.236126 0.769946 0.233594 0.794531 0.239258 0.798828 0.250293 0.800812 0.259907 0.791704 0.260413 0.781584 0.256365 0.7745 0.244222 0.772476
0 0.210826 0.710239 0.209814 0.722383 0.224994 0.725925 0.227018 0.714287 0.218922 0.706697 0.21538 0.707203
0 0.23309 0.714793 0.242704 0.726937 0.253835 0.727443 0.254341 0.713781 0.24068 0.713781
0 0.223982 0.646484 0.23562 0.667736 0.254847 0.667736 0.251305 0.651544 0.237644 0.634341 0.23056 0.634341 0.227018 0.640412
0 0.270533 0.631811 0.270027 0.650026 0.289255 0.656098 0.308988 0.661158 0.328722 0.655086 0.349974 0.65205 0.362623 0.639401 0.348456 0.626245 0.328722 0.626245 0.306458 0.626245 0.290773 0.626245 0.276605 0.628269
0 0.348456 0.666724 0.348456 0.686964 0.360599 0.703661 0.370213 0.709733 0.377803 0.693036 0.386405 0.677856 0.385393 0.661664 0.368695 0.653568 0.349468 0.660652
0 0.414453 0.741797 0.395313 0.749805 0.388086 0.768555 0.392578 0.781836 0.413223 0.765898 0.429414 0.772982 0.439028 0.768934 0.436498 0.757296 0.425872 0.752236
0 0.490133 0.833195 0.485579 0.847869 0.486591 0.856977 0.505819 0.855965 0.510879 0.848881 0.512903 0.841797 0.506831 0.830665
0 0.306458 0.720865 0.299023 0.728125 0.287109 0.738867 0.285547 0.745508 0.293809 0.75426 0.306964 0.758814 0.319108 0.747177 0.322144 0.729973 0.313542 0.721371
0 0.00976562 0.199219 0.00957031 0.208008 0.00078125 0.214258 0.00136719 0.227539 0.0105469 0.227148 0.0105469 0.218945 0.0216797 0.217969 0.0203125 0.200977
0 0.00488281 0.302539 0.0046875 0.294531 -1.0842e-19 0.294531 0.000195312 0.303516
0 0.139063 0.565234 0.128906 0.571875 0.132812 0.579688 0.144727 0.579297 0.14375 0.567383
0 0.179688 0.541406 0.176172 0.547656 0.181445 0.550781 0.185547 0.547461
0 0.177148 0.584961 0.170898 0.592969 0.180273 0.600391 0.186523 0.596094
0 0.438672 0.695312 0.439453 0.703906 0.448437 0.70293 0.447266 0.694727
0 0.373828 0.716016 0.384961 0.714063 0.385156 0.724805 0.369922 0.725195
0 0.376563 0.751953 0.376953 0.761133 0.386523 0.761328 0.386719 0.750781
0 0.389648 0.806445 0.380469 0.810742 0.373633 0.816602 0.375195 0.821875 0.391016 0.820703 0.401562 0.825391 0.393555 0.829492 0.39043 0.836328 0.402539 0.841211 0.415039 0.833789 0.429102 0.838672 0.444727 0.842773 0.453711 0.852539 0.466211 0.850781 0.477148 0.844141 0.484961 0.832617 0.485938 0.824414 0.471094 0.826172 0.465234 0.814258 0.455664 0.807617 0.445312 0.814063 0.45625 0.81875 0.457617 0.835156 0.447656 0.831055 0.440234 0.821289 0.430078 0.811133 0.424414 0.800586 0.418359 0.802734 0.42207 0.818164 0.418359 0.826953 0.412891 0.815039 0.401758 0.812109
0 0.448047 0.85625 0.447266 0.865625 0.458008 0.86582 0.458203 0.855664
0 0.332227 0.686719 0.320117 0.700195 0.328711 0.707812 0.341016 0.698047 0.340234 0.684375
0 0.25625 0.802734 0.252148 0.817969 0.255859 0.829297 0.267383 0.830273 0.271094 0.81875 0.280078 0.810352 0.275977 0.803125 0.263867 0.809961
0 0.128906 0.805078 0.149805 0.8 0.158594 0.798438 0.169141 0.812695 0.160352 0.817383 0.158203 0.808789 0.140234 0.813086 0.127148 0.812891
0 0.210742 0.783594 0.226758 0.779883 0.226172 0.789453 0.212305 0.790234
0 0.183975 0.64314 0.18449 0.653447 0.194797 0.653447 0.192736 0.64314
