2 0.139734 0.498229 0.129109 0.502277 0.136193 0.517963 0.15542 0.509867
2 0.266232 0.869626 0.257124 0.881264 0.267244 0.888348 0.269774 0.878734
2 0.350733 0.69 0.344661 0.701637 0.353769 0.710239 0.355287 0.699107
2 0.628522 0.609041 0.616884 0.620679 0.629028 0.629281 0.633076 0.619161
2 0.799547 0.791704 0.787909 0.800812 0.797523 0.813461 0.806631 0.809413
2 0.889107 0.706697 0.877975 0.714287 0.886577 0.723395
2 0.549587 0.372237 0.544021 0.383369 0.556165 0.379827
2 0.538455 0.292291 0.528841 0.295833 0.532889 0.305446
2 0.544527 0.0833165 0.540479 0.0990022 0.551105 0.0995082
2 0.26775 0.227524 0.262184 0.23309 0.269268 0.244222 0.274834 0.23815
2 0.316325 0.189575 0.309241 0.195646 0.315313 0.204754 0.319867 0.198176
2 0.864819 0.349468 0.855206 0.354528 0.861278 0.365153
2 0.446094 0.791016 0.446094 0.800586 0.456641 0.799609 0.457227 0.790234
2 0.844336 0.951562 0.834375 0.959961 0.824805 0.96543 0.827734 0.972656 0.843164 0.966016 0.853516 0.953711
2 0.793945 0.68457 0.804492 0.683984 0.808008 0.702734 0.799609 0.704883 0.80332 0.693945 0.79375 0.691602
2 0.671289 0.50625 0.671289 0.514258 0.679883 0.514062 0.680078 0.505664
2 0.916602 0.452539 0.916992 0.4625 0.927148 0.460938 0.925 0.451953
2 0.100586 0.0496094 0.0976562 0.0632812 0.110742 0.0638672 0.111914 0.0484375
2 0.0914062 0.0705078 0.0904297 0.0794922 0.101172 0.0804688 0.102148 0.071875
2 0.130078 0.392578 0.130078 0.401367 0.1375 0.401367 0.138086 0.391992
