2 0.903022 0.00741783 0.888854 0.00994778 0.89189 0.0271515 0.899986 0.0266455
2 0.97892 0.0170317 0.966777 0.0185496 0.971331 0.0367653 0.979426 0.0367653
2 0.962223 0.0236095 0.953115 0.0225976 0.953621 0.0322114 0.959187 0.0352473
2 0.877722 0.0205736 0.861531 0.0225976 0.861531 0.0306934 0.879746 0.0317054
2 0.977402 0.300893 0.963741 0.303423 0.969307 0.316072 0.977908 0.313036
2 0.98904 0.470906 0.972343 0.484061 0.977402 0.491651 0.988028 0.487097 0.993594 0.477989
2 0.967789 0.517457 0.957163 0.519481 0.958175 0.530106 0.967789 0.531118
2 0.97639 0.531118 0.964753 0.5296 0.963741 0.538202 0.974872 0.541238
2 0.982968 0.537696 0.972849 0.543768 0.975884 0.549334 0.98398 0.543768
2 0.982462 0.495193 0.973355 0.494687 0.973355 0.506325 0.981956 0.506325
2 0.938441 0.523023 0.930345 0.523529 0.930851 0.530612 0.937429 0.53466 0.942489 0.528082
2 0.959693 0.593861 0.950079 0.592849 0.947043 0.601957 0.957163 0.605499
2 0.0595349 0.0711727 0.0478971 0.0726907 0.055487 0.0843284 0.0610529 0.0843284
2 0.054981 0.0944483 0.0408132 0.100014 0.0489091 0.108616 0.052451 0.102038
2 0.458256 0.0377773 0.45016 0.0357533 0.44763 0.0428372 0.454208 0.0428372
