2 0.0753371 0.033195 0.0753371 0.0518348 0.0955978 0.0550765 0.0964082 0.0323846
2 0.0891144 0.140171 0.0842518 0.15719 0.102081 0.160432 0.106133 0.140171
2 0.0129344 0.15638 0.012124 0.172588 0.0299533 0.177451 0.0291429 0.151517
2 0.13855 0.224455 0.134498 0.244716 0.15719 0.243095 0.161242 0.225266
2 0.179072 0.299015 0.173399 0.321706 0.196901 0.325759 0.196901 0.296583
2 0.246337 0.311171 0.244716 0.329 0.258493 0.331432 0.259304 0.307119
2 0.388972 0.144223 0.38573 0.167726 0.410043 0.173399 0.412474 0.150707
2 0.343588 0.1191 0.341967 0.13855 0.363849 0.136119 0.363849 0.120721
2 0.316033 0.0566974 0.315223 0.0753371 0.337915 0.0785788 0.338725 0.0558869
2 0.389782 0.175019 0.382488 0.190418 0.401128 0.196091 0.406801 0.178261
2 0.623995 0.0510244 0.623185 0.0672329 0.645066 0.0704746 0.644256 0.0550765
2 0.569697 0.234991 0.569697 0.25201 0.590768 0.257683 0.59563 0.237422
2 0.871175 0.132877 0.872796 0.150707 0.889815 0.155569 0.897919 0.132877
2 0.753663 0.365469 0.754474 0.387351 0.773113 0.388972 0.774734 0.368711
2 0.961942 0.448943 0.960322 0.472446 0.974099 0.478929 0.982203 0.452995
2 0.76663 0.465152 0.769061 0.485412 0.789322 0.482981 0.789322 0.466773
2 0.745559 0.529175 0.738265 0.543763 0.754474 0.559161 0.769872 0.533227
2 0.886573 0.55754 0.884952 0.57537 0.907644 0.578611 0.907644 0.562403
2 0.813635 0.63372 0.807962 0.65155 0.830654 0.658843 0.833085 0.63372
2 0.837947 0.649929 0.837137 0.670189 0.858208 0.669379 0.857398 0.645877
2 0.604545 0.517019 0.603734 0.535659 0.621564 0.539711 0.623995 0.521071
2 0.510536 0.587526 0.507294 0.61346 0.525123 0.61346 0.528365 0.592388
2 0.65317 0.523502 0.65317 0.541332 0.669379 0.545384 0.668568 0.520261
2 0.393024 0.650739 0.390593 0.671 0.407612 0.675862 0.415716 0.657223
2 0.678294 0.743938 0.67181 0.755284 0.692071 0.76663 0.704227 0.76663 0.708279 0.751232
2 0.693692 0.771492 0.694502 0.790132 0.70909 0.790132 0.7099 0.769872
2 0.673431 0.782838 0.673431 0.799047 0.696123 0.803099 0.692881 0.78527
2 0.707469 0.801478 0.707469 0.818497 0.726109 0.82336 0.726919 0.799857
2 0.65155 0.809582 0.645066 0.831464 0.665327 0.833085 0.666137 0.816066
2 0.623995 0.784459 0.624805 0.808772 0.649118 0.807962 0.641824 0.789322
2 0.705038 0.873606 0.705038 0.895488 0.72935 0.896298 0.730971 0.873606
2 0.740696 0.892246 0.740696 0.910886 0.760147 0.914938 0.760147 0.893056
2 0.790943 0.717194 0.790943 0.735834 0.808772 0.737455 0.811203 0.716384
2 0.854966 0.854156 0.851725 0.871175 0.868744 0.871985 0.871175 0.851725
2 0.849293 0.838758 0.841189 0.852535 0.863071 0.854156 0.866312 0.840379
2 0.864691 0.876037 0.86226 0.891435 0.876037 0.893867 0.880089 0.877658
2 0.637772 0.927094 0.637772 0.946544 0.654791 0.945734 0.655602 0.925473
2 0.587526 0.91899 0.586716 0.93844 0.606166 0.940871 0.609407 0.918179
2 0.502431 0.828222 0.493517 0.847672 0.51864 0.852535 0.521881 0.833085
2 0.528365 0.831464 0.528365 0.848483 0.547815 0.850104 0.549436 0.824981
2 0.529175 0.849293 0.529175 0.871985 0.547815 0.872796 0.547815 0.850914
2 0.468393 0.947355 0.474066 0.968426 0.502431 0.964374 0.496758 0.948165
2 0.547815 0.962753 0.528365 0.973288 0.542953 0.99517 0.555919 0.99517 0.559971 0.968426
2 0.572938 0.974909 0.569697 0.990307 0.585905 0.993549 0.592388 0.978151
2 0.415716 0.839568 0.412474 0.854156 0.431114 0.857398 0.438408 0.838758
2 0.287669 0.629668 0.287669 0.647497 0.307929 0.650739 0.304688 0.629668
2 0.977056 0.0414646 0.973689 0.0583019 0.992771 0.0627918 0.997261 0.0414646
