0 0.586777 0.0327174 0.588295 0.0468851 0.598921 0.0489091 0.598415 0.0676307 0.611571 0.0817985 0.622197 0.0959662 0.627257 0.0853404 0.627257 0.0691487 0.622197 0.0575109 0.619667 0.0342353 0.604993 0.0266455
0 0.451678 0.0995082 0.451172 0.112158 0.459268 0.129362 0.482037 0.131892 0.484567 0.12835 0.472929 0.142011 0.463822 0.157191 0.481531 0.163769 0.501771 0.153143 0.516951 0.163769 0.536178 0.152637 0.535672 0.13341 0.515433 0.121772 0.500253 0.10558 0.490639 0.0974842 0.473435 0.0954602 0.454714 0.0909063
0 0.5802 0.525553 0.558442 0.537696 0.558442 0.550852 0.573622 0.573622 0.590825 0.582224 0.605499 0.571598 0.594873 0.548828 0.583741 0.547816 0.600439 0.541744 0.594873 0.527577
0 0.890878 0.546298 0.8843 0.556924 0.882782 0.565526 0.907323 0.571092 0.908588 0.55743
0 0.881517 0.579694 0.864819 0.58273 0.862543 0.592343 0.86406 0.608535 0.877722 0.613089 0.89948 0.608535 0.909094 0.602463 0.910359 0.589813 0.894926 0.587283
0 0.485073 0.284701 0.479001 0.31 0.478748 0.341372 0.461545 0.370213 0.50506 0.388935 0.524794 0.407657 0.540226 0.414741 0.574634 0.426378 0.639906 0.427896 0.645472 0.387923 0.643448 0.366165 0.626245 0.33783 0.565526 0.302917 0.519481 0.281159
0 0.488362 0.391971 0.469894 0.399561 0.463316 0.405633 0.481025 0.426378 0.497217 0.429414 0.522011 0.447124 0.53719 0.453702 0.556418 0.472423 0.57261 0.495193 0.594367 0.518975 0.612583 0.539214 0.636871 0.553382 0.654074 0.5549 0.679374 0.54984 0.694554 0.535166 0.702143 0.503795 0.69 0.468882 0.65458 0.430426 0.632317 0.43245 0.621691 0.447124 0.639401 0.468376 0.661664 0.499747 0.665206 0.514421 0.66217 0.515433 0.632823 0.512903 0.622703 0.494687 0.609041 0.476471 0.605499 0.470906 0.611571 0.463822 0.608535 0.449148 0.59968 0.431438 0.575899 0.426884 0.529094 0.412717 0.51771 0.402597 0.501012 0.398043
0 0.548069 0.000839945 0.530865 0.00286391 0.533395 0.0114658 0.541491 0.0165257 0.547563 0.00640585
0 0.516698 0.00438188 0.5055 0 0.504554 0.0104538 0.51518 0.0170317
0 0.561225 0.167817 0.549081 0.168829 0.546045 0.182491 0.556671 0.187045
0 0.615366 0.0959662 0.603222 0.102544 0.602716 0.112664 0.619414 0.106592
0 0.339601 0.165287 0.328975 0.165287 0.326951 0.171359 0.332011 0.177431
0 0.425619 0.300893 0.407404 0.300893 0.40791 0.31253 0.428655 0.315566 0.431185 0.305446
0 0.321385 0.281159 0.309747 0.285713 0.316325 0.296339 0.325433 0.293809
0 0.514674 0.261425 0.506072 0.260413 0.50253 0.271039 0.514674 0.274581
0 0.552117 0.196658 0.543009 0.187045 0.534913 0.188057 0.533395 0.199694 0.534913 0.212344 0.548069 0.217404 0.559707 0.212344
0 0.986763 0.566032 0.973102 0.564514 0.973102 0.5802 0.981197 0.5802
0 0.357311 0.293809 0.345673 0.288749 0.339601 0.297351 0.348709 0.305952 0.358323 0.311012 0.363888 0.302917
0 0.454461 0.135434 0.445353 0.131386 0.439787 0.138975 0.447377 0.147071 0.453955 0.145047
0 0.549587 0.0423312 0.562743 0.0337294 0.568309 0.0241155 0.568815 0.0165257 0.559201 0.0210796 0.551105 0.0306934 0.543515 0.0387893
