0 0.61233 0.138469 0.597656 0.149095 0.58703 0.162757 0.592596 0.167817 0.636112 0.170853 0.658375 0.165287 0.668495 0.152131 0.649773 0.13594
0 0.679627 0.169841 0.670013 0.190587 0.676591 0.201718 0.694807 0.197164 0.697842 0.179455 0.686711 0.172371
0 0.551105 0.193622 0.565779 0.199694 0.567803 0.208802 0.542503 0.211332 0.529853 0.211332 0.5253 0.199188 0.516698 0.186033 0.506578 0.180467 0.48482 0.186033 0.5 0.20526 0.50506 0.223476 0.513662 0.238656 0.536431 0.248776 0.540479 0.258389 0.563755 0.252317 0.577923 0.24068 0.595632 0.24068 0.60221 0.233596 0.605246 0.227018 0.602716 0.21538 0.587536 0.191093 0.560213 0.175913 0.547057 0.187045
0 0.465593 0.22044 0.450919 0.234102 0.454967 0.249787 0.471159 0.253835 0.478748 0.234608
0 0.444847 0.265473 0.433209 0.282677 0.440799 0.299881 0.459015 0.295833 0.460533 0.270533
0 0.397284 0.333276 0.372996 0.341372 0.352757 0.362117 0.366418 0.385393 0.383116 0.388935 0.388682 0.364141 0.400826 0.357058 0.402344 0.373249 0.420053 0.363129 0.421571 0.343396
0 0.342637 0.468882 0.328469 0.484567 0.343649 0.493675 0.358323 0.484061 0.359841 0.470906
0 0.48229 0.466352 0.463063 0.477483 0.464581 0.486591 0.483808 0.489627 0.498988 0.485579 0.503542 0.475459
0 0.38767 0.527577 0.408922 0.524035 0.419547 0.53466 0.445353 0.538708 0.472676 0.531624 0.474194 0.518975 0.453449 0.510879 0.431185 0.501771 0.410946 0.497217 0.3902 0.499747 0.381598 0.504301 0.378056 0.516445
0 0.359841 0.5549 0.3649 0.573622 0.379574 0.57261 0.381598 0.557936 0.371984 0.545792 0.36237 0.544274
0 0.393742 0.561478 0.392224 0.569574 0.391212 0.586271 0.400826 0.597403 0.414488 0.600439 0.417523 0.58273 0.412464 0.564008 0.40285 0.558442
0 0.401332 0.626245 0.423595 0.629787 0.439787 0.620173 0.463569 0.625233 0.475712 0.619667 0.452943 0.597403 0.430679 0.595885 0.416006 0.608535 0.401332 0.613595
0 0.455979 0.676338 0.454461 0.696071 0.447883 0.709227 0.460533 0.723901 0.481278 0.718841 0.496458 0.709733 0.500506 0.691012 0.48482 0.670772 0.468629 0.665206 0.457497 0.666218
0 0.422583 0.760838 0.401332 0.765392 0.391212 0.791704 0.420559 0.79727 0.433209 0.796764 0.448895 0.814979 0.459521 0.827629 0.475206 0.832689 0.486338 0.823075 0.481278 0.807389 0.485832 0.784114 0.476218 0.765898 0.450413 0.757802 0.450413 0.748695 0.439281 0.743635 0.429667 0.750719 0.428149 0.755272
0 0.51012 0.840279 0.503542 0.853435 0.494434 0.86659 0.511638 0.874686 0.52783 0.857989 0.529853 0.838761 0.51518 0.838255
0 0.599174 0.903022 0.598162 0.914154 0.608282 0.920731 0.617896 0.918202 0.613342 0.906058
0 0.648255 0.915166 0.652303 0.933381 0.661917 0.947043 0.668495 0.954127 0.697336 0.959693 0.70695 0.947549 0.691265 0.937429 0.680639 0.933381 0.674061 0.914154
0 0.721118 0.969307 0.745912 0.964753 0.765645 0.949067 0.772729 0.932369 0.784873 0.920225 0.785885 0.88936 0.761597 0.89948 0.741864 0.905552 0.72972 0.927815 0.715046 0.945019 0.70948 0.952103 0.705938 0.959693
0 0.792463 0.921743 0.785379 0.933381 0.791957 0.943501 0.806631 0.940465 0.805619 0.927815
0 0.886071 0.948055 0.912889 0.957163 0.925032 0.954633 0.923514 0.941983 0.894167 0.933381 0.884553 0.939453
0 0.930092 0.962223 0.94173 0.973861 0.959946 0.97892 0.979679 0.975378 0.980185 0.959187 0.966524 0.945525 0.944766 0.939959 0.92655 0.950079
0 0.875951 0.899986 0.869373 0.926803 0.885565 0.930345 0.889613 0.913648 0.889613 0.902516
0 0.629028 0.903022 0.616378 0.903528 0.618402 0.916178 0.629534 0.917696
0 0.660905 0.893408 0.639653 0.895938 0.646231 0.904034 0.660905 0.90454
0 0.640159 0.19767 0.620932 0.201212 0.624474 0.226512 0.633582 0.229042
0 0.613848 0.209814 0.605246 0.211838 0.606258 0.223982 0.611824 0.224488
0 0.608282 0.669254 0.593102 0.669254 0.596644 0.681904
0 0.779813 0.880758 0.768175 0.88936 0.779307 0.893408
0 0.895685 0.872662 0.879493 0.877722 0.889107 0.890878
0 0.860266 0.897456 0.855712 0.90201 0.859254 0.910106 0.864819 0.9096
0 0.83699 0.958681 0.825352 0.958681 0.828894 0.972343 0.836484 0.971331
0 0.523782 0.795752 0.508096 0.798282 0.514168 0.819027 0.520746 0.819027
0 0.59715 0.793728 0.586524 0.796764 0.593608 0.807895 0.598668 0.806884
0 0.482796 0.648508 0.466605 0.64952 0.475712 0.661158
