2 0.566535 0.15874 0.569039 0.177341 0.579413 0.179845 0.581917 0.170902 0.586925 0.16804 0.592648 0.168398 0.593364 0.156593 0.586209 0.151585 0.577266 0.154805
2 0.490342 0.287517 0.498927 0.282509 0.507154 0.281078 0.513951 0.285729 0.510374 0.295387 0.494992 0.298249
2 0.506836 0.301758 0.512162 0.3122 0.502504 0.317208 0.497496 0.310053 0.497138 0.300753
2 0.835978 0.411705 0.840026 0.424354 0.853182 0.42992 0.860266 0.4198 0.84711 0.409681
2 0.588042 0.211838 0.574887 0.206272 0.573875 0.21538 0.588548 0.217404
2 0.535419 0.258389 0.516192 0.271545 0.526312 0.281665 0.536431 0.273569
2 0.663435 0.186539 0.656857 0.188563 0.655339 0.196152 0.664447 0.198176
2 0.842556 0.214874 0.824846 0.217404 0.831424 0.22803 0.845086 0.224488 0.846604 0.218416
2 0.885565 0.246752 0.879999 0.250293 0.879999 0.259907 0.888095 0.260919
2 0.996377 0.117724 0.979173 0.121266 0.984233 0.132904 0.995871 0.13088
2 0.0658598 0.619161 0.0582699 0.625739 0.0628238 0.637377 0.0668718 0.631305
2 0.838002 0.121266 0.828894 0.124808 0.827882 0.144541 0.836484 0.145553 0.839014 0.129868
2 0.306711 0.818521 0.293556 0.824593 0.308735 0.838761 0.312277 0.832183
2 0.1453 0.477989 0.136193 0.479001 0.139734 0.491145 0.148336 0.488109
2 0.678615 0.355034 0.661917 0.357564 0.671025 0.375273 0.679121 0.375779
2 0.595632 0.334288 0.582983 0.33783 0.585006 0.34795 0.599174 0.347444
2 0.356805 0.954633 0.342637 0.962729 0.344661 0.970825 0.355287 0.973355 0.360852 0.966271
2 0.981197 0.344408 0.969054 0.344914 0.972596 0.359082 0.983221 0.353516
2 0.955898 0.3353 0.949826 0.334794 0.945778 0.343396 0.957922 0.34542
2 0.169082 0.259401 0.162504 0.261425 0.161998 0.268509 0.166046 0.270533
2 0.16301 0.274581 0.155926 0.275087 0.154914 0.282171 0.162504 0.284701
2 0.183756 0.242704 0.176672 0.252823 0.185274 0.258389 0.189322 0.252317
