0 0.627257 0.051945 0.638895 0.0620648 0.648508 0.063978 0.653083 0.0727759 0.643954 0.0828105 0.632823 0.0807865 0.615113 0.0742086 0.617539 0.0625704 0.62317 0.0583474
0 0.553382 0.159215 0.550346 0.178949 0.553382 0.191093 0.56755 0.187551 0.566032 0.174901 0.564008 0.166805
0 0.563502 0.196658 0.566538 0.21032 0.55996 0.216898 0.55743 0.227524 0.535166 0.22803 0.530612 0.236632 0.540226 0.253835 0.548828 0.255859 0.545286 0.273063 0.564008 0.283689 0.579694 0.289761 0.588295 0.292291 0.592343 0.305952 0.603981 0.310506 0.609041 0.319108 0.617643 0.33024 0.611571 0.339348 0.603981 0.34795 0.607523 0.367177 0.619922 0.376953 0.630293 0.362623 0.645978 0.35554 0.65964 0.351998 0.65205 0.336818 0.64699 0.32518 0.64952 0.298363 0.631811 0.295327 0.633329 0.279135 0.619667 0.279135 0.610053 0.276605 0.594873 0.263955 0.58273 0.262943 0.569068 0.247258 0.573116 0.234608 0.5802 0.218416 0.582224 0.212344 0.587283 0.202224 0.589813 0.188057 0.579188 0.185527
0 0.68494 0.0878704 0.68494 0.106592 0.693542 0.11317 0.708215 0.110134 0.710745 0.0929303 0.697083 0.0914123
0 0.8843 0.129362 0.876204 0.145047 0.890372 0.148589 0.912092 0.141399 0.908573 0.127675
0 0.60918 0.113867 0.604297 0.126172 0.616211 0.125781 0.617578 0.118164
0 0.625 0.142773 0.624805 0.150977 0.636914 0.15293 0.637305 0.146094
0 0.58457 0.224609 0.577734 0.234961 0.593164 0.239453 0.592383 0.231445
0 0.642773 0.361328 0.642773 0.369336 0.651953 0.36875 0.651367 0.359961
0 0.6875 0.392969 0.690039 0.408594 0.696094 0.407227 0.692383 0.391016
0 0.753906 0.411133 0.753125 0.419922 0.759375 0.420312 0.760352 0.410938
0 0.652731 0.0164696 0.652379 0.0259713 0.661881 0.0259713 0.662233 0.0178773
0 0.864231 0.0921312 0.864231 0.101281 0.875845 0.101633 0.875845 0.0924831
0 0.964879 0.0403998 0.965583 0.051661 0.976844 0.0509572 0.981419 0.0594032 0.995847 0.0576436 0.999455 0.0408103 0.999455 0.0221002 0.985642 0.0337134 0.964527 0.0323057
0 0.939447 0.018862 0.939751 0.0273803 0.946444 0.0273803 0.946444 0.0191662
