2 0.34707 0.181055 0.341211 0.190039 0.342969 0.200195 0.354492 0.197266 0.360938 0.1875 0.355273 0.184375
2 0.400977 0.170703 0.399805 0.17793 0.409961 0.17793 0.407813 0.171484
2 0.616797 0.348242 0.616211 0.355664 0.623828 0.355469 0.622656 0.349023
2 0.870898 0.422461 0.866016 0.436914 0.878516 0.438477 0.878711 0.423438
2 0.938086 0.342578 0.936328 0.352539 0.949219 0.354687 0.945312 0.342187
2 0.980273 0.244141 0.979102 0.254883 0.987695 0.255078 0.987695 0.24668
2 0.588477 0.833984 0.586914 0.841602 0.595508 0.841602 0.595117 0.834375
2 0.595508 0.810547 0.594531 0.81875 0.603906 0.81875 0.603711 0.810547
2 0.624805 0.824609 0.624805 0.833984 0.633398 0.831836 0.63125 0.826367
2 0.814844 0.866211 0.814453 0.877344 0.823438 0.876953 0.822852 0.866406
2 0.919922 0.933594 0.919141 0.94375 0.927734 0.943945 0.926758 0.93418
