2 0.364366 0.202148 0.361111 0.215169 0.374132 0.21951 0.380642 0.206489
2 0.320964 0.31174 0.322049 0.328016 0.333984 0.329102 0.338325 0.313911
2 0.233073 0.376845 0.231988 0.390951 0.247179 0.390951 0.246094 0.37793
2 0.0670573 0.53852 0.0648872 0.554796 0.0789931 0.554796 0.0811632 0.54069
2 0.10395 0.584093 0.10395 0.600369 0.119141 0.600369 0.118056 0.585178
2 0.58572 0.272678 0.58572 0.290039 0.601997 0.288954 0.601997 0.274848
2 0.41428 0.445204 0.432726 0.46365 0.444661 0.452799 0.4273 0.435438
2 0.354601 0.523329 0.354601 0.537435 0.367622 0.537435 0.368707 0.523329
2 0.815755 0.727322 0.81684 0.741428 0.832031 0.743598 0.833116 0.730577
2 0.754991 0.898763 0.752821 0.910699 0.769097 0.913954 0.770182 0.898763
2 0.851562 0.968207 0.852648 0.981228 0.865668 0.982313 0.865668 0.967122
2 0.608507 0.917209 0.610677 0.9324 0.633464 0.933485 0.634549 0.912869
2 0.634549 0.916124 0.633464 0.93457 0.64974 0.935655 0.650825 0.919379
2 0.623698 0.955187 0.623698 0.968207 0.638889 0.969293 0.637804 0.956272
2 0.358941 0.852105 0.358941 0.868381 0.373047 0.871636 0.373047 0.858615
2 0.377387 0.881402 0.377387 0.896593 0.387153 0.897678 0.388238 0.882487
2 0.380642 0.904188 0.380642 0.919379 0.391493 0.920464 0.392578 0.904188
2 0.361111 0.954102 0.361111 0.969293 0.377387 0.970378 0.376302 0.953016
2 0.201606 0.931315 0.200521 0.946506 0.218967 0.948676 0.217882 0.933485
2 0.171224 0.899848 0.172309 0.913954 0.1875 0.916124 0.1875 0.900933
2 0.107205 0.954102 0.107205 0.972548 0.125651 0.971463 0.122396 0.956272
2 0.0453559 0.864041 0.0431858 0.884657 0.0583767 0.885742 0.0594618 0.867296
2 0.0410156 0.797852 0.0453559 0.816298 0.0594618 0.811957 0.0562066 0.796766
2 0.0713976 0.758789 0.0692274 0.77832 0.0844184 0.779405 0.0844184 0.758789
2 0.0887587 0.768555 0.0876736 0.787001 0.105035 0.788086 0.102865 0.77181
2 0.115885 0.768555 0.11263 0.782661 0.126736 0.789171 0.131076 0.77398
2 0.175564 0.803277 0.174479 0.821723 0.192925 0.820638 0.190755 0.804362
2 0.261285 0.792426 0.261285 0.805447 0.276476 0.807617 0.277561 0.792426
2 0.314453 0.870551 0.314453 0.886827 0.329644 0.885742 0.330729 0.868381
2 0.00195312 0.721897 0.000868056 0.740343 0.0182292 0.737088 0.0193142 0.720812
2 0.0193142 0.652452 0.0214844 0.669813 0.0334201 0.670898 0.0345052 0.652452
2 0.122396 0.654622 0.123481 0.671984 0.137587 0.668728 0.135417 0.650282
2 0.109375 0.69043 0.111545 0.702365 0.125651 0.705621 0.125651 0.69043
2 0.247179 0.658963 0.248264 0.676324 0.261285 0.677409 0.26237 0.664388
2 0.18099 0.687174 0.18099 0.70128 0.195095 0.70128 0.196181 0.687174
2 0.622136 0.713212 0.62161 0.723741 0.633464 0.726237 0.632139 0.712685
2 0.693142 0.717556 0.693142 0.747938 0.709418 0.745768 0.707248 0.713216
2 0.680122 0.61122 0.667101 0.61122 0.669271 0.629666 0.681207 0.628581
2 0.8852 0.829319 0.8852 0.847765 0.901476 0.847765 0.902561 0.831489
2 0.612847 0.556966 0.611762 0.573242 0.624783 0.574327 0.624783 0.558051
2 0.622663 0.726373 0.632665 0.72532 0.62898 0.737955 0.621083 0.737428
2 0.281901 0.797852 0.284071 0.815213 0.293837 0.817383 0.296007 0.801107
2 0.201606 0.983398 0.204861 0.997504 0.220052 0.996419 0.214627 0.984484
2 0.00195312 0.452799 0.00195312 0.469076 0.016059 0.469076 0.0171441 0.453885
2 0.113384 0.559281 0.113957 0.571882 0.125699 0.571595 0.124267 0.56014
2 0.838503 0.994244 0.838503 1 0.847954 1 0.84824 0.993957
