0 0.112917 0.0448612 0.105327 0.0701607 0.127591 0.0696547 0.137205 0.053969 0.137205 0.0382833
0 0.0127307 0.289761 0.0122247 0.294821 0.0172847 0.297351 0.0324644 0.30747 0.0430902 0.294821 0.0375243 0.283689 0.0117187 0.282677
0 0.107351 0.131892 0.129109 0.120254 0.144288 0.116206 0.15795 0.0984962 0.168576 0.0858464 0.166552 0.0661128 0.16048 0.0443552 0.172118 0.0317054 0.189828 0.054475 0.195899 0.0802805 0.179202 0.10052 0.173636 0.112664 0.164022 0.131386 0.146818 0.139987 0.133157 0.144541 0.105327 0.144035
0 0.303676 0.12076 0.325939 0.135434 0.338083 0.147071 0.356299 0.143529 0.356805 0.122278 0.363382 0.10811 0.36237 0.0893884 0.346405 0.0784663 0.329339 0.0864305 0.320373 0.10052 0.307723 0.111652
0 0.323488 0.00362425 0.319832 0.0140688 0.33341 0.0234688 0.342288 0.0370467 0.360852 0.0342353 0.355287 0.0150077
0 0.291532 0.000839945 0.305193 0.0139957 0.320373 0.00438188 0.325631 0
0 0.434727 0.0640888 0.414994 0.0797745 0.408416 0.0919183 0.395766 0.105074 0.38261 0.112664 0.384634 0.127338 0.373502 0.153649 0.373502 0.167817 0.381598 0.173383 0.380586 0.179455 0.369454 0.190081 0.368948 0.204248 0.365406 0.212344 0.368442 0.22297 0.384634 0.226006 0.400826 0.21791 0.409428 0.208296 0.423089 0.206778 0.443329 0.201718 0.458509 0.194128 0.477736 0.184515 0.463569 0.162757 0.441305 0.161239 0.429667 0.157191 0.413982 0.154155 0.408416 0.156179 0.404368 0.144541 0.41044 0.134422 0.423595 0.129868 0.445353 0.117218 0.458509 0.107098 0.476724 0.107098 0.488868 0.0878704 0.5 0.0716787 0.496458 0.0610529 0.472676 0.0590289 0.452943 0.0590289
0 0.343143 0.163769 0.343143 0.178443 0.350227 0.181479 0.360852 0.171359 0.359335 0.160227
0 0.337577 0.190587 0.319867 0.194634 0.307217 0.212344 0.297098 0.230054 0.296086 0.247764 0.304688 0.257377 0.335047 0.243716 0.354748 0.242301 0.361358 0.226512 0.353769 0.21032 0.344155 0.200706
0 0.49747 0.00994778 0.484314 0.0124777 0.492916 0.0231035 0.498988 0.0205736
0 0.232331 0.0170317 0.224235 0.0124777 0.220187 0.0190556 0.225247 0.0246215
0 0.138216 0.151119 0.156938 0.153649 0.146818 0.168323
0 0.0876174 0.136446 0.0992552 0.138469 0.0957132 0.146059
0 0.0361802 0.20286 0.0528671 0.201722 0.0505916 0.21272 0.03125 0.211203
0 0.0464199 0.17745 0.0577973 0.17745 0.0589351 0.189965 0.0483161 0.186552
0 0.000530947 0.213858 0.00849515 0.215375 0.0141839 0.228648 0.00318568 0.230545 4.33681e-19 0.230332
0 0.0460407 0.261643 0.0593143 0.26316 0.0570388 0.271503 0.0460407 0.26809 0.0464199 0.265815
0 0.0430067 0.274537 0.0536256 0.275675 0.0502124 0.284398 0.0403519 0.280226
0 0.0486954 0.322702 0.0623483 0.321943 0.0589351 0.331424
0 0.0380765 0.304877 0.0467992 0.302981 0.0513501 0.310187 0.0376972 0.311704
0 0.394569 0.226752 0.407084 0.226752 0.404809 0.239267 0.392294 0.235475
0 0.357403 0.0522982 0.371435 0.05647 0.36385 0.0617794 0.357782 0.0591247
0 0.351714 0.0606417 0.347163 0.0644342 0.352852 0.0686059 0.35892 0.0678474
